# Slice: URLLC | 112.217.128.200:322 -> 10.215.173.1:42698 (TCP)
# offset_sec  packet_size_bytes
0.000000 64
0.007614 64
0.046681 64
0.081803 64
0.112349 64
0.112998 64
0.136856 64
0.334987 64
0.389369 64
0.428396 64
0.465365 64
0.504391 64
1.102282 64
2.122687 64
4.114043 64
6.115531 64
8.114096 64
10.114715 64
12.115002 64
14.115760 64
16.116178 64
18.116436 64
20.117015 64
22.117955 64
24.119296 64
26.119057 64
28.124930 64
30.120819 64
32.121326 64
34.121373 64
36.121425 64
38.122077 64
40.123612 64
42.122424 64
44.123351 64
46.123452 64
48.123878 64
50.124002 64
52.124375 64
54.124478 64
56.124900 64
58.128327 64
60.126419 64
62.127238 64
64.129037 64
66.128951 64
68.129810 64
70.130111 64
72.130959 64
74.131474 64
76.132076 64
78.133018 64
80.133782 64
82.133912 64
84.135154 64
86.135971 64
88.135750 64
90.136488 64
92.137645 64
94.138091 64
96.138331 64
98.140413 64
100.139715 64
102.140176 64
104.141308 64
106.141891 64
108.143352 64
110.146313 64
112.147260 64
114.147104 64
116.154872 64
118.148863 64
120.149598 64
122.150435 64
124.150662 64
126.151560 64
128.151755 64
130.152721 64
132.153391 64
134.153381 64
136.155061 64
138.155579 64
140.156775 64
142.157781 64
144.159769 64
146.160467 64
148.160713 64
150.161617 64
152.165400 64
154.165859 64
156.167283 64
158.170231 64
160.167632 64
162.171200 64
164.170977 64
166.171663 64
168.172133 64
170.172477 64
172.174275 64
174.173693 64
176.174272 64
178.175409 64
180.175807 64
182.175976 64
184.177043 64
186.178152 64
188.178654 64
190.182183 64
192.182342 64
194.183792 64
196.183970 64
198.184458 64
200.185084 64
202.186085 64
204.188262 64
206.187718 64
208.188071 64
210.188666 64
212.188954 64
214.190555 64
216.191747 64
218.191140 64
220.192287 64
222.193293 64
224.193571 64
226.194387 64
228.195981 64
230.196408 64
232.197192 64
234.199258 64
236.198783 64
238.199995 64
240.200557 64
242.201042 64
244.201364 64
246.202102 64
248.203486 64
250.205382 64
252.207936 64
254.208861 64
256.208617 64
258.208513 64
260.209026 64
262.210663 64
264.210140 64
266.211281 64
268.211456 64
270.212057 64
272.212458 64
274.213633 64
276.214773 64
278.218171 64
280.220710 64
282.223107 64
284.222072 64
286.223502 64
288.224200 64
290.224221 64
292.226172 64
294.226780 64
296.227625 64
298.227967 64
300.228851 64
302.231274 64
304.231667 64
306.233213 64
308.233500 64
310.234150 64
312.235223 64
314.235386 64
316.236180 64
318.238383 64
320.237404 64
322.239262 64
324.238504 64
326.240162 64
328.246216 64
330.246048 64
332.247155 64
334.253935 64
336.248983 64
338.253565 64
340.253560 64
342.254365 64
344.254638 64
346.266501 64
348.258913 64
350.256449 64
352.257197 64
354.258394 64
356.258871 64
358.260497 64
360.261061 64
362.261069 64
364.262762 64
366.261757 64
368.262469 64
370.264107 64
372.264971 64
374.263920 64
376.264073 64
378.265602 64
380.265998 64
382.266773 64
384.268119 64
386.267532 64
388.268294 64
390.270936 64
392.270856 64
394.271236 64
396.271647 64
398.273332 64
400.274646 64
402.273426 64
404.274656 64
406.274879 64
408.276362 64
410.276763 64
412.277203 64
414.279270 64
416.278703 64
418.279788 64
420.280861 64
422.281667 64
424.283162 64
426.283065 64
428.283855 64
430.287957 64
432.284534 64
434.284594 64
436.285102 64
438.285156 64
440.285419 64
442.285606 64
444.288491 64
446.286514 64
448.286788 64
450.287733 64
452.288072 64
454.288761 64
456.289395 64
458.289246 64
460.290153 64
462.290165 64
464.290429 64
466.291962 64
468.291822 64
470.292229 64
472.292361 64
474.293367 64
476.293336 64
478.293509 64
480.294221 64
482.295089 64
484.295600 64
486.296563 64
488.297040 64
490.298783 64
492.298702 64
494.299256 64
496.299579 64
498.300135 64
500.302089 64
502.304192 64
504.304693 64
506.305177 64
508.305854 64
510.306060 64
512.306347 64
514.306660 64
516.307044 64
518.307726 64
520.308817 64
522.309586 64
524.310155 64
526.310446 64
528.311815 64
530.312062 64
532.313394 64
534.315177 64
536.315012 64
538.315460 64
540.316016 64
542.318275 64
544.317361 64
546.318830 64
548.319501 64
550.322221 64
552.324143 64
554.324274 64
556.325988 64
558.324486 64
560.324580 64
562.324839 64
564.325002 64
566.326180 64
568.326515 64
570.327242 64
572.332160 64
574.331516 64
576.332185 64
578.332777 64
580.332911 64
582.333032 64
584.333299 64
586.333728 64
588.334596 64
590.334863 64
592.335158 64
594.335903 64
596.337062 64
598.339151 64
600.341158 64
602.340295 64
604.343325 64
606.341579 64
608.341952 64
610.343557 64
612.345408 64
614.343998 64
616.344271 64
618.345318 64
620.346121 64
622.346329 64
624.347351 64
626.347989 64
628.347611 64
630.349395 64
632.348923 64
634.349343 64
636.349953 64
638.350355 64
640.350852 64
642.351378 64
644.351776 64
646.353240 64
648.353002 64
650.353590 64
652.354029 64
654.354503 64
656.354858 64
658.355461 64
660.355760 64
662.356645 64
664.356662 64
666.357812 64
668.358374 64
670.358598 64
672.359821 64
674.359483 64
676.359902 64
678.362001 64
680.361014 64
682.361204 64
684.361472 64
686.361805 64
688.362000 64
690.362536 64
692.363346 64
694.363232 64
696.364462 64
698.364083 64
700.364634 64
702.366165 64
704.365629 64
706.368726 64
708.368147 64
710.368496 64
712.368469 64
714.369299 64
716.369427 64
718.373028 64
720.374260 64
722.375190 64
724.375082 64
726.375276 64
728.375671 64
730.376112 64
732.378545 64
734.377997 64
736.378567 64
738.378789 64
740.379238 64
742.379967 64
744.381011 64
746.381357 64
748.381532 64
750.382165 64
752.384602 64
754.383674 64
756.384756 64
758.387109 64
760.389854 64
762.389278 64
764.389333 64
766.389556 64
768.390438 64
770.390787 64
772.390709 64
774.391054 64
776.391171 64
778.391949 64
780.393080 64
782.393784 64
784.393725 64
786.393992 64
788.394544 64
790.394735 64
792.396235 64
794.395424 64
796.396194 64
798.396666 64
800.397492 64
802.398328 64
804.398598 64
806.399365 64
808.399889 64
810.400869 64
812.400380 64
814.400840 64
816.401614 64
818.402029 64
820.402061 64
822.402708 64
824.403004 64
826.403543 64
828.405226 64
830.406326 64
832.406354 64
834.406801 64
836.408872 64
838.408496 64
840.409237 64
842.411122 64
844.410998 64
846.411466 64
848.411789 64
850.412849 64
852.412842 64
854.414085 64
856.414321 64
858.414406 64
860.414930 64
862.415599 64
864.415725 64
866.416556 64
868.416853 64
870.419536 64
872.417758 64
874.418390 64
876.420571 64
878.424275 64
880.422008 64
882.430692 64
884.423323 64
886.425864 64
888.424612 64
890.425345 64
892.427941 64
894.433704 64
896.429179 64
898.430059 64
900.430550 64
902.431655 64
904.431873 64
906.431889 64
908.438350 64
910.432531 64
912.432685 64
914.432858 64
916.434194 64
918.433639 64
920.433882 64
922.434611 64
924.434678 64
926.435024 64
928.435426 64
930.436128 64
932.436217 64
934.436484 64
936.439108 64
938.437545 64
940.437831 64
942.438056 64
944.438259 64
946.438713 64
948.440709 64
950.440753 64
952.440590 64
954.441165 64
956.441637 64
958.441850 64
960.442548 64
962.443729 64
964.445580 64
966.446233 64
968.449027 64
970.449614 64
972.449471 64
974.450483 64
976.451008 64
978.451190 64
980.451794 64
982.452038 64
984.452251 64
986.452482 64
988.452743 64
990.454850 64
992.455028 64
994.455609 64
996.455922 64
998.456191 64
1000.456334 64
1002.457102 64
1004.457713 64
1006.458425 64
1008.458780 64
1010.460960 64
1012.461086 64
1014.461974 64
1016.462279 64
1018.462855 64
1020.463693 64
1022.465707 64
1024.465267 64
1026.466612 64
1028.466701 64
1030.467214 64
1032.467848 64
1034.468236 64
1036.469890 64
1038.470225 64
1040.471452 64
1042.471441 64
1044.471593 64
1046.471782 64
1048.472364 64
1050.472573 64
1052.473791 64
1054.473983 64
1056.474378 64
1058.474946 64
1060.475696 64
1062.476466 64
1064.476625 64
1066.477355 64
1068.479826 64
1070.480186 64
1072.481614 64
1074.481922 64
1076.482035 64
1078.483329 64
1080.483679 64
1082.484084 64
1084.484706 64
1086.485803 64
1088.486125 64
1090.491442 64
1092.487059 64
1094.487298 64
1096.487490 64
1098.489163 64
1100.489594 64
1102.489811 64
1104.495320 64
1106.490703 64
1108.491079 64
1110.501070 64
1112.494570 64
1114.495124 64
1116.497441 64
1118.496858 64
1120.497776 64
1122.500512 64
1124.498055 64
1126.510776 64
1128.499508 64
1130.500547 64
1132.500695 64
1134.501176 64
1136.501552 64
1138.502798 64
1140.503545 64
1142.504732 64
1144.505986 64
1146.506648 64
1148.507377 64
1150.507664 64
1152.511446 64
1154.511910 64
1156.512841 64
1158.513579 64
1160.518153 64
1162.514339 64
1164.514482 64
1166.515414 64
1168.515329 64
1170.515564 64
1172.515788 64
1174.516451 64
1176.517995 64
1178.517691 64
1180.517599 64
1182.519004 64
1184.519279 64
1186.519744 64
1188.521216 64
1190.521660 64
1192.522800 64
1194.523127 64
1196.524056 64
1198.523851 64
1200.524125 64
1202.524696 64
1204.524861 64
1206.525066 64
1208.525772 64
1210.525997 64
1212.529122 64
1214.529106 64
1216.529590 64
1218.529903 64
1220.530837 64
1222.531050 64
1224.531755 64
1226.532008 64
1228.532655 64
1230.533223 64
1232.533251 64
1234.535774 64
1236.534014 64
1238.534273 64
1240.534908 64
1242.535309 64
1244.535831 64
1246.537334 64
1248.537007 64
1250.537362 64
1252.537646 64
1254.537866 64
1256.538108 64
1258.538511 64
1260.538637 64
1262.538868 64
1264.539674 64
1266.540428 64
1268.541571 64
1270.541726 64
1272.541945 64
1274.543234 64
1276.543560 64
1278.543482 64
1280.545907 64
1282.546202 64
1284.546576 64
1286.547153 64
1288.549233 64
1290.548844 64
1292.550709 64
1294.550275 64
1296.550908 64
1298.551535 64
1300.551745 64
1302.551832 64
1304.552142 64
1306.552631 64
1308.553517 64
1310.554081 64
1312.554535 64
1314.554890 64
1316.559675 64
1318.559499 64
1320.559643 64
1322.560250 64
1324.560277 64
1326.560550 64
1328.561383 64
1330.561481 64
1332.561418 64
1334.561819 64
1336.562044 64
1338.562498 64
1340.562860 64
1342.565237 64
1344.563961 64
1346.564120 64
1348.564319 64
1350.564646 64
1352.565192 64
1354.565584 64
1356.565822 64
1358.566355 64
1360.566823 64
1362.567306 64
1364.568400 64
1366.570350 64
1368.570788 64
1370.571035 64
1372.571968 64
1374.572111 64
1376.572405 64
1378.575381 64
1380.573517 64
1382.574124 64
1384.574407 64
1386.574991 64
1388.575467 64
1390.575924 64
1392.576989 64
1394.577085 64
1396.577338 64
1398.577602 64
1400.578475 64
1402.579482 64
1404.579287 64
1406.579687 64
1408.579920 64
1410.580862 64
1412.580812 64
1414.581163 64
1416.583334 64
1418.582724 64
1420.584479 64
1422.585652 64
1424.586626 64
1426.586602 64
1428.587303 64
1430.587387 64
1432.587775 64
1434.588420 64
1436.588692 64
1438.588836 64
1440.589732 64
1442.590221 64
1444.589689 64
1446.589959 64
1448.591042 64
1450.590741 64
1452.590963 64
1454.591330 64
1456.591438 64
1458.591644 64
1460.591836 64
1462.592133 64
1464.593262 64
1466.593681 64
1468.595146 64
1470.595317 64
1472.595549 64
1474.595853 64
1476.595968 64
1478.596166 64
1480.596389 64
1482.597388 64
1484.608405 64
1486.599200 64
1488.599532 64
1490.601324 64
1492.602140 64
1494.602304 64
1496.602611 64
1498.603746 64
1500.603982 64
1502.606072 64
1504.605322 64
1506.605754 64
1508.606365 64
1510.609239 64
1512.608839 64
1514.607798 64
1516.608296 64
1518.610235 64
1520.609680 64
1522.610267 64
1524.615630 64
1526.611563 64
1528.611410 64
1530.612629 64
1532.615264 64
1534.613188 64
1536.613629 64
1538.625917 64
1540.615842 64
1542.616460 64
1544.618693 64
1546.617554 64
1548.618134 64
1550.618628 64
1552.619260 64
1554.619717 64
1556.627502 64
1558.620939 64
1560.621531 64
1562.622158 64
1564.624509 64
1566.623802 64
1568.623953 64
1570.625108 64
1572.625113 64
1574.625625 64
1576.625994 64
1578.626589 64
1580.629023 64
1582.627767 64
1584.628448 64
1586.631621 64
1588.631087 64
1590.631493 64
1592.631879 64
1594.632157 64
1596.632329 64
1598.633171 64
1600.634219 64
1602.634660 64
1604.636005 64
1606.635839 64
1608.636219 64
1610.637396 64
1612.639194 64
1614.639649 64
1616.639832 64
1618.639824 64
1620.642438 64
1622.642734 64
1624.643753 64
1626.643679 64
1628.645160 64
1630.645387 64
1632.647160 64
1634.646928 64
1636.647089 64
1638.647295 64
1640.650442 64
1642.650479 64
1644.650465 64
1646.650478 64
1648.650748 64
1650.650975 64
1652.651757 64
1654.655001 64
1656.654599 64
1658.654524 64
1660.654702 64
1662.655258 64
1664.655539 64
1666.655650 64
1668.655909 64
1670.656154 64
1672.657113 64
1674.658510 64
1676.659422 64
1678.659478 64
1680.659717 64
1682.660511 64
1684.661741 64
1686.661349 64
1688.661447 64
1690.662206 64
1692.662947 64
1694.663900 64
1696.666153 64
1698.668559 64
1700.667268 64
1702.667170 64
1704.669688 64
1706.669439 64
1708.669900 64
1710.670385 64
1712.670637 64
1714.671144 64
1716.671558 64
1718.672872 64
1720.673551 64
1722.673486 64
1724.675599 64
1726.675999 64
1728.676256 64
1730.676651 64
1732.678513 64
1734.679149 64
1736.679279 64
1738.679815 64
1740.679912 64
1742.683130 64
1744.681987 64
1746.682196 64
1748.682328 64
1750.682659 64
1752.685870 64
1754.685504 64
1756.686552 64
1758.687813 64
1760.687329 64
1762.688583 64
1764.689830 64
1766.690455 64
1768.690905 64
1770.691278 64
1772.691635 64
1774.692231 64
1776.692709 64
1778.692540 64
1780.693313 64
1782.693817 64
1784.694048 64
1786.694244 64
1788.694516 64
1790.696608 64
1792.696354 64
1794.697696 64
1796.696955 64
1798.697344 64
1800.697408 64
1802.697903 64
1804.698438 64
1806.698544 64
1808.698739 64
1810.699321 64
1812.699545 64
1814.700096 64
1816.703686 64
1818.701162 64
1820.701612 64
1822.701753 64
1824.701988 64
1826.702732 64
1828.703410 64
1830.703832 64
1832.705766 64
1834.705970 64
1836.708485 64
1838.708425 64
1840.708833 64
1842.709268 64
1844.709699 64
1846.710052 64
1848.710323 64
1850.711158 64
1852.711320 64
1854.711591 64
1856.712255 64
1858.712543 64
1860.713477 64
1862.713621 64
1864.714210 64
1866.714919 64
1868.715134 64
1870.716824 64
1872.717322 64
1874.723357 64
1876.719090 64
1878.719935 64
1880.720563 64
1882.720909 64
1884.721693 64
1886.721921 64
1888.721771 64
1890.726087 64
1892.724555 64
1894.723389 64
1896.723916 64
1898.724707 64
1900.726029 64
1902.725646 64
1904.725629 64
1906.725842 64
1908.726053 64
1910.728346 64
1912.727308 64
1914.727760 64
1916.728367 64
1918.729215 64
1920.729656 64
1922.729710 64
1924.730243 64
1926.730493 64
1928.730849 64
1930.732185 64
1932.732076 64
1934.732188 64
1936.732432 64
1938.732651 64
1940.733053 64
1942.733687 64
1944.733857 64
1946.734142 64
1948.735178 64
1950.735651 64
1952.735510 64
1954.736339 64
1956.736808 64
1958.737278 64
1960.740084 64
1962.738588 64
1964.739108 64
1966.739353 64
1968.741557 64
1970.740549 64
1972.741710 64
1974.741231 64
1976.741662 64
1978.742322 64
1980.743630 64
1982.744359 64
1984.745979 64
1986.746185 64
1988.747041 64
1990.747389 64
1992.747882 64
1994.748486 64
1996.748596 64
1998.750187 64
2000.749827 64
2002.749786 64
2004.750452 64
2006.750684 64
2008.751009 64
2010.751279 64
2012.751578 64
2014.751938 64
2016.752092 64
2018.752422 64
2020.754171 64
2022.753791 64
2024.753542 64
2026.753830 64
2028.754196 64
2030.755261 64
2032.755340 64
2034.755705 64
2036.756212 64
2038.756541 64
2040.757366 64
2042.757997 64
2044.758355 64
2046.758441 64
2048.759641 64
2050.760153 64
2052.760363 64
2054.760794 64
2056.761506 64
2058.761786 64
2060.763069 64
2062.764360 64
2064.762583 64
2066.762876 64
2068.770424 64
2070.765244 64
2072.765145 64
2074.765796 64
2076.765951 64
2078.766371 64
2080.766561 64
2082.767380 64
2084.767711 64
2086.768167 64
2088.770262 64
2090.769313 64
2092.770809 64
2094.771395 64
2096.771691 64
2098.773622 64
2100.773469 64
2102.774136 64
2104.774684 64
2106.775201 64
2108.775351 64
2110.776334 64
2112.776982 64
2114.776687 64
2116.779223 64
2118.778223 64
2120.777997 64
2122.778794 64
2124.779313 64
2126.779292 64
2128.779680 64
2130.779959 64
2132.784947 64
2134.781206 64
2136.781779 64
2138.782056 64
2140.782594 64
2142.783322 64
2144.783114 64
2146.784885 64
2148.786478 64
2150.786659 64
2152.786226 64
2154.787574 64
2156.787348 64
2158.787731 64
2160.788018 64
2162.792037 64
2164.789259 64
2166.789770 64
2168.790134 64
2170.793363 64
2172.793200 64
2174.793916 64
2176.794828 64
2178.797151 64
2180.797386 64
2182.800045 64
2184.800409 64
2186.803203 64
2188.804752 64
2190.805053 64
2192.805066 64
2194.806014 64
2196.806209 64
2198.806478 64
2200.806754 64
2202.807297 64
2204.808350 64
2206.810719 64
2208.810985 64
2210.811177 64
2212.810995 64
2214.811753 64
2216.811891 64
2218.811947 64
2220.812219 64
2222.812577 64
2224.812968 64
2226.813866 64
2228.813749 64
2230.814169 64
2232.814374 64
2234.814538 64
2236.815049 64
2238.815282 64
2240.815570 64
2242.815710 64
2244.816211 64
2246.817413 64
2248.817633 64
2250.818666 64
2252.820584 64
2254.821094 64
2256.821268 64
2258.821835 64
2260.823216 64
2262.823358 64
2264.823937 64
2266.824097 64
2268.824969 64
2270.826692 64
2272.827214 64
2274.827793 64
2276.830119 64
2278.832291 64
2280.832074 64
2282.836297 64
2284.836340 64
2286.835924 64
2288.837327 64
2290.839930 64
2292.838297 64
2294.838793 64
2296.839358 64
2298.839865 64
2300.840208 64
2302.840502 64
2304.840691 64
2306.842049 64
2308.842436 64
2310.844324 64
2312.844469 64
2314.845523 64
2316.845478 64
2318.845709 64
2320.845909 64
2322.846699 64
2324.847574 64
2326.847314 64
2328.847803 64
2330.848083 64
2332.848482 64
2334.850358 64
2336.849453 64
2338.849955 64
2340.850646 64
2342.851089 64
2344.851421 64
2346.851824 64
2348.852115 64
2350.852560 64
2352.852905 64
2354.853156 64
2356.853450 64
2358.853884 64
2360.854337 64
2362.854610 64
2364.855017 64
2366.855440 64
2368.855536 64
2370.858532 64
2372.857377 64
2374.857131 64
2376.857306 64
2378.857421 64
2380.857816 64
2382.857855 64
2384.858102 64
2386.859284 64
2388.859363 64
2390.859895 64
2392.860258 64
2394.860590 64
2396.861166 64
2398.861484 64
2400.861931 64
2402.862865 64
2404.863241 64
2406.864369 64
2408.865357 64
2410.865610 64
2412.868922 64
2414.867411 64
2416.867533 64
2418.868438 64
2420.867756 64
2422.870439 64
2424.869403 64
2426.869849 64
2428.871564 64
2430.871021 64
2432.871886 64
2434.873871 64
2436.874016 64
2438.874266 64
2440.874311 64
2442.874667 64
2444.877480 64
2446.876596 64
2448.877514 64
2450.878936 64
2452.878334 64
2454.879696 64
2456.880583 64
2458.880241 64
2460.882387 64
2462.881523 64
2464.885443 64
2466.886768 64
2468.888161 64
2470.887371 64
2472.888420 64
2474.890878 64
2476.891097 64
2478.892737 64
2480.892289 64
2482.892981 64
2484.896740 64
2486.896163 64
2488.897496 64
2490.896995 64
2492.897555 64
2494.897951 64
2496.898250 64
2498.898695 64
2500.899312 64
2502.901051 64
2504.901339 64
2506.902209 64
2508.902540 64
2510.904691 64
2512.905951 64
2514.908621 64
2516.912639 64
2518.910563 64
2520.911508 64
2522.911866 64
2524.912787 64
2526.913424 64
2528.913822 64
2530.914402 64
2532.914909 64
2534.915407 64
2536.915831 64
2538.916458 64
2540.916652 64
2542.917095 64
2544.917904 64
2546.918508 64
2548.918786 64
2550.919218 64
2552.923216 64
2554.922682 64
2556.923291 64
2558.924490 64
2560.925663 64
2562.925919 64
2564.926127 64
2566.927179 64
2568.927468 64
2570.928499 64
2572.930665 64
2574.930170 64
2576.930366 64
2578.931056 64
2580.931347 64
2582.931842 64
2584.934490 64
2586.934846 64
2588.936130 64
2590.936637 64
2592.937544 64
2594.939542 64
2596.939688 64
2598.941620 64
2600.941394 64
2602.943681 64
2604.941586 64
2606.943717 64
2608.944318 64
2610.945041 64
2612.947553 64
2614.949151 64
2616.949888 64
2618.950365 64
2620.950720 64
2622.951155 64
2624.952048 64
2626.952739 64
2628.955974 64
2630.954234 64
2632.955397 64
2634.955004 64
2636.955744 64
2638.958270 64
2640.957474 64
2642.957877 64
2644.958526 64
2646.958484 64
2648.958639 64
2650.959262 64
2652.965988 64
2654.961639 64
2656.962430 64
2658.962629 64
2660.963415 64
2662.964547 64
2664.965629 64
2666.966206 64
2668.968255 64
2670.969023 64
2672.975160 64
2674.969471 64
2676.970591 64
2678.970671 64
2680.971051 64
2682.971343 64
2684.971768 64
2686.973581 64
2688.974152 64
2690.974602 64
2692.974774 64
2694.975268 64
2696.976269 64
2698.976245 64
2700.976839 64
2702.978233 64
2704.978378 64
2706.979667 64
2708.982526 64
2710.980855 64
2712.981564 64
2714.981947 64
2716.983636 64
2718.982687 64
2720.983262 64
2722.983666 64
2724.984537 64
2726.984601 64
2728.985301 64
2730.986330 64
2732.986800 64
2734.987243 64
2736.987504 64
2738.988765 64
2740.988630 64
2742.989223 64
2744.990206 64
2746.990239 64
2748.991513 64
2751.008233 64
2752.993386 64
2754.994145 64
2756.994836 64
2758.996116 64
2760.995820 64
2763.008852 64
2764.997947 64
2766.998372 64
2768.999817 64
2771.000181 64
2773.003247 64
2775.002953 64
2777.003194 64
2779.003597 64
2781.004526 64
2783.005130 64
2785.007136 64
2787.014766 64
2789.011714 64
2791.013294 64
2793.014373 64
2795.014603 64
2797.015849 64
2799.017538 64
2801.020325 64
2803.020895 64
2805.020844 64
2807.021550 64
2809.021959 64
2811.025546 64
2813.024242 64
2815.024864 64
2817.025260 64
2819.025514 64
2821.025994 64
2823.026045 64
2825.026343 64
2827.026832 64
2829.028086 64
2831.028304 64
2833.029107 64
2835.029465 64
2837.029847 64
2839.030537 64
2841.032385 64
2843.032449 64
2845.034335 64
2847.033366 64
2849.034051 64
2851.036452 64
2853.037106 64
2855.039492 64
2857.039899 64
2859.047132 64
2861.041263 64
2863.041602 64
2865.051336 64
2867.042432 64
2869.043152 64
2871.044535 64
2873.046554 64
2875.046685 64
2877.047031 64
2879.047659 64
2881.049851 64
2883.048079 64
2885.051681 64
2887.051738 64
2889.055246 64
2891.055035 64
2893.054674 64
2895.055234 64
2897.056384 64
2899.056532 64
2901.057105 64
2903.058089 64
2905.058167 64
2907.058459 64
2909.064601 64
2911.064174 64
2913.065756 64
2915.067840 64
2917.065500 64
2919.068183 64
2921.066465 64
2923.066976 64
2925.071507 64
2927.068219 64
2929.068437 64
2931.068935 64
2933.069308 64
2935.070994 64
2937.071509 64
2939.072572 64
2941.072563 64
2943.073098 64
2945.076136 64
2947.074255 64
2949.074597 64
2951.075782 64
2953.075571 64
2955.076177 64
2957.077100 64
2959.077345 64
2961.079105 64
2963.078140 64
2965.078578 64
2967.079027 64
2969.080842 64
2971.081717 64
2973.082682 64
2975.085466 64
2977.085684 64
2979.086520 64
2981.087804 64
2983.087499 64
2985.088142 64
2987.088838 64
2989.089347 64
2991.089672 64
2993.090951 64
2995.090781 64
2997.091771 64
2999.092433 64
3001.093179 64
3003.094823 64
3005.094086 64
3007.095736 64
3009.096065 64
3011.097957 64
3013.098785 64
3015.099384 64
3017.099837 64
3019.100476 64
3021.101310 64
3023.101502 64
3025.101935 64
3027.103443 64
3029.105487 64
3031.105836 64
3033.105210 64
3035.106546 64
3037.105844 64
3039.106179 64
3041.106664 64
3043.107713 64
3045.107523 64
3047.108398 64
3049.108419 64
3051.109733 64
3053.109739 64
3055.111399 64
3057.111806 64
3059.112522 64
3061.112878 64
3063.114182 64
3065.113587 64
3067.114212 64
3069.114996 64
3071.116680 64
3073.116150 64
3075.116644 64
3077.117388 64
3079.117778 64
3081.117897 64
3083.119091 64
3085.119360 64
3087.121014 64
3089.121239 64
3091.121622 64
3093.122127 64
3095.124944 64
3097.126160 64
3099.125277 64
3101.125673 64
3103.126453 64
3105.127339 64
3107.135164 64
3109.129408 64
3111.130235 64
3113.130667 64
3115.130944 64
3117.131520 64
3119.143356 64
3121.134386 64
3123.136673 64
3125.137680 64
3127.138052 64
3129.138891 64
3131.139373 64
3133.141079 64
3135.139843 64
3137.144913 64
3139.143545 64
3141.144765 64
3143.144529 64
3145.144813 64
3147.145746 64
3149.145643 64
3151.146700 64
3153.146361 64
3155.155114 64
3157.148393 64
3159.148650 64
3161.149242 64
3163.150072 64
3165.150187 64
3167.150507 64
3169.151619 64
3171.152321 64
3173.155393 64
3175.153275 64
3177.153878 64
3179.154303 64
3181.156580 64
3183.157012 64
3185.157450 64
3187.159975 64
3189.159957 64
3191.161945 64
3193.165078 64
3195.164437 64
3197.169627 64
3199.164281 64
3201.164863 64
3203.172908 64
3205.171578 64
3207.171819 64
3209.172179 64
3211.173761 64
3213.174437 64
3215.174525 64
3217.175079 64
3219.175190 64
3221.175658 64
3223.176303 64
3225.176791 64
3227.188968 64
3229.180004 64
3231.181993 64
3233.182884 64
3235.184987 64
3237.185255 64
3239.185853 64
3241.187409 64
3243.188084 64
3245.190522 64
3247.189880 64
3249.190499 64
3251.190775 64
3253.192547 64
3255.191700 64
3257.191981 64
3259.193055 64
3261.193494 64
3263.194244 64
3265.195007 64
3267.194966 64
3269.195233 64
3271.196113 64
3273.196726 64
3275.197354 64
3277.198221 64
3279.198558 64
3281.201400 64
3283.201669 64
3285.202773 64
3287.202740 64
3289.204144 64
3291.204257 64
3293.209427 64
3295.205142 64
3297.205548 64
3299.207812 64
3301.207751 64
3303.208304 64
3305.208522 64
3307.209190 64
3309.210132 64
3311.210390 64
3313.214365 64
3315.211078 64
3317.211677 64
3319.212464 64
3321.212804 64
3323.213192 64
3325.213967 64
3327.214267 64
3329.215063 64
3331.215604 64
3333.216849 64
3335.217882 64
3337.217987 64
3339.222094 64
3341.218987 64
3343.219624 64
3345.220101 64
3347.221535 64
3349.221505 64
3351.224056 64
3353.225338 64
3355.226197 64
3357.226401 64
3359.227318 64
3361.227537 64
3363.228002 64
3365.228716 64
3367.229423 64
3369.229604 64
3371.229976 64
3373.231053 64
3375.231457 64
3377.232742 64
3379.233028 64
3381.233694 64
3383.246585 64
3385.234790 64
3387.238032 64
3389.239902 64
3391.240879 64
3393.239621 64
3395.240029 64
3397.240635 64
3399.241842 64
3401.241631 64
3403.244181 64
3405.243351 64
3407.243694 64
3409.245405 64
3411.244970 64
3413.245421 64
3415.245842 64
3417.246590 64
3419.246790 64
3421.248547 64
3423.248674 64
3425.250466 64
3427.250621 64
3429.251477 64
3431.251979 64
3433.253020 64
3435.253418 64
3437.254029 64
3439.255342 64
3441.254795 64
3443.255104 64
3445.255826 64
3447.256250 64
3449.257961 64
3451.258580 64
3453.259848 64
3455.259778 64
3457.260424 64
3459.262023 64
3461.264244 64
3463.266179 64
3465.266060 64
3467.266446 64
3469.267349 64
3471.268799 64
3473.269117 64
3475.280284 64
3477.271579 64
3479.271768 64
3481.272503 64
3483.272984 64
3485.273969 64
3487.287141 64
3489.275513 64
3491.275988 64
3493.278392 64
3495.277719 64
3497.279038 64
3499.287604 64
3501.282564 64
3503.283435 64
3505.285386 64
3507.285737 64
3509.285843 64
3511.289821 64
3513.289449 64
3514.682748 64
3514.682983 64
3514.683914 64
3514.710747 64
