# Slice: eMBB | 112.217.128.202:11302 -> 10.215.173.1:49005 (UDP)
# offset_sec  packet_size_bytes
0.000 124414
1.000 166297
2.000 331399
3.000 172237
4.000 190732
5.000 169490
6.000 379561
7.000 174403
8.000 170366
9.000 174322
10.000 374195
11.000 184531
12.000 207980
13.000 182987
14.000 184422
15.000 200290
16.000 170095
17.000 169764
18.000 168744
19.000 168763
20.000 168761
21.000 168729
22.000 168778
23.000 168759
24.000 168747
25.000 168768
26.000 165966
27.000 172629
28.000 167970
29.000 215982
30.000 165951
31.000 171549
32.000 168898
33.000 165946
34.000 168742
35.000 172421
36.000 193490
37.000 193980
38.000 168245
39.000 168784
40.000 168766
41.000 168740
42.000 169094
43.000 168724
44.000 170102
45.000 169697
46.000 168756
47.000 168799
48.000 171695
49.000 170576
50.000 171450
51.000 184500
52.000 189734
53.000 186486
54.000 187910
55.000 194494
56.000 168765
57.000 168753
58.000 168221
59.000 176899
60.000 170652
61.000 171528
62.000 216314
63.000 199674
64.000 200141
65.000 224480
66.000 172446
67.000 179520
68.000 172926
69.000 180705
70.000 168995
71.000 172977
72.000 173954
73.000 180018
74.000 251004
75.000 235243
76.000 165867
77.000 175626
78.000 437617
79.000 168660
80.000 169971
81.000 167869
82.000 168839
83.000 169547
84.000 168819
85.000 169255
86.000 166557
87.000 168736
88.000 218740
89.000 225773
90.000 224034
91.000 320208
92.000 194603
93.000 252535
94.000 216302
95.000 192269
96.000 180006
97.000 168705
98.000 168733
99.000 168725
100.000 169315
101.000 166069
102.000 168732
103.000 169244
104.000 168905
105.000 168660
106.000 168698
107.000 168660
108.000 168691
109.000 168660
110.000 168660
111.000 168660
112.000 168698
113.000 170204
114.000 170186
115.000 187560
116.000 168504
117.000 173761
118.000 168663
119.000 168931
120.000 166356
121.000 168808
122.000 168792
123.000 165870
124.000 168688
125.000 168675
126.000 168674
127.000 168691
128.000 168666
129.000 168742
130.000 166727
131.000 170988
132.000 181438
133.000 611853
134.000 279729
135.000 272975
136.000 1261295
137.000 1539569
138.000 1563111
139.000 1567609
140.000 1362356
141.000 1243577
142.000 436429
143.000 208913
144.000 301780
145.000 225036
146.000 201072
147.000 315820
148.000 349654
149.000 204634
150.000 334672
151.000 229705
152.000 212311
153.000 262297
154.000 208008
155.000 202117
156.000 201574
157.000 216917
158.000 251342
159.000 206210
160.000 290388
161.000 187126
162.000 173081
163.000 557422
164.000 740739
165.000 840559
166.000 655345
167.000 341143
168.000 350509
169.000 345165
170.000 351104
171.000 343380
172.000 340513
173.000 815781
174.000 552220
175.000 368031
176.000 286336
177.000 308674
178.000 287858
179.000 290785
180.000 300590
181.000 286467
182.000 283047
183.000 286175
184.000 311203
185.000 292240
186.000 297088
187.000 285807
188.000 282117
189.000 301024
190.000 282189
191.000 287895
192.000 280240
193.000 832108
194.000 315559
195.000 287191
196.000 291302
197.000 285712
198.000 441566
199.000 169134
200.000 170095
201.000 173392
202.000 175351
203.000 170592
204.000 175157
205.000 171144
206.000 179482
207.000 173092
208.000 173326
209.000 167444
210.000 173167
211.000 167346
212.000 168954
213.000 172224
214.000 173296
215.000 170241
216.000 173765
217.000 175273
218.000 652072
219.000 939681
220.000 1088141
221.000 422990
222.000 1772167
223.000 1277434
224.000 412738
225.000 1257866
226.000 560283
227.000 1826991
228.000 1664733
229.000 1705107
230.000 1611637
231.000 467034
232.000 421656
233.000 465505
234.000 425910
235.000 448093
236.000 1729475
237.000 1834942
238.000 1317088
239.000 949069
240.000 856479
241.000 1298114
242.000 1885579
243.000 1286317
244.000 516069
245.000 509799
246.000 1846648
247.000 1197369
248.000 612333
249.000 1192645
250.000 1835085
251.000 1792267
252.000 1792658
253.000 787893
254.000 756655
255.000 760365
256.000 701020
257.000 622058
258.000 794122
259.000 843010
260.000 1027918
261.000 1828724
262.000 1562518
263.000 1196983
264.000 1027910
265.000 1893067
266.000 1828197
267.000 1751698
268.000 1719904
269.000 1774615
270.000 1674565
271.000 1530068
272.000 1636284
273.000 1687767
274.000 1543560
275.000 1406020
276.000 1726207
277.000 1820482
278.000 1700814
279.000 981811
280.000 555085
281.000 1176102
282.000 777715
283.000 574539
284.000 1406002
285.000 1671709
286.000 785893
287.000 475739
288.000 415736
289.000 392148
290.000 401904
291.000 1822217
292.000 1869861
293.000 1803625
294.000 1737686
295.000 1752273
296.000 1514354
297.000 1474002
298.000 1584338
299.000 1550378
300.000 1661647
301.000 1844145
302.000 1751495
303.000 1348155
304.000 1515709
305.000 1549848
306.000 1486755
307.000 1406348
308.000 1690528
309.000 1579611
310.000 1358365
311.000 1423898
312.000 1565072
313.000 1591700
314.000 1647677
315.000 1694911
316.000 1673810
317.000 1671592
318.000 1461980
319.000 1556284
320.000 1684422
321.000 1825753
322.000 1811265
323.000 1856179
324.000 1862597
325.000 1514157
326.000 1521271
327.000 1535619
328.000 1301967
329.000 1591758
330.000 1027266
331.000 777115
332.000 654086
333.000 683872
334.000 1845850
335.000 776588
336.000 659711
337.000 550581
338.000 1219184
339.000 1755937
340.000 611206
341.000 428452
342.000 448080
343.000 488061
344.000 466303
345.000 466757
346.000 509565
347.000 523008
348.000 556985
349.000 564971
350.000 571929
351.000 645800
352.000 546364
353.000 778401
354.000 1862321
355.000 1601986
356.000 653747
357.000 495874
358.000 1634197
359.000 541330
360.000 545396
361.000 1694845
362.000 1007976
363.000 526440
364.000 1561529
365.000 1652117
366.000 1111430
367.000 521688
368.000 542179
369.000 636371
370.000 827686
371.000 509464
372.000 519397
373.000 1092690
374.000 946252
375.000 1620392
376.000 574162
377.000 627948
378.000 620121
379.000 963928
380.000 1399174
381.000 1674537
382.000 1399608
383.000 807994
384.000 1839501
385.000 1726402
386.000 1773765
387.000 1660661
388.000 1436555
389.000 1061325
390.000 751038
391.000 745107
392.000 1340105
393.000 659924
394.000 641977
395.000 630914
396.000 633712
397.000 769280
398.000 777878
399.000 553689
400.000 578873
401.000 546718
402.000 648177
403.000 791947
404.000 1605060
405.000 1581460
406.000 1689253
407.000 1657157
408.000 1706881
409.000 1740780
410.000 1801585
411.000 1719654
412.000 1407040
413.000 782618
414.000 749557
415.000 788403
416.000 771576
417.000 674642
418.000 691625
419.000 717449
420.000 683951
421.000 680490
422.000 681916
423.000 635347
424.000 733880
425.000 1579022
426.000 1546906
427.000 1373956
428.000 1464392
429.000 784939
430.000 594360
431.000 1770934
432.000 1460818
433.000 1542115
434.000 1387690
435.000 1539738
436.000 625430
437.000 1716011
438.000 1004539
439.000 1606999
440.000 1715118
441.000 1752879
442.000 1764968
443.000 1780064
444.000 1531117
445.000 1152898
446.000 927204
447.000 917238
448.000 876131
449.000 1686801
450.000 1494617
451.000 1456776
452.000 1405825
453.000 728194
454.000 1809476
455.000 1702057
456.000 1783022
457.000 1575815
458.000 1317025
459.000 492202
460.000 602195
461.000 565101
462.000 613372
463.000 628316
464.000 496328
465.000 502738
466.000 465652
467.000 456570
468.000 500051
469.000 427567
470.000 427332
471.000 477475
472.000 485029
473.000 441522
474.000 854546
475.000 1729515
476.000 1732268
477.000 1698464
478.000 1531416
479.000 1015455
480.000 1728208
481.000 1674003
482.000 1710680
483.000 1625440
484.000 1587065
485.000 1744812
486.000 1656500
487.000 1795477
488.000 1609835
489.000 1441321
490.000 1032118
491.000 783001
492.000 1016362
493.000 1595803
494.000 791196
495.000 1482445
496.000 954791
497.000 1545462
498.000 753336
499.000 637401
500.000 813425
501.000 877704
502.000 1628835
503.000 805424
504.000 686181
505.000 617943
506.000 761459
507.000 929533
508.000 1502527
509.000 1637908
510.000 831077
511.000 854263
512.000 1000550
513.000 527318
514.000 546983
515.000 1527130
516.000 1796904
517.000 786506
518.000 537811
519.000 517817
520.000 481795
521.000 464493
522.000 426509
523.000 426722
524.000 422210
525.000 435008
526.000 447350
527.000 447500
528.000 533749
529.000 1156090
530.000 1792629
531.000 1822428
532.000 1784303
533.000 796401
534.000 768248
535.000 748805
536.000 636755
537.000 1221770
538.000 1590778
539.000 953618
540.000 577833
541.000 877382
542.000 1837401
543.000 1827931
544.000 1809262
545.000 1524253
546.000 767626
547.000 824533
548.000 710671
549.000 923969
550.000 845084
551.000 885387
552.000 1341748
553.000 1833434
554.000 1791853
555.000 1755814
556.000 1772014
557.000 1860605
558.000 1820251
559.000 1755278
560.000 1688438
561.000 1485721
562.000 1733926
563.000 1792290
564.000 1866587
565.000 1808221
566.000 1621402
567.000 1656283
568.000 1805120
569.000 1816033
570.000 1409135
571.000 1134930
572.000 1022885
573.000 1168175
574.000 1005309
575.000 1145110
576.000 1191779
577.000 1037566
578.000 1871322
579.000 1804605
580.000 1169994
581.000 1866158
582.000 1644164
583.000 1019593
584.000 1589628
585.000 1251488
586.000 1319329
587.000 1266780
588.000 1730178
589.000 1857509
590.000 1275085
591.000 1232341
592.000 1129018
593.000 1003720
594.000 1114015
595.000 1206175
596.000 970342
597.000 1116363
598.000 1240466
599.000 994816
600.000 1076986
601.000 1199648
602.000 1026972
603.000 1075029
604.000 1323247
605.000 1283315
606.000 1041350
607.000 1583185
608.000 1099911
609.000 1529879
610.000 1453449
611.000 1051797
612.000 1302828
613.000 1489465
614.000 1459772
615.000 1237515
616.000 1467054
617.000 1533302
618.000 1841622
619.000 1766700
620.000 1764247
621.000 991182
622.000 1257427
623.000 1243913
624.000 1069851
625.000 1819879
626.000 1245598
627.000 1500613
628.000 1497674
629.000 1585654
630.000 1400810
631.000 1411758
632.000 1486676
633.000 1016942
634.000 895713
635.000 1415316
636.000 1861934
637.000 1798569
638.000 1341001
639.000 1251136
640.000 1067754
641.000 1153429
642.000 1154498
643.000 963686
644.000 1066914
645.000 1203305
646.000 1013706
647.000 1045337
648.000 1181045
649.000 1688215
650.000 1838605
651.000 1733911
652.000 1568937
653.000 1406064
654.000 1641382
655.000 1670273
656.000 1546296
657.000 1312331
658.000 1249255
659.000 1540741
660.000 1073451
661.000 1891303
662.000 1483816
663.000 1341984
664.000 1584616
665.000 1408076
666.000 1753775
667.000 1258099
668.000 1377858
669.000 1311229
670.000 792932
671.000 1468242
672.000 1636475
673.000 1124927
674.000 898168
675.000 857670
676.000 1002979
677.000 1505527
678.000 1047965
679.000 601230
680.000 539373
681.000 542387
682.000 1305512
683.000 1694830
684.000 1538480
685.000 843329
686.000 1382138
687.000 1077542
688.000 1470767
689.000 1575217
690.000 999971
691.000 977858
692.000 1614157
693.000 1710045
694.000 1773288
695.000 1779515
696.000 1661867
697.000 1563927
698.000 1514657
699.000 964076
700.000 810680
701.000 1634506
702.000 1176052
703.000 1206105
704.000 1009617
705.000 994632
706.000 977166
707.000 1407969
708.000 1218296
709.000 1632410
710.000 1601449
711.000 1756414
712.000 909081
713.000 1092258
714.000 1803301
715.000 882983
716.000 739001
717.000 732734
718.000 1288563
719.000 628927
720.000 748490
721.000 1824555
722.000 816549
723.000 1146407
724.000 1688642
725.000 921555
726.000 1012214
727.000 1066445
728.000 988724
729.000 1089310
730.000 1131644
731.000 1218807
732.000 894750
733.000 1105213
734.000 1612115
735.000 1234706
736.000 1813069
737.000 1297761
738.000 1655452
739.000 1651771
740.000 1495554
741.000 1473786
742.000 1401432
743.000 895133
744.000 1440383
745.000 1247312
746.000 1673208
747.000 1354041
748.000 1022386
749.000 1312464
750.000 1681202
751.000 1610587
752.000 1531828
753.000 1536462
754.000 1524030
755.000 1657434
756.000 1284657
757.000 1072140
758.000 1322503
759.000 1618518
760.000 1111829
761.000 1069453
762.000 1260018
763.000 1177731
764.000 1501291
765.000 885579
766.000 1535183
767.000 893389
768.000 1556114
769.000 1074790
770.000 826164
771.000 915740
772.000 926041
773.000 1125130
774.000 1539878
775.000 1561574
776.000 891211
777.000 658728
778.000 692545
779.000 615521
780.000 625416
781.000 667134
782.000 664876
783.000 692141
784.000 766273
785.000 555887
786.000 633235
787.000 598978
788.000 595854
789.000 606428
790.000 606462
791.000 576140
792.000 1178055
793.000 1767962
794.000 1583426
795.000 1487098
796.000 1304789
797.000 1741714
798.000 1700873
799.000 831021
800.000 700040
801.000 1245955
802.000 735183
803.000 566618
804.000 593363
805.000 896126
806.000 1783218
807.000 1617926
808.000 1073098
809.000 1320056
810.000 1417370
811.000 1313568
812.000 953950
813.000 1308200
814.000 1651133
815.000 1303031
816.000 1527073
817.000 1296657
818.000 1505024
819.000 1529644
820.000 818540
821.000 931350
822.000 1814527
823.000 776498
824.000 1858263
825.000 1828021
826.000 1865452
827.000 1829243
828.000 1756928
829.000 1649626
830.000 797377
831.000 609839
832.000 976643
833.000 1865936
834.000 1781963
835.000 1834833
836.000 1630122
837.000 1774011
838.000 1778877
839.000 1839436
840.000 1799074
841.000 1829890
842.000 1863794
843.000 1339737
844.000 1760593
845.000 1879074
846.000 1863840
847.000 1321613
848.000 1512593
849.000 1895942
850.000 1293411
851.000 1470327
852.000 1402070
853.000 1610120
854.000 1240592
855.000 1207011
856.000 1881469
857.000 1134608
858.000 1303244
859.000 1321632
860.000 1761838
861.000 1043496
862.000 1125286
863.000 1259453
864.000 1464076
865.000 1193440
866.000 1152619
867.000 1326954
868.000 1291740
869.000 1091630
870.000 1014986
871.000 978431
872.000 1000459
873.000 1049235
874.000 1060689
875.000 963383
876.000 992902
877.000 1043491
878.000 1011196
879.000 1037369
880.000 1041914
881.000 954852
882.000 942422
883.000 996211
884.000 1036082
885.000 981817
886.000 1010645
887.000 982722
888.000 869578
889.000 913415
890.000 966900
891.000 917730
892.000 919697
893.000 961999
894.000 895263
895.000 867677
896.000 966810
897.000 955471
898.000 1064669
899.000 1789777
900.000 873614
901.000 848975
902.000 1652692
903.000 884015
904.000 818356
905.000 1149281
906.000 1833213
907.000 1775650
908.000 1346234
909.000 1818604
910.000 1838370
911.000 1731346
912.000 1168028
913.000 1199706
914.000 1189101
915.000 1223949
916.000 1401221
917.000 1681895
918.000 1737699
919.000 1252010
920.000 1670465
921.000 1720075
922.000 1083343
923.000 657637
924.000 662930
925.000 652299
926.000 610952
927.000 654409
928.000 658149
929.000 628449
930.000 657280
931.000 663957
932.000 658945
933.000 970952
934.000 966470
935.000 1358994
936.000 1185844
937.000 573361
938.000 514142
939.000 1799418
940.000 1609044
941.000 1669724
942.000 1698838
943.000 1640280
944.000 1527923
945.000 843879
946.000 1370684
947.000 1661642
948.000 1019165
949.000 1067994
950.000 805966
951.000 1004186
952.000 1056177
953.000 518122
954.000 466291
955.000 499460
956.000 572779
957.000 1880363
958.000 1634457
959.000 1761527
960.000 1680948
961.000 1464608
962.000 1115533
963.000 840481
964.000 1560538
965.000 1710744
966.000 1054805
967.000 533710
968.000 656570
969.000 676999
970.000 594348
971.000 548291
972.000 609287
973.000 486319
974.000 514947
975.000 1622948
976.000 454549
977.000 441091
978.000 479366
979.000 685291
980.000 1680479
981.000 545524
982.000 1887078
983.000 1439071
984.000 1521937
985.000 1218295
986.000 1017501
987.000 1728714
988.000 1370351
989.000 942609
990.000 1580874
991.000 1669915
992.000 1667031
993.000 493690
994.000 410849
995.000 286218
996.000 318898
997.000 313314
998.000 272995
999.000 301515
1000.000 307554
1001.000 297184
1002.000 323279
1003.000 319390
1004.000 286830
1005.000 270092
1006.000 283506
1007.000 726518
1008.000 1213275
1009.000 1508463
1010.000 1817724
1011.000 1604457
1012.000 1528102
1013.000 748223
1014.000 1294497
1015.000 1340675
1016.000 855166
1017.000 875681
1018.000 852807
1019.000 1530027
1020.000 1368967
1021.000 1687898
1022.000 1580926
1023.000 1686338
1024.000 1823245
1025.000 1739019
1026.000 1545464
1027.000 1142552
1028.000 1239730
1029.000 1726450
1030.000 1491694
1031.000 897718
1032.000 1252894
1033.000 1133204
1034.000 1447365
1035.000 1365665
1036.000 833830
1037.000 1604049
1038.000 1729438
1039.000 1068007
1040.000 1372929
1041.000 1357540
1042.000 1220573
1043.000 927555
1044.000 1358262
1045.000 1705696
1046.000 1776029
1047.000 1587876
1048.000 1311248
1049.000 1482510
1050.000 1257453
1051.000 1629097
1052.000 1251113
1053.000 1550814
1054.000 1363324
1055.000 1500015
1056.000 1535228
1057.000 1790664
1058.000 1606840
1059.000 1394383
1060.000 1277165
1061.000 1699509
1062.000 1535231
1063.000 1656204
1064.000 1626748
1065.000 1509192
1066.000 1438583
1067.000 1738567
1068.000 1214653
1069.000 883866
1070.000 1100558
1071.000 1149833
1072.000 1271123
1073.000 1333738
1074.000 1567430
1075.000 1379917
1076.000 1538102
1077.000 1450943
1078.000 1023322
1079.000 1609633
1080.000 1340590
1081.000 1769702
1082.000 1301281
1083.000 1179814
1084.000 1424977
1085.000 1550242
1086.000 1078993
1087.000 1611963
1088.000 1015990
1089.000 901681
1090.000 921982
1091.000 1041202
1092.000 916677
1093.000 942722
1094.000 1052907
1095.000 865299
1096.000 877190
1097.000 1000359
1098.000 629592
1099.000 588836
1100.000 571421
1101.000 172477
1102.000 169746
1103.000 169620
1104.000 169620
1105.000 166793
1106.000 172447
1107.000 175593
1108.000 164732
1109.000 168660
1110.000 168660
1111.000 168660
1112.000 168660
1113.000 168660
1114.000 168946
1115.000 171765
1116.000 190049
1117.000 169409
1118.000 191794
1119.000 1675264
1120.000 1523343
1121.000 1312674
1122.000 1418622
1123.000 1558693
1124.000 1034589
1125.000 434970
1126.000 400368
1127.000 392510
1128.000 478626
1129.000 462640
1130.000 477459
1131.000 474280
1132.000 380217
1133.000 386937
1134.000 371454
1135.000 368245
1136.000 376426
1137.000 371319
1138.000 373427
1139.000 374466
1140.000 376263
1141.000 372616
1142.000 371280
1143.000 369800
1144.000 375731
1145.000 376399
1146.000 364015
1147.000 375399
1148.000 369710
1149.000 380449
1150.000 369013
1151.000 368517
1152.000 373749
1153.000 366816
1154.000 363135
1155.000 372779
1156.000 360597
1157.000 366719
1158.000 366652
1159.000 363320
1160.000 381976
1161.000 385483
1162.000 390166
1163.000 387913
1164.000 376663
1165.000 390814
1166.000 372758
1167.000 382964
1168.000 381091
1169.000 374107
1170.000 372216
1171.000 378342
1172.000 372119
1173.000 376594
1174.000 378453
1175.000 367959
1176.000 376045
1177.000 375824
1178.000 367953
1179.000 375825
1180.000 373348
1181.000 380436
1182.000 373638
1183.000 372451
1184.000 373809
1185.000 372311
1186.000 372488
1187.000 377818
1188.000 375143
1189.000 377561
1190.000 366432
1191.000 371461
1192.000 376100
1193.000 372174
1194.000 368906
1195.000 366125
1196.000 365950
1197.000 373170
1198.000 356303
1199.000 365443
1200.000 392062
1201.000 387543
1202.000 386742
1203.000 390740
1204.000 383615
1205.000 380938
1206.000 382163
1207.000 379237
1208.000 384112
1209.000 379946
1210.000 371213
1211.000 380710
1212.000 375690
1213.000 378501
1214.000 371500
1215.000 373316
1216.000 375570
1217.000 369826
1218.000 370739
1219.000 379313
1220.000 369661
1221.000 375194
1222.000 373072
1223.000 369308
1224.000 375818
1225.000 376302
1226.000 366752
1227.000 374825
1228.000 369770
1229.000 377161
1230.000 369398
1231.000 368032
1232.000 375815
1233.000 373583
1234.000 402283
1235.000 397317
1236.000 357776
1237.000 349552
1238.000 368625
1239.000 353704
1240.000 376677
1241.000 369091
1242.000 376106
1243.000 437244
1244.000 227503
1245.000 195228
1246.000 186181
1247.000 196420
1248.000 494936
1249.000 439218
1250.000 360307
1251.000 427382
1252.000 358620
1253.000 355857
1254.000 362995
1255.000 348879
1256.000 345648
1257.000 353166
1258.000 345753
1259.000 357291
1260.000 694084
1261.000 389530
1262.000 431513
1263.000 447429
1264.000 442409
1265.000 431096
1266.000 428889
1267.000 394425
1268.000 357440
1269.000 343741
1270.000 348170
1271.000 342330
1272.000 1053068
1273.000 337475
1274.000 288192
1275.000 291351
1276.000 286473
1277.000 737586
1278.000 378405
1279.000 318751
1280.000 288314
1281.000 340572
1282.000 475377
1283.000 169382
1284.000 170586
1285.000 170150
1286.000 168795
1287.000 170226
1288.000 168660
1289.000 180416
1290.000 171484
1291.000 168660
1292.000 168660
1293.000 165849
1294.000 171471
1295.000 168043
1296.000 170720
1297.000 165849
1298.000 171529
1299.000 169156
1300.000 166924
1301.000 169392
1302.000 169921
1303.000 174336
1304.000 170982
1305.000 1106273
1306.000 658270
1307.000 633744
1308.000 716790
1309.000 847674
1310.000 1293506
1311.000 1190089
1312.000 1158050
1313.000 1844274
1314.000 1182772
1315.000 713211
1316.000 675540
1317.000 656979
1318.000 704676
1319.000 670244
1320.000 1796528
1321.000 816205
1322.000 882930
1323.000 861065
1324.000 1740700
1325.000 1584649
1326.000 1499735
1327.000 1544076
1328.000 1541185
1329.000 1366346
1330.000 1028021
1331.000 1299116
1332.000 494462
1333.000 1214887
1334.000 1675925
1335.000 651833
1336.000 559944
1337.000 702631
1338.000 1403629
1339.000 1750998
1340.000 1822380
1341.000 1027811
1342.000 1679491
1343.000 821933
1344.000 1856694
1345.000 1814749
1346.000 900750
1347.000 1809589
1348.000 1503577
1349.000 1435165
1350.000 1283740
1351.000 629187
1352.000 476276
1353.000 1803952
1354.000 1625963
1355.000 1497959
1356.000 929196
1357.000 1736622
1358.000 1355280
1359.000 1575516
1360.000 1021088
1361.000 1294795
1362.000 1187608
1363.000 882195
1364.000 1721908
1365.000 1766536
1366.000 1834334
1367.000 1792535
1368.000 1857079
1369.000 1833015
1370.000 1844861
1371.000 1826477
1372.000 1546757
1373.000 1441821
1374.000 1650559
1375.000 1760901
1376.000 1801564
1377.000 1822021
1378.000 1640651
1379.000 1279224
1380.000 649885
1381.000 703834
1382.000 650880
1383.000 1409178
1384.000 838518
1385.000 650263
1386.000 750832
1387.000 752854
1388.000 982316
1389.000 878740
1390.000 787826
1391.000 631637
1392.000 741722
1393.000 730938
1394.000 1328814
1395.000 863543
1396.000 796818
1397.000 722963
1398.000 1566095
1399.000 1131844
1400.000 778226
1401.000 759617
1402.000 819159
1403.000 703657
1404.000 697966
1405.000 820676
1406.000 1385402
1407.000 1707614
1408.000 1741273
1409.000 1745805
1410.000 1432795
1411.000 1783127
1412.000 1642912
1413.000 1623573
1414.000 1697146
1415.000 1526781
1416.000 822586
1417.000 1096552
1418.000 1082687
1419.000 1242355
1420.000 613384
1421.000 1005165
1422.000 1286141
1423.000 738644
1424.000 859394
1425.000 1365466
1426.000 1737966
1427.000 1724461
1428.000 1737104
1429.000 1724136
1430.000 1730750
1431.000 1813904
1432.000 1437239
1433.000 1411460
1434.000 1537047
1435.000 1702887
1436.000 1314058
1437.000 937544
1438.000 579723
1439.000 498567
1440.000 529726
1441.000 1003498
1442.000 183269
1443.000 185374
1444.000 184119
1445.000 171941
1446.000 170087
1447.000 169376
1448.000 168660
1449.000 168660
1450.000 168660
1451.000 168660
1452.000 173402
1453.000 165849
1454.000 168660
1455.000 168660
1456.000 168660
1457.000 168660
1458.000 168660
1459.000 166469
1460.000 184095
1461.000 180965
1462.000 181847
1463.000 638237
1464.000 353089
1465.000 172320
1466.000 172116
1467.000 169260
1468.000 174773
1469.000 171960
1470.000 184789
1471.000 179003
1472.000 172656
1473.000 771551
1474.000 1330092
1475.000 1492121
1476.000 1580435
1477.000 1543219
1478.000 1504267
1479.000 1109556
1480.000 425479
1481.000 361269
1482.000 349466
1483.000 340591
1484.000 342765
1485.000 345603
1486.000 362941
1487.000 425914
1488.000 384114
1489.000 392416
1490.000 365143
1491.000 1039569
1492.000 326285
1493.000 308391
1494.000 322268
1495.000 328945
1496.000 429252
1497.000 300115
1498.000 341951
1499.000 352892
1500.000 315545
1501.000 305016
1502.000 282797
1503.000 290536
1504.000 285749
1505.000 294472
1506.000 286740
1507.000 281978
1508.000 289853
1509.000 603828
1510.000 587055
1511.000 289844
1512.000 287380
1513.000 283436
1514.000 299506
1515.000 381154
1516.000 171058
1517.000 173584
1518.000 171508
1519.000 170788
1520.000 171880
1521.000 172733
1522.000 178385
1523.000 170342
1524.000 170181
1525.000 168962
1526.000 168660
1527.000 171618
1528.000 167606
1529.000 172918
1530.000 168868
1531.000 170384
1532.000 168416
1533.000 174313
1534.000 173559
1535.000 812496
1536.000 732279
1537.000 703459
1538.000 734275
1539.000 889154
1540.000 831834
1541.000 1376766
1542.000 1830183
1543.000 975688
1544.000 869905
1545.000 770073
1546.000 856989
1547.000 1780253
1548.000 1603741
1549.000 1137602
1550.000 1249961
1551.000 1880116
1552.000 1515806
1553.000 989405
1554.000 1288047
1555.000 1832482
1556.000 1761527
1557.000 999509
1558.000 1794576
1559.000 1798247
1560.000 906991
1561.000 878074
1562.000 1858786
1563.000 1521623
1564.000 1549430
1565.000 1480383
1566.000 1474939
1567.000 1014248
1568.000 1693552
1569.000 705674
1570.000 631245
1571.000 559058
1572.000 768814
1573.000 1026335
1574.000 535272
1575.000 486132
1576.000 1482578
1577.000 1641445
1578.000 1552534
1579.000 1450801
1580.000 1498882
1581.000 1479397
1582.000 1114676
1583.000 441963
1584.000 523491
1585.000 1822427
1586.000 712614
1587.000 1439326
1588.000 1573403
1589.000 1464558
1590.000 1510250
1591.000 1615824
1592.000 1356520
1593.000 709325
1594.000 977063
1595.000 1539395
1596.000 908713
1597.000 1758214
1598.000 1651165
1599.000 927561
1600.000 1661688
1601.000 1289834
1602.000 1028626
1603.000 1138607
1604.000 982295
1605.000 1004251
1606.000 1061436
1607.000 922430
1608.000 1027357
1609.000 1118375
1610.000 923069
1611.000 1077931
1612.000 1099103
1613.000 974155
1614.000 1040416
1615.000 1103374
1616.000 1166611
1617.000 946321
1618.000 1219434
1619.000 1801879
1620.000 1114735
1621.000 585942
1622.000 1131951
1623.000 1768600
1624.000 1373995
1625.000 1616750
1626.000 1585444
1627.000 1626627
1628.000 1678525
1629.000 1743721
1630.000 1796754
1631.000 1838199
1632.000 1776878
1633.000 1857802
1634.000 1860132
1635.000 1873988
1636.000 1769960
1637.000 1159545
1638.000 1082839
1639.000 1136549
1640.000 1661234
1641.000 1843652
1642.000 1836843
1643.000 1714599
1644.000 1147012
1645.000 935395
1646.000 1186103
1647.000 1277517
1648.000 1030601
1649.000 1104240
1650.000 1145787
1651.000 942489
1652.000 1182966
1653.000 1784747
1654.000 1727014
1655.000 1220059
1656.000 1135549
1657.000 942701
1658.000 920351
1659.000 1065418
1660.000 981877
1661.000 929800
1662.000 1160007
1663.000 1230731
1664.000 1624982
1665.000 1586298
1666.000 1233450
1667.000 1342655
1668.000 1811466
1669.000 1281701
1670.000 1191725
1671.000 938492
1672.000 854448
1673.000 816874
1674.000 868609
1675.000 850707
1676.000 843393
1677.000 835988
1678.000 887175
1679.000 839508
1680.000 884047
1681.000 1024332
1682.000 981045
1683.000 1341198
1684.000 1764625
1685.000 944535
1686.000 835063
1687.000 1009355
1688.000 922530
1689.000 919362
1690.000 947017
1691.000 953427
1692.000 859353
1693.000 926241
1694.000 978540
1695.000 1491550
1696.000 1828598
1697.000 1753280
1698.000 1718094
1699.000 1794918
1700.000 897946
1701.000 1408636
1702.000 1724161
1703.000 1690257
1704.000 1452640
1705.000 921053
1706.000 943889
1707.000 937605
1708.000 1556199
1709.000 1654116
1710.000 1347478
1711.000 1548706
1712.000 1512013
1713.000 1369511
1714.000 1445209
1715.000 1308179
1716.000 1338298
1717.000 1448383
1718.000 1704004
1719.000 1580626
1720.000 1237291
1721.000 1325091
1722.000 700145
1723.000 577794
1724.000 471862
1725.000 420620
1726.000 813383
1727.000 973507
1728.000 1698669
1729.000 1561110
1730.000 924760
1731.000 630343
1732.000 713384
1733.000 648631
1734.000 647286
1735.000 635398
1736.000 651675
1737.000 661967
1738.000 659269
1739.000 1251871
1740.000 1508893
1741.000 822374
1742.000 541485
1743.000 479580
1744.000 432217
1745.000 502386
1746.000 490369
1747.000 724135
1748.000 1692654
1749.000 1043820
1750.000 1238441
1751.000 971138
1752.000 729130
1753.000 914826
1754.000 1381782
1755.000 1284627
1756.000 894529
1757.000 1014083
1758.000 951539
1759.000 1285601
1760.000 858799
1761.000 1538313
1762.000 1369956
1763.000 1040481
1764.000 1517273
1765.000 1019187
1766.000 770385
1767.000 622984
1768.000 625111
1769.000 723254
1770.000 1497425
1771.000 1339064
1772.000 1226433
1773.000 951975
1774.000 1060904
1775.000 1649107
1776.000 1311623
1777.000 1468613
1778.000 1318747
1779.000 800669
1780.000 842050
1781.000 1455072
1782.000 928351
1783.000 1255179
1784.000 907797
1785.000 871147
1786.000 840446
1787.000 908253
1788.000 1391168
1789.000 1510581
1790.000 942281
1791.000 741227
1792.000 705277
1793.000 742121
1794.000 692255
1795.000 708870
1796.000 634836
1797.000 578557
1798.000 591884
1799.000 575719
1800.000 566857
1801.000 616224
1802.000 545448
1803.000 577158
1804.000 799875
1805.000 1804737
1806.000 1596802
1807.000 1521987
1808.000 1479781
1809.000 1503196
1810.000 1550097
1811.000 1066696
1812.000 1309791
1813.000 812632
1814.000 692173
1815.000 1335182
1816.000 695139
1817.000 920053
1818.000 706386
1819.000 713721
1820.000 721577
1821.000 673487
1822.000 744734
1823.000 1533822
1824.000 1532928
1825.000 899950
1826.000 701941
1827.000 650474
1828.000 637099
1829.000 603351
1830.000 1501223
1831.000 1608829
1832.000 1124576
1833.000 975123
1834.000 801500
1835.000 1132766
1836.000 698746
1837.000 668387
1838.000 594700
1839.000 618760
1840.000 646199
1841.000 631228
1842.000 1144887
1843.000 616501
1844.000 1643860
1845.000 1136828
1846.000 1334890
1847.000 1154171
1848.000 1690519
1849.000 1682433
1850.000 1043307
1851.000 704220
1852.000 818590
1853.000 925064
1854.000 582710
1855.000 566398
1856.000 561949
1857.000 676267
1858.000 1840656
1859.000 1680067
1860.000 1571222
1861.000 1688419
1862.000 1435363
1863.000 1589881
1864.000 1385363
1865.000 1619071
1866.000 1688677
1867.000 1372575
1868.000 1554978
1869.000 1634145
1870.000 1650866
1871.000 1060709
1872.000 803523
1873.000 722066
1874.000 1825338
1875.000 552118
1876.000 718295
1877.000 1119792
1878.000 1698448
1879.000 1497426
1880.000 983129
1881.000 1496032
1882.000 1263431
1883.000 1494429
1884.000 1479972
1885.000 1121887
1886.000 913459
1887.000 1587491
1888.000 669502
1889.000 1402897
1890.000 968611
1891.000 1746137
1892.000 843158
1893.000 903536
1894.000 792213
1895.000 1130509
1896.000 1168001
1897.000 1358865
1898.000 769621
1899.000 1406698
1900.000 1547063
1901.000 1254688
1902.000 1221823
1903.000 596816
1904.000 540527
1905.000 496750
1906.000 744632
1907.000 1441986
1908.000 1587557
1909.000 1313235
1910.000 1293106
1911.000 1314376
1912.000 1162950
1913.000 1436407
1914.000 1821406
1915.000 1767709
1916.000 1244468
1917.000 1175520
1918.000 987619
1919.000 1056889
1920.000 1181752
1921.000 996884
1922.000 975152
1923.000 1064608
1924.000 963952
1925.000 939176
1926.000 985943
1927.000 972431
1928.000 913893
1929.000 1044924
1930.000 1059589
1931.000 890485
1932.000 1108151
1933.000 1115895
1934.000 950957
1935.000 1063785
1936.000 1079547
1937.000 908437
1938.000 1129816
1939.000 1087732
1940.000 934086
1941.000 988687
1942.000 1067631
1943.000 865866
1944.000 909580
1945.000 997669
1946.000 936998
1947.000 815517
1948.000 1007876
1949.000 956442
1950.000 940015
1951.000 1059509
1952.000 919007
1953.000 873539
1954.000 984232
1955.000 1145505
1956.000 1062217
1957.000 1103067
1958.000 1177969
1959.000 929696
1960.000 1223976
1961.000 1803583
1962.000 1755677
1963.000 1611443
1964.000 1355297
1965.000 1473899
1966.000 1278248
1967.000 1849176
1968.000 1720614
1969.000 1652420
1970.000 1113416
1971.000 1607369
1972.000 1516806
1973.000 1302971
1974.000 1268425
1975.000 1714852
1976.000 962542
1977.000 1474966
1978.000 936969
1979.000 1712661
1980.000 1779569
1981.000 1035371
1982.000 1641360
1983.000 1776274
1984.000 1717041
1985.000 1862274
1986.000 1849166
1987.000 1857947
1988.000 1823799
1989.000 1819990
1990.000 1627796
1991.000 1217086
1992.000 1180986
1993.000 1455735
1994.000 1747513
1995.000 1743087
1996.000 1759818
1997.000 1790587
1998.000 1781170
1999.000 1370937
2000.000 881553
2001.000 1286809
2002.000 1413502
2003.000 1328994
2004.000 1066809
2005.000 932609
2006.000 1777106
2007.000 1479521
2008.000 1642185
2009.000 853217
2010.000 1436763
2011.000 1293363
2012.000 1402186
2013.000 1518427
2014.000 1279563
2015.000 1590682
2016.000 1741827
2017.000 1216489
2018.000 1671188
2019.000 1512033
2020.000 1306976
2021.000 1421968
2022.000 962088
2023.000 1159249
2024.000 1708185
2025.000 1410253
2026.000 951667
2027.000 950470
2028.000 944503
2029.000 929552
2030.000 958923
2031.000 1002772
2032.000 1065220
2033.000 1097647
2034.000 998325
2035.000 976694
2036.000 980018
2037.000 986568
2038.000 1242344
2039.000 1357843
2040.000 953827
2041.000 843666
2042.000 1031023
2043.000 1112962
2044.000 931870
2045.000 1057415
2046.000 1072667
2047.000 864081
2048.000 993220
2049.000 1131748
2050.000 964033
2051.000 987905
2052.000 1091278
2053.000 890902
2054.000 908969
2055.000 1079891
2056.000 922404
2057.000 955699
2058.000 1048179
2059.000 1206069
2060.000 1199739
2061.000 1022122
2062.000 1244533
2063.000 1091254
2064.000 1110683
2065.000 1086356
2066.000 1172299
2067.000 1138617
2068.000 1264136
2069.000 1189883
2070.000 1056730
2071.000 985373
2072.000 1200606
2073.000 1056161
2074.000 1326957
2075.000 1460676
2076.000 996850
2077.000 1304644
2078.000 1263765
2079.000 1195002
2080.000 1595466
2081.000 1695424
2082.000 1644198
2083.000 1650854
2084.000 1672881
2085.000 1743585
2086.000 1442761
2087.000 1173432
2088.000 1585784
2089.000 986646
2090.000 1505022
2091.000 1525486
2092.000 1229699
2093.000 752436
2094.000 1874812
2095.000 1477667
2096.000 1507696
2097.000 1634711
2098.000 1538885
2099.000 1796556
2100.000 1604250
2101.000 1748317
2102.000 1623759
2103.000 1503633
2104.000 1426459
2105.000 1487752
2106.000 1330499
2107.000 1529048
2108.000 1483981
2109.000 1404577
2110.000 1030151
2111.000 1042502
2112.000 779800
2113.000 621510
2114.000 905332
2115.000 1210030
2116.000 1697225
2117.000 1531670
2118.000 1522381
2119.000 1511211
2120.000 982186
2121.000 1420958
2122.000 1048687
2123.000 1244767
2124.000 883185
2125.000 936059
2126.000 1118092
2127.000 893192
2128.000 1228074
2129.000 856641
2130.000 1126829
2131.000 1136935
2132.000 1704844
2133.000 1131566
2134.000 1186306
2135.000 1177142
2136.000 1551351
2137.000 1681306
2138.000 1689871
2139.000 1101020
2140.000 978815
2141.000 1119679
2142.000 1736850
2143.000 1054030
2144.000 1480327
2145.000 808241
2146.000 1350634
2147.000 1312503
2148.000 1581030
2149.000 1732992
2150.000 1795023
2151.000 1666412
2152.000 1411306
2153.000 1442927
2154.000 1437406
2155.000 1708104
2156.000 1650698
2157.000 1580311
2158.000 1547144
2159.000 727741
2160.000 506941
2161.000 564533
2162.000 1762195
2163.000 1737789
2164.000 1594847
2165.000 1380642
2166.000 931721
2167.000 968276
2168.000 899128
2169.000 983044
2170.000 686097
2171.000 811017
2172.000 823154
2173.000 732009
2174.000 755347
2175.000 755526
2176.000 721125
2177.000 745956
2178.000 750958
2179.000 698604
2180.000 748050
2181.000 717194
2182.000 703506
2183.000 858730
2184.000 912382
2185.000 706274
2186.000 453512
2187.000 557983
2188.000 550521
2189.000 546522
2190.000 530995
2191.000 593308
2192.000 821381
2193.000 1035036
2194.000 931783
2195.000 1074269
2196.000 1279530
2197.000 1159179
2198.000 1185774
2199.000 1275183
2200.000 1334993
2201.000 1203087
2202.000 1239501
2203.000 1361305
2204.000 1219421
2205.000 1424929
2206.000 945210
2207.000 630867
2208.000 650997
2209.000 835908
2210.000 737439
2211.000 755523
2212.000 1546144
2213.000 1535836
2214.000 1397833
2215.000 1220303
2216.000 1848922
2217.000 1719075
2218.000 1616423
2219.000 1610493
2220.000 1767476
2221.000 1738048
2222.000 1774552
2223.000 1558999
2224.000 1331413
2225.000 1581272
2226.000 1319585
2227.000 1512044
2228.000 1374374
2229.000 1455718
2230.000 1383069
2231.000 638734
2232.000 410130
2233.000 768579
2234.000 1764725
2235.000 1122589
2236.000 483231
2237.000 498065
2238.000 1514086
2239.000 1725351
2240.000 1631960
2241.000 1152383
2242.000 429552
2243.000 409283
2244.000 454854
2245.000 530313
2246.000 1038437
2247.000 1714241
2248.000 1129977
2249.000 727857
2250.000 712548
2251.000 742360
2252.000 737121
2253.000 1190966
2254.000 1132147
2255.000 1162158
2256.000 1405131
2257.000 1539382
2258.000 873251
2259.000 648725
2260.000 585548
2261.000 823975
2262.000 1446612
2263.000 1320081
2264.000 1375053
2265.000 1472249
2266.000 1391793
2267.000 1725871
2268.000 1672248
2269.000 1446387
2270.000 1493541
2271.000 1521970
2272.000 1549957
2273.000 1627977
2274.000 1564276
2275.000 1653176
2276.000 1582811
2277.000 1473208
2278.000 1494485
2279.000 1669270
2280.000 1606936
2281.000 1312813
2282.000 1459681
2283.000 1578942
2284.000 1608617
2285.000 1710819
2286.000 1612949
2287.000 1581115
2288.000 1682899
2289.000 1674461
2290.000 1563045
2291.000 1515193
2292.000 1579427
2293.000 1699856
2294.000 1730769
2295.000 804046
2296.000 355244
2297.000 588373
2298.000 426318
2299.000 428941
2300.000 1056282
2301.000 876833
2302.000 1169574
2303.000 925165
2304.000 925341
2305.000 1239311
2306.000 1075890
2307.000 1436180
2308.000 823059
2309.000 1099093
2310.000 945091
2311.000 1507649
2312.000 1132315
2313.000 769867
2314.000 1344685
2315.000 859073
2316.000 593601
2317.000 1244333
2318.000 1759831
2319.000 1377687
2320.000 1241423
2321.000 495263
2322.000 1479943
2323.000 1737372
2324.000 1700011
2325.000 1532293
2326.000 1626879
2327.000 1485642
2328.000 1506909
2329.000 718187
2330.000 1805401
2331.000 1671726
2332.000 1150868
2333.000 1280637
2334.000 1072209
2335.000 945154
2336.000 1093240
2337.000 1486058
2338.000 1117126
2339.000 1309733
2340.000 1764692
2341.000 1683873
2342.000 1539152
2343.000 1566181
2344.000 1689899
2345.000 959800
2346.000 862627
2347.000 903528
2348.000 775178
2349.000 675010
2350.000 848971
2351.000 903934
2352.000 812563
2353.000 1114977
2354.000 1697010
2355.000 1452517
2356.000 1323080
2357.000 979271
2358.000 1195844
2359.000 948516
2360.000 1019806
2361.000 913251
2362.000 901349
2363.000 976526
2364.000 892729
2365.000 1452092
2366.000 1657900
2367.000 1652945
2368.000 1652620
2369.000 1495379
2370.000 1384761
2371.000 1557609
2372.000 959090
2373.000 1108478
2374.000 492511
2375.000 485623
2376.000 1669466
2377.000 1588716
2378.000 1471389
2379.000 1230964
2380.000 1368978
2381.000 475491
2382.000 354102
2383.000 383899
2384.000 329693
2385.000 274691
2386.000 317792
2387.000 326319
2388.000 304373
2389.000 664657
2390.000 1261652
2391.000 1471632
2392.000 1348821
2393.000 1463082
2394.000 1175406
2395.000 1792617
2396.000 1553914
2397.000 1236495
2398.000 1762635
2399.000 1639311
2400.000 1696821
2401.000 1553892
2402.000 1505096
2403.000 1439044
2404.000 1724246
2405.000 1770730
2406.000 1738853
2407.000 1582048
2408.000 1401415
2409.000 1335507
2410.000 778978
2411.000 1104321
2412.000 662145
2413.000 1656676
2414.000 1662129
2415.000 1646121
2416.000 1691141
2417.000 1753435
2418.000 1008123
2419.000 694525
2420.000 835362
2421.000 1219110
2422.000 1181972
2423.000 1759253
2424.000 1626300
2425.000 1714157
2426.000 1620902
2427.000 1431690
2428.000 887726
2429.000 625048
2430.000 615813
2431.000 508376
2432.000 598632
2433.000 535688
2434.000 434394
2435.000 312747
2436.000 284062
2437.000 701568
2438.000 527958
2439.000 513942
2440.000 462878
2441.000 511476
2442.000 627431
2443.000 492580
2444.000 512795
2445.000 447242
2446.000 421167
2447.000 417210
2448.000 432629
2449.000 421310
2450.000 572702
2451.000 834425
2452.000 1856999
2453.000 926024
2454.000 892827
2455.000 916066
2456.000 759762
2457.000 878544
2458.000 857421
2459.000 687026
2460.000 587428
2461.000 510395
2462.000 467727
2463.000 471102
2464.000 483334
2465.000 422039
2466.000 443186
2467.000 508964
2468.000 426430
2469.000 402851
2470.000 473264
2471.000 402071
2472.000 436277
2473.000 479582
2474.000 446931
2475.000 445800
2476.000 465561
2477.000 445043
2478.000 449897
2479.000 482640
2480.000 520120
2481.000 397739
2482.000 433365
2483.000 481047
2484.000 407412
2485.000 453853
2486.000 1123714
2487.000 1677620
2488.000 1661999
2489.000 1645867
2490.000 1452690
2491.000 1325501
2492.000 1159484
2493.000 1627625
2494.000 1253785
2495.000 1192980
2496.000 1394358
2497.000 809213
2498.000 573031
2499.000 476850
2500.000 593570
2501.000 586794
2502.000 419190
2503.000 446725
2504.000 1373116
2505.000 1638118
2506.000 1683180
2507.000 1743529
2508.000 1720273
2509.000 1532524
2510.000 1397524
2511.000 1049297
2512.000 1084119
2513.000 1313735
2514.000 1407276
2515.000 1451972
2516.000 1242617
2517.000 853554
2518.000 779328
2519.000 1365407
2520.000 1266836
2521.000 1502237
2522.000 974593
2523.000 873118
2524.000 765303
2525.000 1669488
2526.000 1407067
2527.000 1674049
2528.000 1642986
2529.000 1698268
2530.000 1627615
2531.000 1488029
2532.000 871306
2533.000 1224497
2534.000 859141
2535.000 1567970
2536.000 1486257
2537.000 784256
2538.000 654481
2539.000 728157
2540.000 1759616
2541.000 1700515
2542.000 1668375
2543.000 1663476
2544.000 1663649
2545.000 1677609
2546.000 1392489
2547.000 1300967
2548.000 1114258
2549.000 1405863
2550.000 1552520
2551.000 1722917
2552.000 1698878
2553.000 1599850
2554.000 918641
2555.000 1061725
2556.000 947493
2557.000 1112809
2558.000 1164881
2559.000 1695450
2560.000 1621551
2561.000 1550981
2562.000 1295660
2563.000 975420
2564.000 1591810
2565.000 1350603
2566.000 928130
2567.000 1464493
2568.000 1539615
2569.000 1636528
2570.000 1628038
2571.000 1697579
2572.000 1707070
2573.000 1502922
2574.000 1484315
2575.000 1499287
2576.000 1675425
2577.000 1706315
2578.000 1645999
2579.000 1534919
2580.000 1593155
2581.000 1585760
2582.000 1677149
2583.000 1676431
2584.000 1639260
2585.000 1728277
2586.000 1412796
2587.000 1556371
2588.000 1283331
2589.000 984720
2590.000 1064142
2591.000 905394
2592.000 883808
2593.000 1008419
2594.000 1155332
2595.000 1529724
2596.000 855174
2597.000 787042
2598.000 872936
2599.000 1096897
2600.000 1729257
2601.000 1696246
2602.000 1747343
2603.000 1760291
2604.000 1381306
2605.000 1069202
2606.000 996957
2607.000 1239335
2608.000 1775869
2609.000 1153896
2610.000 943585
2611.000 982665
2612.000 946092
2613.000 927305
2614.000 1856442
2615.000 1614440
2616.000 802962
2617.000 1351971
2618.000 1742545
2619.000 1536140
2620.000 1547340
2621.000 1681490
2622.000 1738433
2623.000 1578084
2624.000 1796385
2625.000 1791355
2626.000 1768758
2627.000 1794785
2628.000 1732761
2629.000 1787577
2630.000 1807408
2631.000 1759332
2632.000 1840039
2633.000 1226438
2634.000 989241
2635.000 855090
2636.000 803366
2637.000 833989
2638.000 871817
2639.000 824444
2640.000 756970
2641.000 819152
2642.000 809703
2643.000 822190
2644.000 844030
2645.000 825031
2646.000 857722
2647.000 942436
2648.000 908486
2649.000 941113
2650.000 952013
2651.000 1004162
2652.000 909571
2653.000 899087
2654.000 836668
2655.000 1162867
2656.000 887111
2657.000 878824
2658.000 743448
2659.000 488082
2660.000 1186739
2661.000 1702873
2662.000 1353524
2663.000 1210361
2664.000 1460400
2665.000 1143411
2666.000 909933
2667.000 830424
2668.000 715453
2669.000 764347
2670.000 899609
2671.000 851431
2672.000 1433781
2673.000 1586789
2674.000 1027922
2675.000 1417411
2676.000 1276964
2677.000 1565063
2678.000 1136147
2679.000 1039277
2680.000 1268867
2681.000 1339936
2682.000 1304417
2683.000 1347253
2684.000 1359722
2685.000 941619
2686.000 805393
2687.000 1064266
2688.000 1497764
2689.000 1267088
2690.000 970536
2691.000 581923
2692.000 215158
2693.000 211100
2694.000 216037
2695.000 207606
2696.000 216777
2697.000 224379
2698.000 217316
2699.000 203110
2700.000 169828
2701.000 170168
2702.000 168660
2703.000 165849
2704.000 171471
2705.000 165849
2706.000 178452
2707.000 163578
2708.000 168660
2709.000 172749
2710.000 169716
2711.000 168755
2712.000 165849
2713.000 168660
2714.000 174405
2715.000 190642
2716.000 172149
2717.000 477968
2718.000 949056
2719.000 1591016
2720.000 980520
2721.000 418748
2722.000 290379
2723.000 202958
2724.000 201871
2725.000 203408
2726.000 189426
2727.000 202589
2728.000 192441
2729.000 199798
2730.000 203645
2731.000 208715
2732.000 199235
2733.000 200129
2734.000 209825
2735.000 199597
2736.000 198445
2737.000 195313
2738.000 198159
2739.000 200398
2740.000 200864
2741.000 201894
2742.000 200741
2743.000 197066
2744.000 202727
2745.000 204561
2746.000 201936
2747.000 200026
2748.000 199812
2749.000 198499
2750.000 202341
2751.000 202466
2752.000 201113
2753.000 206236
2754.000 199819
2755.000 197375
2756.000 195610
2757.000 198814
2758.000 193386
2759.000 200835
2760.000 198739
2761.000 197649
2762.000 202101
2763.000 198116
2764.000 205616
2765.000 202484
2766.000 199408
2767.000 582983
2768.000 221146
2769.000 851672
2770.000 1570149
2771.000 1420256
2772.000 1202367
2773.000 1160552
2774.000 1071886
2775.000 1137188
2776.000 966080
2777.000 1311644
2778.000 1183450
2779.000 1214927
2780.000 1402452
2781.000 1225593
2782.000 1356965
2783.000 1469399
2784.000 1338264
2785.000 1383339
2786.000 428160
2787.000 653812
2788.000 1672845
2789.000 1527500
2790.000 1348616
2791.000 1346730
2792.000 1173447
2793.000 1212707
2794.000 1436506
2795.000 1544140
2796.000 1588375
2797.000 1338243
2798.000 1429957
2799.000 1615937
2800.000 1301290
2801.000 1460176
2802.000 1554771
2803.000 1540073
2804.000 1599882
2805.000 1353444
2806.000 1337186
2807.000 1507016
2808.000 887780
2809.000 345059
2810.000 420187
2811.000 475333
2812.000 666583
2813.000 193903
2814.000 237512
2815.000 233781
2816.000 198081
2817.000 264785
2818.000 241574
2819.000 275639
2820.000 251077
2821.000 174790
2822.000 188782
2823.000 252375
2824.000 205161
2825.000 1525890
2826.000 1546275
2827.000 1517194
2828.000 1641712
2829.000 1510601
2830.000 1320758
2831.000 1468906
2832.000 1291255
2833.000 1396031
2834.000 1544842
2835.000 1513194
2836.000 1571111
2837.000 1350357
2838.000 1419756
2839.000 1609780
2840.000 1304789
2841.000 1429310
2842.000 1556247
2843.000 1541071
2844.000 1596615
2845.000 1358686
2846.000 1366654
2847.000 1455632
2848.000 1383282
2849.000 1510441
2850.000 1551650
2851.000 1533681
2852.000 1570100
2853.000 1373720
2854.000 1336535
2855.000 1457693
2856.000 1312041
2857.000 1404207
2858.000 1609156
2859.000 1627569
2860.000 1576080
2861.000 1352702
2862.000 1338802
2863.000 1472622
2864.000 1293967
2865.000 1394487
2866.000 1543336
2867.000 1520754
2868.000 1635520
2869.000 1562202
2870.000 1335902
2871.000 1447546
2872.000 1311519
2873.000 1373173
2874.000 1565668
2875.000 1490825
2876.000 1580370
2877.000 1343934
2878.000 1388092
2879.000 1627878
2880.000 1308888
2881.000 1409631
2882.000 1582560
2883.000 1519212
2884.000 1577335
2885.000 1379670
2886.000 1344904
2887.000 1461206
2888.000 1356805
2889.000 1563096
2890.000 1544703
2891.000 1530188
2892.000 1574338
2893.000 1370051
2894.000 1334416
2895.000 1470134
2896.000 1314189
2897.000 1368190
2898.000 1615372
2899.000 1666554
2900.000 1574534
2901.000 1355261
2902.000 1345616
2903.000 1455759
2904.000 1306931
2905.000 1408299
2906.000 1554690
2907.000 1533330
2908.000 1607872
2909.000 1536924
2910.000 1348037
2911.000 1464450
2912.000 1281720
2913.000 1407602
2914.000 1557417
2915.000 1497135
2916.000 1585629
2917.000 1358496
2918.000 1401519
2919.000 1613865
2920.000 1322174
2921.000 1425860
2922.000 1575172
2923.000 1524336
2924.000 1593980
2925.000 1369297
2926.000 1337192
2927.000 1476338
2928.000 1351902
2929.000 1560597
2930.000 1542028
2931.000 1534413
2932.000 1596385
2933.000 1367679
2934.000 1335302
2935.000 1473357
2936.000 1283733
2937.000 1417456
2938.000 1586681
2939.000 1665489
2940.000 1593951
2941.000 1352356
2942.000 1338971
2943.000 1460384
2944.000 1314629
2945.000 1388716
2946.000 1573157
2947.000 1500874
2948.000 1629173
2949.000 1603336
2950.000 1317145
2951.000 1486172
2952.000 1279314
2953.000 1413488
2954.000 1543674
2955.000 1522742
2956.000 1559700
2957.000 1359230
2958.000 1378865
2959.000 1652095
2960.000 1322091
2961.000 1425941
2962.000 1577296
2963.000 1511036
2964.000 1582832
2965.000 1397304
2966.000 1331018
2967.000 1479506
2968.000 1337587
2969.000 1578872
2970.000 1569668
2971.000 1527684
2972.000 1571144
2973.000 1366103
2974.000 1354350
2975.000 1470630
2976.000 1305282
2977.000 1384097
2978.000 1591047
2979.000 1686212
2980.000 1597153
2981.000 1352312
2982.000 1344884
2983.000 1474375
2984.000 1288363
2985.000 1404317
2986.000 1570587
2987.000 1529294
2988.000 1591893
2989.000 1561824
2990.000 1346204
2991.000 1469420
2992.000 1278361
2993.000 1396534
2994.000 1569492
2995.000 1503449
2996.000 1586929
2997.000 1341508
2998.000 1384792
2999.000 1653539
3000.000 1306575
3001.000 1424990
3002.000 1558195
3003.000 1511899
3004.000 1608230
3005.000 1378483
3006.000 1354604
3007.000 1455872
3008.000 1321316
3009.000 1587483
3010.000 1563371
3011.000 1513181
3012.000 1636637
3013.000 1385874
3014.000 1333350
3015.000 1471532
3016.000 1309185
3017.000 1419470
3018.000 875397
3019.000 245519
3020.000 240824
3021.000 231762
3022.000 241387
3023.000 211329
3024.000 186990
3025.000 300294
3026.000 243487
3027.000 295940
3028.000 213270
3029.000 229733
3030.000 200684
3031.000 194218
3032.000 200200
3033.000 195823
3034.000 208685
3035.000 195861
3036.000 197508
3037.000 206138
3038.000 212029
3039.000 201848
3040.000 211456
3041.000 215944
3042.000 196588
3043.000 216932
3044.000 218892
3045.000 227733
3046.000 196504
3047.000 205895
3048.000 206157
3049.000 276574
3050.000 195496
3051.000 201813
3052.000 373131
3053.000 237178
3054.000 240893
3055.000 233548
3056.000 358712
3057.000 278206
3058.000 284997
3059.000 173706
3060.000 507418
3061.000 377825
3062.000 441280
3063.000 346386
3064.000 351795
3065.000 183538
3066.000 188166
3067.000 181996
3068.000 185359
3069.000 183245
3070.000 180615
3071.000 186062
3072.000 182188
3073.000 175037
3074.000 183626
3075.000 176251
3076.000 178882
3077.000 173955
3078.000 174514
3079.000 196061
3080.000 197161
3081.000 195366
3082.000 201024
3083.000 190114
3084.000 197259
3085.000 192421
3086.000 185836
3087.000 196594
3088.000 187181
3089.000 185923
3090.000 188624
3091.000 187218
3092.000 184896
3093.000 188559
3094.000 183472
3095.000 186012
3096.000 186104
3097.000 182967
3098.000 188360
3099.000 182926
3100.000 183125
3101.000 187939
3102.000 182495
3103.000 188251
3104.000 179315
3105.000 184954
3106.000 188019
3107.000 181962
3108.000 185360
3109.000 180284
3110.000 183970
3111.000 185840
3112.000 179516
3113.000 178435
3114.000 183312
3115.000 176025
3116.000 178860
3117.000 175075
3118.000 172827
3119.000 196714
3120.000 197316
3121.000 196013
3122.000 200254
3123.000 192929
3124.000 191997
3125.000 192826
3126.000 189586
3127.000 193130
3128.000 189964
3129.000 186283
3130.000 191256
3131.000 184904
3132.000 186386
3133.000 187388
3134.000 183268
3135.000 188876
3136.000 182981
3137.000 182790
3138.000 188575
3139.000 179858
3140.000 186075
3141.000 188136
3142.000 182293
3143.000 188384
3144.000 182594
3145.000 179586
3146.000 190723
3147.000 178857
3148.000 185234
3149.000 186497
3150.000 180845
3151.000 186051
3152.000 179297
3153.000 178157
3154.000 180649
3155.000 176057
3156.000 177505
3157.000 176575
3158.000 178529
3159.000 193140
3160.000 197690
3161.000 195571
3162.000 200555
3163.000 193040
3164.000 191918
3165.000 195659
3166.000 189132
3167.000 193656
3168.000 187075
3169.000 183074
3170.000 191073
3171.000 184774
3172.000 190428
3173.000 183073
3174.000 183490
3175.000 188908
3176.000 186002
3177.000 182950
3178.000 185548
3179.000 185643
3180.000 186057
3181.000 182055
3182.000 182654
3183.000 191377
3184.000 182501
3185.000 179315
3186.000 190926
3187.000 187313
3188.000 205261
3189.000 205358
3190.000 188882
3191.000 359862
3192.000 1697747
3193.000 1369934
3194.000 1375630
3195.000 1539721
3196.000 1424066
3197.000 598396
3198.000 347791
3199.000 340630
3200.000 514472
3201.000 907014
3202.000 371402
3203.000 322316
3204.000 370694
3205.000 287906
3206.000 291305
3207.000 299326
3208.000 288995
3209.000 293355
3210.000 298655
3211.000 304149
3212.000 313609
3213.000 284513
3214.000 284935
3215.000 740916
3216.000 384353
3217.000 292576
3218.000 297071
3219.000 286895
3220.000 440764
3221.000 212891
3222.000 168947
3223.000 168660
3224.000 170260
3225.000 170311
3226.000 174239
3227.000 182903
3228.000 168652
3229.000 170220
3230.000 169551
3231.000 167949
3232.000 170580
3233.000 174258
3234.000 171054
3235.000 172494
3236.000 172856
3237.000 643203
3238.000 375635
3239.000 312827
3240.000 368729
3241.000 611606
3242.000 532729
3243.000 1224601
3244.000 739120
3245.000 522947
3246.000 1344005
3247.000 1602999
3248.000 1506841
3249.000 1569648
3250.000 1311074
3251.000 764860
3252.000 1821542
3253.000 1480452
3254.000 1367562
3255.000 1405298
3256.000 1105265
3257.000 1094167
3258.000 1705610
3259.000 1515260
3260.000 680450
3261.000 628084
3262.000 1846105
3263.000 1608895
3264.000 1496904
3265.000 1501272
3266.000 1523953
3267.000 1436848
3268.000 1399747
3269.000 1634121
3270.000 1648945
3271.000 1726886
3272.000 1696720
3273.000 1834676
3274.000 1826564
3275.000 1852920
3276.000 1847504
3277.000 1889055
3278.000 1864328
3279.000 1390929
3280.000 1178395
3281.000 1445217
3282.000 1867382
3283.000 1225140
3284.000 1149204
3285.000 1900984
3286.000 1271625
3287.000 1755346
3288.000 1171064
3289.000 1550393
3290.000 1851493
3291.000 1768148
3292.000 1713184
3293.000 1808755
3294.000 1852257
3295.000 1853259
3296.000 1858812
3297.000 1792095
3298.000 1729330
3299.000 1501221
3300.000 1311463
3301.000 1256167
3302.000 1342995
3303.000 1190628
3304.000 1344695
3305.000 1017152
3306.000 1017579
3307.000 1847055
3308.000 1390078
3309.000 1544200
3310.000 1822198
3311.000 1144955
3312.000 889267
3313.000 925070
3314.000 896527
3315.000 833317
3316.000 808271
3317.000 903672
3318.000 1594417
3319.000 1776713
3320.000 1621901
3321.000 1166025
3322.000 849189
3323.000 937100
3324.000 1095128
3325.000 1663344
3326.000 1638415
3327.000 1806781
3328.000 1848960
3329.000 1791861
3330.000 1267744
3331.000 1117043
3332.000 1035198
3333.000 1076249
3334.000 1094692
3335.000 1006832
3336.000 1109468
3337.000 1077252
3338.000 1121482
3339.000 1131136
3340.000 1060590
3341.000 892953
3342.000 994518
3343.000 1033920
3344.000 1222101
3345.000 1742410
3346.000 1207140
3347.000 1041461
3348.000 931839
3349.000 1032882
3350.000 911557
3351.000 1017136
3352.000 1082245
3353.000 878348
3354.000 704704
3355.000 1107772
3356.000 959094
3357.000 983088
3358.000 976325
3359.000 1391467
3360.000 1833197
3361.000 1711917
3362.000 1119454
3363.000 1065002
3364.000 1158298
3365.000 1790317
3366.000 1532100
3367.000 1585667
3368.000 1775608
3369.000 1220636
3370.000 1607960
3371.000 1536344
3372.000 1831231
3373.000 1239216
3374.000 1296265
3375.000 1274129
3376.000 1451965
3377.000 1229442
3378.000 1035238
3379.000 1128467
3380.000 1179052
3381.000 1126821
3382.000 1201252
3383.000 1222490
3384.000 1130706
3385.000 1842222
3386.000 1619829
3387.000 1399511
3388.000 1694380
3389.000 1829847
3390.000 1791861
3391.000 1860537
3392.000 1840579
3393.000 1803218
3394.000 1849563
3395.000 1727327
3396.000 1811752
3397.000 1798586
3398.000 1787719
3399.000 1784909
3400.000 1809599
3401.000 1866484
3402.000 1580422
3403.000 858610
3404.000 1015951
3405.000 851373
3406.000 865654
3407.000 1184439
3408.000 962327
3409.000 1539066
3410.000 1640378
3411.000 895796
3412.000 1432973
3413.000 1144390
3414.000 1522633
3415.000 950190
3416.000 861735
3417.000 1315930
3418.000 1638591
3419.000 1288775
3420.000 1406513
3421.000 1357017
3422.000 1403763
3423.000 1443322
3424.000 1590541
3425.000 1334824
3426.000 1554467
3427.000 1103062
3428.000 785713
3429.000 732744
3430.000 1753976
3431.000 1120685
3432.000 1517673
3433.000 1527522
3434.000 1067915
3435.000 775279
3436.000 1213366
3437.000 958948
3438.000 1127274
3439.000 749428
3440.000 743070
3441.000 589457
3442.000 581473
3443.000 537962
3444.000 451660
3445.000 421992
3446.000 584545
3447.000 536157
3448.000 559497
3449.000 619242
3450.000 1829577
3451.000 1196315
3452.000 1791280
3453.000 1768595
3454.000 1768339
3455.000 1697905
3456.000 1709534
3457.000 1741575
3458.000 1661747
3459.000 1621138
3460.000 1383050
3461.000 1123408
3462.000 1266037
3463.000 1657093
3464.000 1502646
3465.000 749625
3466.000 547910
3467.000 509486
3468.000 592680
3469.000 548446
3470.000 536261
3471.000 598174
3472.000 796602
3473.000 532494
3474.000 582477
3475.000 565913
3476.000 505916
3477.000 658759
3478.000 595053
3479.000 436196
3480.000 521811
3481.000 1773844
3482.000 1501415
3483.000 1231818
3484.000 880019
3485.000 482489
3486.000 484496
3487.000 1096496
3488.000 525464
3489.000 1576390
3490.000 1598224
3491.000 1303082
3492.000 1386293
3493.000 1345925
3494.000 1504488
3495.000 1500903
3496.000 1536382
3497.000 1566121
3498.000 1525635
3499.000 1463438
3500.000 731155
3501.000 588537
3502.000 605378
3503.000 599404
3504.000 1261522
3505.000 1775948
3506.000 1312918
3507.000 703794
3508.000 702549
3509.000 631329
3510.000 598403
3511.000 1037879
3512.000 683904
3513.000 651584
3514.000 658971
3515.000 1008805
3516.000 1620181
3517.000 554967
3518.000 602166
3519.000 1086613
3520.000 1329411
3521.000 1222309
3522.000 594232
3523.000 585502
3524.000 644364
3525.000 833026
3526.000 1667602
3527.000 1308387
3528.000 954519
3529.000 779905
3530.000 1255716
3531.000 1580918
3532.000 1229427
3533.000 1301831
3534.000 1094627
3535.000 1320415
3536.000 819121
3537.000 888192
3538.000 1465561
3539.000 1527551
3540.000 1113913
3541.000 1368334
3542.000 1302671
3543.000 1231060
3544.000 659980
3545.000 602481
3546.000 585788
3547.000 551325
3548.000 523346
3549.000 510224
3550.000 512958
3551.000 1653129
3552.000 1708535
3553.000 1610159
3554.000 1668761
3555.000 1611395
3556.000 1796424
3557.000 1733518
3558.000 1602293
3559.000 1604471
3560.000 1601770
3561.000 1544801
3562.000 1524287
3563.000 1823755
3564.000 1857287
3565.000 1790008
3566.000 1679080
3567.000 1469545
3568.000 1795420
3569.000 1774055
3570.000 1789111
3571.000 1766036
3572.000 1765087
3573.000 1845224
3574.000 1719649
3575.000 1809876
3576.000 1739748
3577.000 1750086
3578.000 1747095
3579.000 1829280
3580.000 1788502
3581.000 1726344
3582.000 1622544
3583.000 1714213
3584.000 1382891
3585.000 1346004
3586.000 1404083
3587.000 1458230
3588.000 1495530
3589.000 1517946
3590.000 1599117
3591.000 1748138
3592.000 1742055
3593.000 1638235
3594.000 1714578
3595.000 1796105
3596.000 1775272
3597.000 1679510
3598.000 1785871
3599.000 1754109
3600.000 1761107
3601.000 1674982
3602.000 236369
