# Slice: eMBB | 112.217.128.201:14971 -> 10.215.173.1:49005 (UDP)
# offset_sec  packet_size_bytes
0.000 477832
1.000 537780
2.000 693044
3.000 500671
4.000 180851
5.000 190874
6.000 166384
7.000 825911
8.000 417327
9.000 437680
10.000 458633
11.000 176246
12.000 174830
13.000 168720
14.000 168660
15.000 173956
16.000 172573
17.000 175751
18.000 173212
19.000 172968
20.000 173612
21.000 396068
22.000 434754
23.000 171543
24.000 165849
25.000 168884
26.000 168939
27.000 168962
28.000 168660
29.000 168660
30.000 168660
31.000 183337
32.000 220130
33.000 176189
34.000 170028
35.000 169786
36.000 169177
37.000 171191
38.000 175860
39.000 166569
40.000 169058
41.000 215939
42.000 364208
43.000 177971
44.000 181245
45.000 177368
46.000 176816
47.000 184850
48.000 182046
49.000 181588
50.000 179321
51.000 183389
52.000 180241
53.000 182642
54.000 178899
55.000 180813
56.000 178561
57.000 176875
58.000 180092
59.000 182285
60.000 182826
61.000 709518
62.000 1235323
63.000 1696481
64.000 1113807
65.000 1675872
66.000 1709906
67.000 1605389
68.000 1688729
69.000 1637649
70.000 1501804
71.000 1747464
72.000 1670201
73.000 1674463
74.000 1655724
75.000 1615313
76.000 1649075
77.000 1676288
78.000 1695574
79.000 1573665
80.000 1707073
81.000 1607689
82.000 1657956
83.000 1726237
84.000 1697859
85.000 1684164
86.000 1673387
87.000 1603340
88.000 1634745
89.000 1671788
90.000 963577
91.000 437863
92.000 1716583
93.000 959482
94.000 1674298
95.000 853877
96.000 1011317
97.000 1137716
98.000 1639760
99.000 1010893
100.000 1363931
101.000 1491141
102.000 1824086
103.000 1782282
104.000 1529716
105.000 1472380
106.000 1318778
107.000 1696510
108.000 1801252
109.000 1753599
110.000 1826176
111.000 1759110
112.000 1732509
113.000 1785312
114.000 1767569
115.000 1787348
116.000 1763536
117.000 1823647
118.000 1784115
119.000 1810897
120.000 1790981
121.000 1812594
122.000 1760452
123.000 1724591
124.000 1710658
125.000 1787924
126.000 1661632
127.000 1806938
128.000 1674705
129.000 1790977
130.000 1374384
131.000 1100512
132.000 1115967
133.000 1714472
134.000 1545472
135.000 1469324
136.000 1260571
137.000 1504603
138.000 1539497
139.000 1510575
140.000 1556626
141.000 1255978
142.000 1339491
143.000 1544884
144.000 1561782
145.000 1480803
146.000 1539894
147.000 1320018
148.000 1147529
149.000 1848668
150.000 1374345
151.000 1441182
152.000 1473958
153.000 1523943
154.000 1342533
155.000 1616599
156.000 1169657
157.000 1390787
158.000 1558048
159.000 1305065
160.000 1254809
161.000 1616363
162.000 1536734
163.000 1652567
164.000 1366303
165.000 1461161
166.000 1531136
167.000 1375281
168.000 1567735
169.000 1135298
170.000 1344203
171.000 1482047
172.000 843315
173.000 222611
174.000 225085
175.000 224968
176.000 223130
177.000 234926
178.000 225541
179.000 546527
180.000 719242
181.000 1699589
182.000 1598216
183.000 1535156
184.000 1367560
185.000 1483166
186.000 1414139
187.000 1254867
188.000 1016278
189.000 1731047
190.000 999251
191.000 1171004
192.000 1221035
193.000 1305941
194.000 1708671
195.000 1923169
196.000 1921031
197.000 1687272
198.000 1404891
199.000 1491384
200.000 1448717
201.000 1532853
202.000 1376509
203.000 1523460
204.000 1568586
205.000 1360424
206.000 1528680
207.000 1452732
208.000 1422892
209.000 1406946
210.000 1587702
211.000 1403596
212.000 1521848
213.000 1492632
214.000 1555393
215.000 1447092
216.000 1601707
217.000 1480023
218.000 1456801
219.000 1474529
220.000 1555327
221.000 1479723
222.000 1467061
223.000 1658310
224.000 1536670
225.000 1518157
226.000 1533620
227.000 1528067
228.000 1528822
229.000 1469456
230.000 1461133
231.000 1455580
232.000 1466509
233.000 1524932
234.000 1456496
235.000 1596162
236.000 1466023
237.000 1520621
238.000 1595719
239.000 1534058
240.000 1575230
241.000 1568338
242.000 1445857
243.000 1480422
244.000 1471602
245.000 1445571
246.000 1399892
247.000 1540324
248.000 1544995
249.000 1583845
250.000 1508481
251.000 1470645
252.000 1437126
253.000 1492605
254.000 1603215
255.000 1448562
256.000 1417928
257.000 1662248
258.000 1455331
259.000 1467554
260.000 1652141
261.000 1456556
262.000 1437304
263.000 1579062
264.000 1402674
265.000 1465595
266.000 1509298
267.000 1561291
268.000 1468899
269.000 1468458
270.000 1442614
271.000 1463567
272.000 1500528
273.000 1487781
274.000 1593787
275.000 1471688
276.000 1406508
277.000 1526670
278.000 1405940
279.000 1411378
280.000 1529519
281.000 1205756
282.000 1353436
283.000 1571592
284.000 1083407
285.000 1197263
286.000 1046500
287.000 1402064
288.000 1247300
289.000 1641966
290.000 1073995
291.000 1476597
292.000 910410
293.000 1709735
294.000 1509733
295.000 587878
296.000 1239501
297.000 513073
298.000 817504
299.000 1391071
300.000 1002262
301.000 1231311
302.000 1416838
303.000 1265916
304.000 1164820
305.000 699977
306.000 477383
307.000 1411371
308.000 922295
309.000 1074615
310.000 1666079
311.000 1070935
312.000 1461171
313.000 1172459
314.000 1134320
315.000 789795
316.000 1678781
317.000 1406859
318.000 503559
319.000 491668
320.000 1246860
321.000 1636108
322.000 1374220
323.000 1115720
324.000 1780229
325.000 907440
326.000 1383652
327.000 1173200
328.000 1293028
329.000 860071
330.000 1272802
331.000 914092
332.000 1150090
333.000 947218
334.000 1791836
335.000 1312365
336.000 886526
337.000 1080128
338.000 1470956
339.000 773640
340.000 1720628
341.000 1100013
342.000 1237803
343.000 410896
344.000 309869
345.000 969212
346.000 374025
347.000 327934
348.000 949398
349.000 699898
350.000 749596
351.000 368095
352.000 881039
353.000 1463794
354.000 1304791
355.000 1691827
356.000 1430815
357.000 1236733
358.000 972629
359.000 1740148
360.000 1294932
361.000 1504613
362.000 1707256
363.000 1822299
364.000 1106112
365.000 1566049
366.000 1440852
367.000 1667491
368.000 1826017
369.000 1493987
370.000 1727008
371.000 1814593
372.000 1500139
373.000 1392306
374.000 1606273
375.000 1587267
376.000 1631645
377.000 1366955
378.000 1130097
379.000 1397983
380.000 1253638
381.000 1263902
382.000 1288689
383.000 1384479
384.000 972548
385.000 698123
386.000 1833675
387.000 1772250
388.000 1525475
389.000 1422882
390.000 1606028
391.000 1473327
392.000 1447061
393.000 1549001
394.000 1790173
395.000 1544593
396.000 1223432
397.000 390609
398.000 1222776
399.000 1322436
400.000 1807833
401.000 1358422
402.000 1200277
403.000 1772350
404.000 1296357
405.000 1805388
406.000 1373475
407.000 1203783
408.000 1654043
409.000 1316222
410.000 1380586
411.000 1532914
412.000 1334793
413.000 1406670
414.000 1768320
415.000 1075911
416.000 1702669
417.000 1412093
418.000 1386771
419.000 1496859
420.000 1434330
421.000 1242117
422.000 1781476
423.000 1010551
424.000 384760
425.000 326186
426.000 871115
427.000 1070149
428.000 1386774
429.000 948759
430.000 1038716
431.000 996844
432.000 1065212
433.000 939983
434.000 1000515
435.000 1097321
436.000 1187046
437.000 1682115
438.000 1372457
439.000 1286238
440.000 1581296
441.000 330667
442.000 1303838
443.000 1559229
444.000 1326420
445.000 1615857
446.000 1494775
447.000 1486970
448.000 909618
449.000 1680328
450.000 1355282
451.000 1320314
452.000 1606796
453.000 1535906
454.000 1610065
455.000 1762921
456.000 1743831
457.000 1815660
458.000 1820842
459.000 1660605
460.000 1013072
461.000 1847810
462.000 1545034
463.000 1851603
464.000 1469565
465.000 1552524
466.000 1768885
467.000 1466490
468.000 1598383
469.000 1889945
470.000 1636281
471.000 1796610
472.000 1634910
473.000 1441940
474.000 1619189
475.000 1505011
476.000 1691966
477.000 1673469
478.000 1513630
479.000 1665009
480.000 1591998
481.000 1412389
482.000 1388272
483.000 1520520
484.000 1478016
485.000 1204521
486.000 1757249
487.000 1782863
488.000 1557664
489.000 1856362
490.000 1769141
491.000 1716220
492.000 1520325
493.000 1607898
494.000 1610791
495.000 1334097
496.000 1408345
497.000 1478468
498.000 1464395
499.000 1532471
500.000 1543474
501.000 1579637
502.000 1632939
503.000 1453346
504.000 1756574
505.000 1827782
506.000 1464494
507.000 1614014
508.000 1710473
509.000 1693129
510.000 1518527
511.000 1674160
512.000 1799148
513.000 1880570
514.000 1787948
515.000 1868926
516.000 1315726
517.000 1375387
518.000 1824082
519.000 1464116
520.000 1590252
521.000 1619371
522.000 1453150
523.000 1556022
524.000 1577362
525.000 1808532
526.000 1678122
527.000 1485271
528.000 1282389
529.000 1728878
530.000 1710818
531.000 1717139
532.000 1181243
533.000 1570086
534.000 1509351
535.000 1672142
536.000 1551629
537.000 1146313
538.000 1353693
539.000 1555658
540.000 1774736
541.000 1739383
542.000 1769129
543.000 1769980
544.000 1688630
545.000 1474462
546.000 1533655
547.000 1847590
548.000 1757364
549.000 1797774
550.000 1542225
551.000 1534853
552.000 1857835
553.000 1713469
554.000 1759543
555.000 1898839
556.000 1844630
557.000 1737114
558.000 1781834
559.000 1641483
560.000 1450455
561.000 1637922
562.000 1812858
563.000 1503640
564.000 1540317
565.000 1716833
566.000 1572363
567.000 1839766
568.000 1715997
569.000 1530249
570.000 1841132
571.000 1687337
572.000 1467618
573.000 1714920
574.000 1788082
575.000 1776073
576.000 1771301
577.000 1551501
578.000 1270200
579.000 1489082
580.000 1873247
581.000 1542902
582.000 1561243
583.000 1821829
584.000 1838997
585.000 1812086
586.000 1641578
587.000 1315696
588.000 1825224
589.000 1622919
590.000 1657134
591.000 1722597
592.000 1513946
593.000 1144364
594.000 1262441
595.000 1562558
596.000 1783951
597.000 1680242
598.000 1443300
599.000 1700363
600.000 1856180
601.000 1815292
602.000 1107995
603.000 1356256
604.000 1370494
605.000 1308825
606.000 925838
607.000 1046890
608.000 1182036
609.000 1139697
610.000 1576033
611.000 1770604
612.000 1799661
613.000 1476780
614.000 1637882
615.000 1756918
616.000 1716515
617.000 1185125
618.000 1495095
619.000 1321206
620.000 1687437
621.000 1626776
622.000 1697860
623.000 1424947
624.000 1682651
625.000 1701200
626.000 1618183
627.000 1651474
628.000 1684585
629.000 1527904
630.000 1551679
631.000 1830660
632.000 1850156
633.000 1332638
634.000 1523582
635.000 1709336
636.000 1431349
637.000 1707079
638.000 1704442
639.000 1601231
640.000 1572278
641.000 1399477
642.000 1697611
643.000 1798511
644.000 1590881
645.000 1469489
646.000 1724424
647.000 1805400
648.000 1800505
649.000 1506849
650.000 1495018
651.000 1745733
652.000 1510631
653.000 1810142
654.000 1765872
655.000 1809536
656.000 1636310
657.000 1810691
658.000 1762621
659.000 1817682
660.000 1779081
661.000 1285331
662.000 1069534
663.000 1660501
664.000 1507393
665.000 1505905
666.000 1456913
667.000 1712934
668.000 1645663
669.000 1586584
670.000 1698077
671.000 1804693
672.000 1664934
673.000 1392583
674.000 1627241
675.000 1348119
676.000 1096662
677.000 1517338
678.000 1491834
679.000 1480729
680.000 1373076
681.000 1552435
682.000 1810382
683.000 1491333
684.000 1727925
685.000 1399654
686.000 1635354
687.000 1172769
688.000 1645029
689.000 1619540
690.000 1419760
691.000 1336224
692.000 1708018
693.000 1097091
694.000 1242347
695.000 1263578
696.000 1750072
697.000 1774629
698.000 1718910
699.000 1672882
700.000 1493542
701.000 1650252
702.000 1889624
703.000 1470402
704.000 1085941
705.000 1776972
706.000 1673697
707.000 1510487
708.000 1522662
709.000 1714878
710.000 1286787
711.000 1315484
712.000 1545252
713.000 1477809
714.000 1852683
715.000 1669149
716.000 1830073
717.000 1788314
718.000 1549578
719.000 1238681
720.000 1704430
721.000 1839819
722.000 1901690
723.000 1885527
724.000 1866079
725.000 1732207
726.000 1610431
727.000 1398998
728.000 1642286
729.000 1595329
730.000 1485790
731.000 1805806
732.000 1675638
733.000 1336573
734.000 1449738
735.000 1294585
736.000 1483685
737.000 1570336
738.000 1774952
739.000 1582753
740.000 1626111
741.000 1407243
742.000 1714612
743.000 1562731
744.000 1704125
745.000 1690680
746.000 1462898
747.000 1745014
748.000 1711702
749.000 1670513
750.000 1696140
751.000 1726020
752.000 1800446
753.000 1603363
754.000 1397726
755.000 1550349
756.000 1621286
757.000 1278327
758.000 1405940
759.000 1670600
760.000 1492765
761.000 1619978
762.000 1774413
763.000 1793417
764.000 1788402
765.000 1707226
766.000 1337356
767.000 1400890
768.000 1596321
769.000 1325450
770.000 1852216
771.000 1788691
772.000 1550871
773.000 1353328
774.000 944162
775.000 1209663
776.000 1234563
777.000 1534991
778.000 1665975
779.000 1786588
780.000 1862550
781.000 1890310
782.000 1724637
783.000 1420848
784.000 1781383
785.000 1586289
786.000 1482612
787.000 1438532
788.000 1813987
789.000 1418993
790.000 1701404
791.000 1815759
792.000 1547758
793.000 1564341
794.000 1553123
795.000 1131916
796.000 1676414
797.000 1337911
798.000 1926263
799.000 1895938
800.000 1646911
801.000 1122285
802.000 1410357
803.000 1458003
804.000 1650052
805.000 1777104
806.000 1422737
807.000 1657821
808.000 1752144
809.000 1459040
810.000 1362375
811.000 1290309
812.000 1546184
813.000 1828027
814.000 1693288
815.000 1836393
816.000 1392659
817.000 1161337
818.000 1474990
819.000 1777267
820.000 1600447
821.000 983366
822.000 1556762
823.000 1588113
824.000 1709179
825.000 1858066
826.000 1901869
827.000 1852037
828.000 1804995
829.000 1392597
830.000 1319630
831.000 1484296
832.000 1457026
833.000 1393610
834.000 1577385
835.000 982709
836.000 1083457
837.000 1207698
838.000 1103902
839.000 938428
840.000 1213883
841.000 1357759
842.000 1376082
843.000 1414508
844.000 1533696
845.000 1693976
846.000 1727146
847.000 1683272
848.000 1694452
849.000 1708414
850.000 1682081
851.000 1707872
852.000 738453
853.000 477706
854.000 1708256
855.000 900829
856.000 1632445
857.000 856606
858.000 1510034
859.000 1184980
860.000 1756567
861.000 840179
862.000 1840139
863.000 1473358
864.000 1358816
865.000 963284
866.000 1396786
867.000 1230533
868.000 1854923
869.000 741136
870.000 1857323
871.000 1337011
872.000 1395072
873.000 529869
874.000 1740370
875.000 1806550
876.000 1129243
877.000 1295732
878.000 1700599
879.000 1357373
880.000 1330360
881.000 1430943
882.000 1397493
883.000 1504136
884.000 1254017
885.000 985833
886.000 1086555
887.000 1219029
888.000 1556426
889.000 1030381
890.000 1351296
891.000 1371099
892.000 1427110
893.000 1366063
894.000 1542531
895.000 1028005
896.000 1382403
897.000 1036875
898.000 1506832
899.000 1455754
900.000 1053898
901.000 1088527
902.000 1466806
903.000 1077184
904.000 1437478
905.000 1444856
906.000 1089977
907.000 1404016
908.000 1362267
909.000 680089
910.000 317021
911.000 300433
912.000 302642
913.000 487710
914.000 1626541
915.000 685852
916.000 374072
917.000 884414
918.000 499502
919.000 660086
920.000 435337
921.000 1460647
922.000 1040406
923.000 1195344
924.000 1549205
925.000 1103805
926.000 1452450
927.000 1054115
928.000 1757140
929.000 1149191
930.000 1266652
931.000 1464567
932.000 1182403
933.000 582355
934.000 305792
935.000 716160
936.000 1472542
937.000 657521
938.000 931449
939.000 438811
940.000 608441
941.000 1089589
942.000 1413418
943.000 675280
944.000 1190331
945.000 1500468
946.000 1841981
947.000 1554373
948.000 1177654
949.000 1796781
950.000 916557
951.000 1686335
952.000 1076693
953.000 1663422
954.000 1254695
955.000 1382880
956.000 1758333
957.000 1261984
958.000 1311411
959.000 1750203
960.000 1232884
961.000 1406542
962.000 982296
963.000 211731
964.000 1014327
965.000 1295583
966.000 949983
967.000 982120
968.000 994998
969.000 1096299
970.000 1799033
971.000 887010
972.000 545604
973.000 1845134
974.000 1720944
975.000 1683916
976.000 1862293
977.000 1854395
978.000 1867728
979.000 1827664
980.000 1834290
981.000 1545732
982.000 1683107
983.000 1755177
984.000 1747062
985.000 1673293
986.000 1378821
987.000 1659281
988.000 1481565
989.000 1709684
990.000 1784541
991.000 1259688
992.000 1257855
993.000 1659823
994.000 1074004
995.000 997884
996.000 1862369
997.000 1679313
998.000 1762874
999.000 1766190
1000.000 1831276
1001.000 1854359
1002.000 1765219
1003.000 1560098
1004.000 1560928
1005.000 1840771
1006.000 1637812
1007.000 1463026
1008.000 1580237
1009.000 1462118
1010.000 1431323
1011.000 1696603
1012.000 1623804
1013.000 1654879
1014.000 1396114
1015.000 1698464
1016.000 1482227
1017.000 1354054
1018.000 1672428
1019.000 1751114
1020.000 1574198
1021.000 1575889
1022.000 1080775
1023.000 1641674
1024.000 1428051
1025.000 1167628
1026.000 1317735
1027.000 1658370
1028.000 1837465
1029.000 1688050
1030.000 1745408
1031.000 1295419
1032.000 1365014
1033.000 1787045
1034.000 1651286
1035.000 1700562
1036.000 1581187
1037.000 1384048
1038.000 1563245
1039.000 1697226
1040.000 1580668
1041.000 1539013
1042.000 1823505
1043.000 1789462
1044.000 1387809
1045.000 1368452
1046.000 1798460
1047.000 1494844
1048.000 1713321
1049.000 1649408
1050.000 1696296
1051.000 790595
1052.000 1361433
1053.000 1103393
1054.000 1143886
1055.000 1833607
1056.000 920749
1057.000 1898322
1058.000 1556742
1059.000 1781552
1060.000 1712565
1061.000 1769905
1062.000 1690157
1063.000 1615124
1064.000 1445131
1065.000 1193929
1066.000 1429656
1067.000 1388664
1068.000 1439111
1069.000 1579622
1070.000 1813751
1071.000 1774854
1072.000 1833576
1073.000 1784916
1074.000 1902116
1075.000 1771626
1076.000 1512779
1077.000 1684835
1078.000 1665504
1079.000 1283973
1080.000 1705396
1081.000 1685992
1082.000 1204469
1083.000 1248723
1084.000 1656574
1085.000 1737780
1086.000 1833384
1087.000 1762193
1088.000 1220480
1089.000 1482435
1090.000 1420011
1091.000 1577068
1092.000 1668602
1093.000 1619953
1094.000 1543185
1095.000 1668999
1096.000 1640307
1097.000 1729920
1098.000 1763282
1099.000 1629353
1100.000 1727239
1101.000 1524232
1102.000 1157842
1103.000 1330646
1104.000 1700609
1105.000 1590922
1106.000 1374891
1107.000 1709455
1108.000 1796557
1109.000 1869090
1110.000 1794942
1111.000 1888823
1112.000 1297290
1113.000 1640775
1114.000 1437864
1115.000 1312758
1116.000 1470127
1117.000 1720405
1118.000 1624927
1119.000 1570667
1120.000 1644197
1121.000 1559619
1122.000 1695436
1123.000 1399410
1124.000 1766535
1125.000 1447713
1126.000 1686640
1127.000 1785023
1128.000 1610729
1129.000 1645096
1130.000 1772120
1131.000 1699825
1132.000 1737842
1133.000 1482903
1134.000 1708709
1135.000 1619636
1136.000 1561338
1137.000 1585903
1138.000 1624599
1139.000 1406441
1140.000 1524366
1141.000 975278
1142.000 1693822
1143.000 1426385
1144.000 1331370
1145.000 1727945
1146.000 1217473
1147.000 1265323
1148.000 1685346
1149.000 1836526
1150.000 1143218
1151.000 1502515
1152.000 1597768
1153.000 1537948
1154.000 1527978
1155.000 1609683
1156.000 1739395
1157.000 1687410
1158.000 1453544
1159.000 1608755
1160.000 1773002
1161.000 1755845
1162.000 1193163
1163.000 1404001
1164.000 1085003
1165.000 1487297
1166.000 1340473
1167.000 1552344
1168.000 1457351
1169.000 1591226
1170.000 1351147
1171.000 1262700
1172.000 1796704
1173.000 1104753
1174.000 1692497
1175.000 1249772
1176.000 1711103
1177.000 1574457
1178.000 1587723
1179.000 1551733
1180.000 1495924
1181.000 1631044
1182.000 1432520
1183.000 1360582
1184.000 1597131
1185.000 1628186
1186.000 1723375
1187.000 1628015
1188.000 1670809
1189.000 1260174
1190.000 1564679
1191.000 1490590
1192.000 1567899
1193.000 1372928
1194.000 1540839
1195.000 1544103
1196.000 1636499
1197.000 1627167
1198.000 1643770
1199.000 1724022
1200.000 1597161
1201.000 1592124
1202.000 1586932
1203.000 1305417
1204.000 849390
1205.000 1789465
1206.000 1785389
1207.000 1652230
1208.000 1502746
1209.000 1496802
1210.000 1654566
1211.000 1459058
1212.000 1506030
1213.000 1837094
1214.000 1586018
1215.000 1065221
1216.000 1466944
1217.000 1178562
1218.000 1372702
1219.000 1646739
1220.000 1527644
1221.000 1713153
1222.000 1557890
1223.000 1593551
1224.000 1705236
1225.000 1804090
1226.000 1739214
1227.000 1865438
1228.000 1598282
1229.000 1339764
1230.000 1497688
1231.000 1614952
1232.000 1775266
1233.000 1505343
1234.000 1446369
1235.000 1828823
1236.000 1873590
1237.000 1733924
1238.000 1497754
1239.000 1263867
1240.000 1610984
1241.000 1203960
1242.000 1044522
1243.000 1309708
1244.000 1388002
1245.000 1646546
1246.000 1091171
1247.000 1601320
1248.000 1253506
1249.000 1303450
1250.000 1458817
1251.000 1711422
1252.000 1569241
1253.000 1788232
1254.000 1381596
1255.000 1712778
1256.000 1840047
1257.000 1679450
1258.000 1396695
1259.000 1629126
1260.000 1713083
1261.000 1596452
1262.000 1769599
1263.000 1808252
1264.000 1391425
1265.000 1014883
1266.000 1709760
1267.000 1149743
1268.000 1794203
1269.000 1478224
1270.000 1673842
1271.000 1816468
1272.000 1647445
1273.000 1775368
1274.000 1553960
1275.000 1336386
1276.000 1779371
1277.000 1890673
1278.000 1843009
1279.000 1126093
1280.000 1329229
1281.000 1662214
1282.000 1683900
1283.000 1684768
1284.000 1272385
1285.000 1464780
1286.000 1377599
1287.000 972752
1288.000 1279415
1289.000 1502541
1290.000 1465423
1291.000 1264717
1292.000 1549374
1293.000 1579232
1294.000 1009177
1295.000 1671333
1296.000 1404002
1297.000 1312800
1298.000 1301757
1299.000 1287789
1300.000 1264073
1301.000 769729
1302.000 209196
1303.000 1461058
1304.000 1214940
1305.000 1237150
1306.000 1246718
1307.000 1250151
1308.000 1484604
1309.000 1279998
1310.000 1155581
1311.000 1114620
1312.000 1027420
1313.000 1403553
1314.000 1556848
1315.000 1167834
1316.000 1477984
1317.000 1088533
1318.000 1171345
1319.000 1404216
1320.000 301931
1321.000 838505
1322.000 1378337
1323.000 900412
1324.000 1082959
1325.000 1236059
1326.000 1308493
1327.000 1774207
1328.000 1162683
1329.000 1535427
1330.000 952428
1331.000 347019
1332.000 1235658
1333.000 1840077
1334.000 1763186
1335.000 1861835
1336.000 1625047
1337.000 1784945
1338.000 1568597
1339.000 1270433
1340.000 1672826
1341.000 994645
1342.000 1495270
1343.000 1781069
1344.000 1646387
1345.000 1787150
1346.000 1411343
1347.000 1171918
1348.000 1733814
1349.000 1634135
1350.000 1645152
1351.000 1119054
1352.000 1150428
1353.000 1612107
1354.000 1811015
1355.000 1611023
1356.000 1690035
1357.000 1238891
1358.000 1791179
1359.000 1526426
1360.000 1324909
1361.000 1665749
1362.000 1513594
1363.000 1565670
1364.000 1629050
1365.000 1731436
1366.000 1602657
1367.000 1336769
1368.000 1087050
1369.000 1205574
1370.000 1665613
1371.000 1809123
1372.000 1725670
1373.000 1535664
1374.000 1319852
1375.000 1784330
1376.000 1442845
1377.000 1184332
1378.000 1563082
1379.000 1457258
1380.000 1219262
1381.000 1382663
1382.000 1560925
1383.000 1404681
1384.000 1887793
1385.000 1830170
1386.000 1561737
1387.000 1072270
1388.000 1191560
1389.000 1620928
1390.000 1603224
1391.000 1706137
1392.000 1563919
1393.000 1509683
1394.000 1557324
1395.000 1812477
1396.000 1499557
1397.000 1683641
1398.000 1755864
1399.000 1477939
1400.000 1621251
1401.000 1473876
1402.000 1147011
1403.000 1495260
1404.000 1565023
1405.000 1617270
1406.000 1567682
1407.000 1408485
1408.000 1421485
1409.000 1099830
1410.000 1323733
1411.000 1693873
1412.000 1298728
1413.000 1422971
1414.000 1505186
1415.000 1737766
1416.000 1821104
1417.000 1552164
1418.000 1231585
1419.000 1787999
1420.000 1745805
1421.000 1548865
1422.000 1635427
1423.000 1770690
1424.000 1773308
1425.000 1777606
1426.000 1153414
1427.000 1652986
1428.000 1715190
1429.000 1161199
1430.000 1261503
1431.000 1344326
1432.000 1770053
1433.000 1649324
1434.000 1268283
1435.000 1185719
1436.000 1199818
1437.000 1408776
1438.000 1313942
1439.000 1510088
1440.000 1751422
1441.000 1658498
1442.000 1883361
1443.000 1613779
1444.000 1461763
1445.000 1176774
1446.000 1855239
1447.000 1714700
1448.000 1727406
1449.000 1514785
1450.000 1490603
1451.000 1686620
1452.000 1670725
1453.000 1545597
1454.000 1747681
1455.000 1693192
1456.000 1730105
1457.000 1479452
1458.000 1386478
1459.000 1249795
1460.000 1420977
1461.000 1620188
1462.000 1778736
1463.000 1751797
1464.000 1630232
1465.000 1230145
1466.000 1799045
1467.000 1457880
1468.000 1471059
1469.000 1374942
1470.000 1381956
1471.000 1471095
1472.000 1624672
1473.000 1440851
1474.000 1756081
1475.000 1515467
1476.000 1279351
1477.000 1656152
1478.000 1350151
1479.000 1438704
1480.000 1191210
1481.000 1470061
1482.000 1444129
1483.000 1534621
1484.000 1754007
1485.000 1579116
1486.000 1550490
1487.000 1609363
1488.000 1688595
1489.000 1812643
1490.000 1800852
1491.000 1582672
1492.000 1546557
1493.000 1301096
1494.000 1325670
1495.000 1719375
1496.000 1845438
1497.000 1637434
1498.000 1559347
1499.000 1387283
1500.000 1450215
1501.000 1697088
1502.000 1589721
1503.000 1278949
1504.000 1498282
1505.000 1442600
1506.000 1479826
1507.000 1640681
1508.000 1536545
1509.000 1423801
1510.000 1555704
1511.000 1800679
1512.000 1698201
1513.000 1546281
1514.000 1731234
1515.000 1598975
1516.000 1629771
1517.000 1547426
1518.000 1509761
1519.000 1809068
1520.000 1093836
1521.000 1646304
1522.000 1119318
1523.000 1622292
1524.000 1461982
1525.000 1141767
1526.000 1086348
1527.000 1297337
1528.000 1501072
1529.000 1681884
1530.000 1292389
1531.000 1498790
1532.000 1242703
1533.000 1651864
1534.000 1187148
1535.000 1308595
1536.000 1332365
1537.000 1164325
1538.000 1580739
1539.000 1671069
1540.000 1830958
1541.000 1848015
1542.000 1814095
1543.000 1830625
1544.000 1594439
1545.000 1100519
1546.000 1629204
1547.000 1224825
1548.000 1121630
1549.000 1500691
1550.000 1669761
1551.000 1853494
1552.000 1796293
1553.000 1840780
1554.000 1373767
1555.000 1008153
1556.000 1754583
1557.000 1044558
1558.000 1222206
1559.000 1744381
1560.000 1813112
1561.000 1787065
1562.000 1650451
1563.000 1740954
1564.000 1846008
1565.000 1863567
1566.000 1694500
1567.000 1666560
1568.000 1567512
1569.000 1004168
1570.000 1579023
1571.000 1731208
1572.000 1246259
1573.000 1184950
1574.000 1553972
1575.000 1763938
1576.000 1418145
1577.000 1350236
1578.000 1565569
1579.000 1438592
1580.000 1777399
1581.000 1719671
1582.000 1838802
1583.000 1506681
1584.000 1764516
1585.000 1379142
1586.000 1189879
1587.000 1581295
1588.000 1682987
1589.000 1804482
1590.000 1781580
1591.000 1813349
1592.000 1844413
1593.000 1845912
1594.000 1793942
1595.000 1838351
1596.000 1816285
1597.000 1745012
1598.000 1739358
1599.000 1718752
1600.000 1813118
1601.000 1878916
1602.000 1772237
1603.000 1831008
1604.000 1844467
1605.000 1672351
1606.000 1748046
1607.000 1047164
1608.000 1433090
1609.000 1673774
1610.000 1787420
1611.000 1868431
1612.000 1839352
1613.000 1636423
1614.000 1444610
1615.000 1414729
1616.000 1709364
1617.000 1845704
1618.000 1744778
1619.000 1803526
1620.000 1790446
1621.000 1467030
1622.000 1540359
1623.000 1688951
1624.000 1754191
1625.000 1744551
1626.000 1601921
1627.000 1478149
1628.000 1582903
1629.000 1662431
1630.000 1624951
1631.000 1792064
1632.000 1653382
1633.000 1763871
1634.000 1698157
1635.000 1698347
1636.000 1790301
1637.000 1868994
1638.000 1878237
1639.000 1585200
1640.000 1217546
1641.000 1488582
1642.000 1360374
1643.000 1679438
1644.000 1330150
1645.000 932527
1646.000 1316282
1647.000 1320262
1648.000 958071
1649.000 1400578
1650.000 1401006
1651.000 1316454
1652.000 1482831
1653.000 1455275
1654.000 1625947
1655.000 1779083
1656.000 1767577
1657.000 1730839
1658.000 1705497
1659.000 1732468
1660.000 1722997
1661.000 1030802
1662.000 214337
1663.000 1418908
1664.000 1245142
1665.000 1253251
1666.000 1206414
1667.000 1375779
1668.000 1234721
1669.000 1788907
1670.000 858723
1671.000 1855484
1672.000 1554235
1673.000 1374902
1674.000 1549009
1675.000 1525942
1676.000 1487840
1677.000 1714281
1678.000 1381653
1679.000 1468071
1680.000 1725255
1681.000 1253479
1682.000 887283
1683.000 1341841
1684.000 1569700
1685.000 1818844
1686.000 1824038
1687.000 1281338
1688.000 570106
1689.000 1437376
1690.000 1788963
1691.000 1366282
1692.000 1515282
1693.000 1386347
1694.000 709991
1695.000 1783704
1696.000 1352566
1697.000 1384855
1698.000 1402408
1699.000 1305710
1700.000 1310183
1701.000 1691335
1702.000 1023847
1703.000 511312
1704.000 538508
1705.000 1390399
1706.000 1059511
1707.000 966604
1708.000 1170711
1709.000 1091937
1710.000 1555014
1711.000 1391358
1712.000 1421285
1713.000 461706
1714.000 1069814
1715.000 462143
1716.000 1865518
1717.000 1815755
1718.000 1883196
1719.000 1734543
1720.000 1601927
1721.000 1397676
1722.000 1561368
1723.000 1527915
1724.000 1677086
1725.000 1761136
1726.000 1886173
1727.000 1602379
1728.000 1506799
1729.000 1515072
1730.000 1533248
1731.000 1459181
1732.000 1487481
1733.000 1764259
1734.000 1295884
1735.000 1573879
1736.000 1609206
1737.000 1637627
1738.000 1311869
1739.000 1406339
1740.000 1523143
1741.000 1490980
1742.000 1695899
1743.000 1789660
1744.000 1615056
1745.000 1655033
1746.000 1302610
1747.000 1545255
1748.000 1430705
1749.000 1069563
1750.000 1316084
1751.000 1551287
1752.000 1721780
1753.000 1709629
1754.000 1699108
1755.000 1545942
1756.000 1381994
1757.000 1310361
1758.000 1656457
1759.000 1704167
1760.000 2003118
1761.000 1892829
1762.000 1785537
1763.000 1707851
1764.000 1381774
1765.000 1110733
1766.000 1144468
1767.000 1590361
1768.000 1305365
1769.000 1160060
1770.000 1711200
1771.000 1496440
1772.000 1502329
1773.000 1121499
1774.000 1529147
1775.000 1607930
1776.000 1624885
1777.000 1871030
1778.000 1867330
1779.000 1745765
1780.000 1584112
1781.000 1676633
1782.000 1366406
1783.000 1725063
1784.000 1341662
1785.000 1497713
1786.000 1376496
1787.000 1234363
1788.000 1621834
1789.000 1727153
1790.000 1312803
1791.000 1220977
1792.000 1626329
1793.000 1761757
1794.000 1843001
1795.000 1363248
1796.000 949691
1797.000 1195419
1798.000 1517824
1799.000 1667939
1800.000 1690943
1801.000 1725755
1802.000 1647699
1803.000 1862349
1804.000 1822897
1805.000 1379095
1806.000 1375940
1807.000 1857150
1808.000 1406972
1809.000 1220214
1810.000 1463454
1811.000 1379162
1812.000 1629615
1813.000 1331907
1814.000 1439088
1815.000 1735124
1816.000 1752788
1817.000 1401561
1818.000 1392110
1819.000 1588487
1820.000 1545381
1821.000 1803991
1822.000 1726931
1823.000 1525594
1824.000 1612426
1825.000 1813487
1826.000 1827233
1827.000 1786942
1828.000 1848117
1829.000 1521271
1830.000 1668574
1831.000 1739249
1832.000 1839440
1833.000 1822437
1834.000 1612734
1835.000 1207068
1836.000 1628769
1837.000 1712124
1838.000 1260530
1839.000 1511550
1840.000 1733411
1841.000 1061353
1842.000 1289567
1843.000 1606097
1844.000 1320656
1845.000 1746346
1846.000 1402950
1847.000 1324729
1848.000 1584592
1849.000 1875243
1850.000 1698082
1851.000 1390067
1852.000 1708790
1853.000 1908581
1854.000 1866859
1855.000 1827307
1856.000 1716197
1857.000 1284140
1858.000 1585996
1859.000 1458986
1860.000 1566037
1861.000 1658082
1862.000 1796297
1863.000 1827262
1864.000 1663821
1865.000 1721428
1866.000 1870048
1867.000 1539953
1868.000 1318587
1869.000 1531495
1870.000 1796611
1871.000 1678044
1872.000 1456416
1873.000 1704594
1874.000 1557306
1875.000 1482896
1876.000 1525728
1877.000 1633200
1878.000 1557431
1879.000 1695934
1880.000 1637322
1881.000 1720612
1882.000 1486234
1883.000 1648284
1884.000 1814034
1885.000 1576863
1886.000 1485648
1887.000 1240110
1888.000 1450946
1889.000 1749030
1890.000 1280447
1891.000 1603288
1892.000 1740920
1893.000 1497842
1894.000 1527008
1895.000 1566725
1896.000 1575650
1897.000 1423201
1898.000 1690806
1899.000 1726027
1900.000 1634227
1901.000 1591700
1902.000 1584102
1903.000 1112587
1904.000 1784887
1905.000 1701979
1906.000 1679287
1907.000 1845453
1908.000 1608969
1909.000 1070880
1910.000 1398707
1911.000 1505784
1912.000 1725466
1913.000 1809628
1914.000 1798150
1915.000 1813151
1916.000 1349922
1917.000 1703612
1918.000 1504806
1919.000 1827195
1920.000 1731577
1921.000 1858293
1922.000 1618789
1923.000 1500102
1924.000 1530490
1925.000 1148198
1926.000 1199424
1927.000 1405230
1928.000 1283419
1929.000 1015385
1930.000 1202636
1931.000 1374642
1932.000 1385079
1933.000 1482011
1934.000 1542597
1935.000 1765055
1936.000 1763432
1937.000 1727879
1938.000 1732036
1939.000 1696831
1940.000 1719519
1941.000 1548285
1942.000 454045
1943.000 1691768
1944.000 994665
1945.000 1095456
1946.000 959753
1947.000 1677592
1948.000 1170595
1949.000 1492344
1950.000 1493507
1951.000 1550480
1952.000 1151313
1953.000 1799627
1954.000 1229813
1955.000 1388251
1956.000 1157577
1957.000 1395787
1958.000 1344959
1959.000 1299897
1960.000 1418490
1961.000 271500
1962.000 1054613
1963.000 1644210
1964.000 1689495
1965.000 1702372
1966.000 1142032
1967.000 822770
1968.000 1426300
1969.000 1295808
1970.000 1373467
1971.000 1759152
1972.000 1232409
1973.000 1420185
1974.000 1661248
1975.000 1231471
1976.000 1394879
1977.000 1551938
1978.000 1335482
1979.000 1428031
1980.000 1713382
1981.000 1250062
1982.000 1338069
1983.000 1798915
1984.000 1351784
1985.000 1737477
1986.000 1374545
1987.000 1322929
1988.000 1561090
1989.000 1577537
1990.000 1247612
1991.000 1386422
1992.000 1822429
1993.000 1357577
1994.000 1216499
1995.000 1815694
1996.000 1311925
1997.000 1671358
1998.000 1656671
1999.000 1679686
2000.000 1468115
2001.000 1604859
2002.000 1402513
2003.000 1552655
2004.000 1542198
2005.000 971066
2006.000 1672723
2007.000 1544451
2008.000 1163890
2009.000 1677381
2010.000 833269
2011.000 1164873
2012.000 1201912
2013.000 1226005
2014.000 1271570
2015.000 1151916
2016.000 1233348
2017.000 1029126
2018.000 1214923
2019.000 1330135
2020.000 1271725
2021.000 1156524
2022.000 1201730
2023.000 1262383
2024.000 1131990
2025.000 1181633
2026.000 1165894
2027.000 1176715
2028.000 1025711
2029.000 1381774
2030.000 1097973
2031.000 1275315
2032.000 1125734
2033.000 1092568
2034.000 1039299
2035.000 1103734
2036.000 1274649
2037.000 1192037
2038.000 1165265
2039.000 1004332
2040.000 1016489
2041.000 893499
2042.000 1354085
2043.000 1508468
2044.000 1512720
2045.000 1394786
2046.000 1396184
2047.000 1320730
2048.000 1182917
2049.000 976813
2050.000 1339155
2051.000 1147345
2052.000 1069626
2053.000 1162255
2054.000 975953
2055.000 1073488
2056.000 1188604
2057.000 1248669
2058.000 1137237
2059.000 536745
2060.000 1007088
2061.000 1498554
2062.000 1233954
2063.000 1295129
2064.000 1482134
2065.000 1647723
2066.000 1667297
2067.000 1768296
2068.000 1844220
2069.000 1524404
2070.000 1461040
2071.000 1379011
2072.000 1352194
2073.000 1872380
2074.000 1207141
2075.000 1467339
2076.000 1673935
2077.000 1354782
2078.000 1348112
2079.000 1688790
2080.000 1396042
2081.000 983315
2082.000 395159
2083.000 1750162
2084.000 1425269
2085.000 1328503
2086.000 1509238
2087.000 1127301
2088.000 1718726
2089.000 1441276
2090.000 1684621
2091.000 1528276
2092.000 169397
2093.000 1672575
2094.000 1403507
2095.000 1447828
2096.000 1342592
2097.000 1162468
2098.000 1783070
2099.000 1586572
2100.000 1663009
2101.000 1679982
2102.000 1746243
2103.000 1271648
2104.000 1843880
2105.000 1321552
2106.000 1437711
2107.000 1150813
2108.000 1431020
2109.000 1610923
2110.000 1665291
2111.000 1517042
2112.000 1514121
2113.000 1472035
2114.000 1610694
2115.000 1537131
2116.000 1449851
2117.000 1630835
2118.000 1683845
2119.000 1632161
2120.000 1608284
2121.000 1403449
2122.000 1516125
2123.000 1528009
2124.000 1578103
2125.000 1514390
2126.000 1550128
2127.000 1450561
2128.000 1589754
2129.000 1647646
2130.000 1626891
2131.000 1613530
2132.000 1579033
2133.000 1423640
2134.000 1516497
2135.000 1556134
2136.000 1674902
2137.000 1387026
2138.000 986956
2139.000 1069515
2140.000 1692154
2141.000 1471501
2142.000 1724774
2143.000 1498092
2144.000 1829840
2145.000 1751803
2146.000 1451504
2147.000 1634808
2148.000 1095638
2149.000 1506631
2150.000 1731921
2151.000 1800054
2152.000 1747390
2153.000 1646996
2154.000 929123
2155.000 1595286
2156.000 1093552
2157.000 1650338
2158.000 1118786
2159.000 1269036
2160.000 1441572
2161.000 1391447
2162.000 1268822
2163.000 1377168
2164.000 1092834
2165.000 1166196
2166.000 1179487
2167.000 1227061
2168.000 1447827
2169.000 1307055
2170.000 1357525
2171.000 1325390
2172.000 1282780
2173.000 1432576
2174.000 889670
2175.000 1183262
2176.000 1410500
2177.000 1307550
2178.000 1417443
2179.000 1032961
2180.000 202889
2181.000 218831
2182.000 425130
