# Slice: eMBB | 112.217.128.197:17563 -> 10.215.173.1:49005 (UDP)
# offset_sec  packet_size_bytes
0.000 375898
1.000 247604
2.000 168600
3.000 168600
4.000 168600
5.000 168932
6.000 169501
7.000 168600
8.000 169472
9.000 168600
10.000 168600
11.000 168600
12.000 168600
13.000 171410
14.000 165790
15.000 168600
16.000 168600
17.000 168600
18.000 168600
19.000 168600
20.000 168600
21.000 168600
22.000 168606
23.000 168600
24.000 169021
25.000 171471
26.000 165849
27.000 168660
28.000 168660
29.000 168660
30.000 168807
31.000 168513
32.000 168660
33.000 174037
34.000 168660
35.000 168660
36.000 168660
37.000 168660
38.000 168660
39.000 171471
40.000 165849
41.000 168660
42.000 168660
43.000 168660
44.000 168660
45.000 168660
46.000 168660
47.000 168660
48.000 168660
49.000 168660
50.000 168660
51.000 168660
52.000 168660
53.000 168660
54.000 168660
55.000 168660
56.000 168660
57.000 168660
58.000 168660
59.000 168660
60.000 168660
61.000 168660
62.000 168660
63.000 168660
64.000 168660
65.000 168660
66.000 168660
67.000 172186
68.000 168660
69.000 168660
70.000 168660
71.000 168660
72.000 168660
73.000 168660
74.000 168660
75.000 168660
76.000 168660
77.000 168660
78.000 168660
79.000 168660
80.000 168660
81.000 168660
82.000 170477
83.000 172447
84.000 184653
85.000 181637
86.000 305484
87.000 1161740
88.000 363469
89.000 413046
90.000 480023
91.000 177515
92.000 170423
93.000 169331
94.000 168660
95.000 165849
96.000 172617
97.000 165849
98.000 171193
99.000 169346
100.000 168660
101.000 374055
102.000 470629
103.000 168660
104.000 170028
105.000 169842
106.000 171507
107.000 178653
108.000 174249
109.000 194173
110.000 170791
111.000 169384
112.000 168660
113.000 169338
114.000 169075
115.000 169760
116.000 416487
117.000 176172
118.000 179343
119.000 181715
120.000 183192
121.000 177089
122.000 189548
123.000 173643
124.000 180388
125.000 176499
126.000 181038
127.000 1321891
128.000 1175808
129.000 1134810
130.000 1433551
131.000 1625700
132.000 1691381
133.000 1776431
134.000 1310259
135.000 438706
136.000 931986
137.000 1081009
138.000 1516183
139.000 1551008
140.000 1484023
141.000 1675035
142.000 1837318
143.000 1816382
144.000 1470574
145.000 1761467
146.000 1030154
147.000 801522
148.000 1535698
149.000 1330719
150.000 1544134
151.000 1559524
152.000 1261495
153.000 1596974
154.000 1231951
155.000 1224696
156.000 1060570
157.000 1273995
158.000 1242510
159.000 1759564
160.000 902033
161.000 1583610
162.000 1039369
163.000 1709085
164.000 1268603
165.000 1283392
166.000 1829937
167.000 1279615
168.000 1283738
169.000 1719006
170.000 1394652
171.000 1251113
172.000 1671704
173.000 1470434
174.000 1311670
175.000 1428753
176.000 1687186
177.000 1245789
178.000 1461221
179.000 1225238
180.000 1296867
181.000 1255858
182.000 1161009
183.000 1247326
184.000 1028376
185.000 1400583
186.000 1178051
187.000 1477442
188.000 1192114
189.000 1082291
190.000 1755454
191.000 1323881
192.000 1551353
193.000 1387522
194.000 1198034
195.000 1806563
196.000 1384948
197.000 1258698
198.000 1686562
199.000 1309000
200.000 1832238
201.000 1258201
202.000 1362283
203.000 1730929
204.000 1263762
205.000 1324375
206.000 1751574
207.000 1231346
208.000 1322845
209.000 1805798
210.000 1374952
211.000 1346240
212.000 1539703
213.000 1548375
214.000 1286214
215.000 1670144
216.000 1361987
217.000 1576267
218.000 1327389
219.000 1389888
220.000 1680673
221.000 1404359
222.000 1311581
223.000 1495742
224.000 1512563
225.000 1637480
226.000 1384951
227.000 1424871
228.000 1450655
229.000 1354203
230.000 1269254
231.000 1532347
232.000 1619887
233.000 1241416
234.000 1541861
235.000 1406063
236.000 1239831
237.000 1868611
238.000 1225415
239.000 1286186
240.000 1827768
241.000 961900
242.000 152359
243.000 911655
244.000 1028183
245.000 1166677
246.000 1275181
247.000 1216375
248.000 1019735
249.000 1136122
250.000 1727367
251.000 1087390
252.000 664202
253.000 1703906
254.000 1616645
255.000 1645969
256.000 1774278
257.000 1890955
258.000 1755320
259.000 1850664
260.000 1753990
261.000 1852173
262.000 1679673
263.000 1546733
264.000 1351937
265.000 1753595
266.000 1877071
267.000 1300363
268.000 1429894
269.000 1392889
270.000 1353366
271.000 1646015
272.000 1595527
273.000 1613981
274.000 1233663
275.000 1409228
276.000 1682831
277.000 1318153
278.000 1480411
279.000 1219814
280.000 1510610
281.000 1433363
282.000 1503274
283.000 1610164
284.000 1802771
285.000 1548524
286.000 1558711
287.000 1273643
288.000 1358744
289.000 1322968
290.000 1276410
291.000 1601118
292.000 1539441
293.000 1258598
294.000 1222832
295.000 1285803
296.000 1852276
297.000 1718592
298.000 1526709
299.000 1465471
300.000 1503235
301.000 1262158
302.000 1267946
303.000 1394079
304.000 1324704
305.000 1267436
306.000 1619422
307.000 1495562
308.000 1405322
309.000 1270890
310.000 1574328
311.000 1493452
312.000 1507373
313.000 1448432
314.000 1663137
315.000 1110913
316.000 1131619
317.000 1678831
318.000 1308098
319.000 1397205
320.000 1221084
321.000 1395645
322.000 1772229
323.000 1637586
324.000 1589944
325.000 1521879
326.000 1832435
327.000 1453973
328.000 1302788
329.000 1535170
330.000 1732635
331.000 1320739
332.000 1190457
333.000 1766047
334.000 1856198
335.000 1435535
336.000 1458498
337.000 1371349
338.000 1740840
339.000 1564777
340.000 1352834
341.000 1485551
342.000 1633346
343.000 1609596
344.000 1464663
345.000 1380948
346.000 1539744
347.000 1419149
348.000 1300275
349.000 1730990
350.000 1767976
351.000 1500054
352.000 1447302
353.000 1321909
354.000 1257499
355.000 1601272
356.000 1379958
357.000 1495810
358.000 1471697
359.000 1608477
360.000 1718917
361.000 1420771
362.000 1223021
363.000 1223318
364.000 1452294
365.000 1316050
366.000 1847724
367.000 1834129
368.000 1388379
369.000 1191719
370.000 1347725
371.000 1410460
372.000 1625783
373.000 1568409
374.000 1590305
375.000 1721581
376.000 1736963
377.000 1882420
378.000 1826297
379.000 1377989
380.000 1223567
381.000 1403647
382.000 1571401
383.000 1540153
384.000 1097488
385.000 1454484
386.000 1305314
387.000 1429334
388.000 1783423
389.000 1712113
390.000 1520371
391.000 1575685
392.000 1510731
393.000 1588825
394.000 1480985
395.000 1358088
396.000 1673980
397.000 1489375
398.000 1597168
399.000 1424945
400.000 1311742
401.000 1644715
402.000 1523585
403.000 1172191
404.000 1471703
405.000 1849027
406.000 1821961
407.000 1486516
408.000 1263929
409.000 1133937
410.000 994455
411.000 976264
412.000 1509196
413.000 1339103
414.000 1714749
415.000 1734802
416.000 1285176
417.000 1462396
418.000 1145619
419.000 1520316
420.000 1531040
421.000 1350054
422.000 1478632
423.000 1374674
424.000 1408219
425.000 1717087
426.000 1846764
427.000 1466572
428.000 1408231
429.000 1419376
430.000 1541261
431.000 1714864
432.000 1090925
433.000 1352866
434.000 1448722
435.000 1486066
436.000 1484650
437.000 1439146
438.000 1543056
439.000 1481678
440.000 1329522
441.000 1371538
442.000 1465091
443.000 1502603
444.000 1592691
445.000 1143557
446.000 1261618
447.000 1624506
448.000 1598899
449.000 1630930
450.000 1718891
451.000 1767730
452.000 1545374
453.000 1747543
454.000 1772405
455.000 1833660
456.000 1540832
457.000 1124110
458.000 1497666
459.000 1575331
460.000 1489182
461.000 1367333
462.000 1588845
463.000 1568237
464.000 1577375
465.000 1645557
466.000 1485744
467.000 1611037
468.000 1375165
469.000 1545772
470.000 1602456
471.000 1579483
472.000 1551641
473.000 1575363
474.000 1676977
475.000 1610132
476.000 1273364
477.000 1377474
478.000 1320470
479.000 1402642
480.000 1140478
481.000 1675197
482.000 1494785
483.000 1580686
484.000 1718924
485.000 1671188
486.000 1407415
487.000 1652985
488.000 1831628
489.000 1817084
490.000 1695242
491.000 1768305
492.000 1343305
493.000 1336777
494.000 1514556
495.000 1177930
496.000 1499964
497.000 1416291
498.000 1220196
499.000 1683525
500.000 1580630
501.000 1425333
502.000 1566268
503.000 1297089
504.000 1610765
505.000 1409707
506.000 1435006
507.000 1482662
508.000 1349993
509.000 1317154
510.000 1489798
511.000 1150866
512.000 1737012
513.000 1063696
514.000 1723797
515.000 1289534
516.000 1427247
517.000 1420700
518.000 1335320
519.000 1516471
520.000 1451882
521.000 1495898
522.000 1383305
523.000 1530076
524.000 1228084
525.000 1598546
526.000 1373799
527.000 1386915
528.000 1489906
529.000 1637894
530.000 1605485
531.000 1117560
532.000 1407065
533.000 1749602
534.000 1828383
535.000 1743691
536.000 1749315
537.000 1597135
538.000 1403786
539.000 1382230
540.000 1610746
541.000 1551425
542.000 1784671
543.000 1811999
544.000 1197691
545.000 1667397
546.000 1580488
547.000 1541160
548.000 1444145
549.000 1396380
550.000 1746085
551.000 1455886
552.000 1113497
553.000 1319261
554.000 1673048
555.000 1682448
556.000 1671402
557.000 1833812
558.000 1853992
559.000 1864706
560.000 1602934
561.000 1537854
562.000 1502981
563.000 1517202
564.000 1510374
565.000 1703931
566.000 1778417
567.000 1637521
568.000 1777522
569.000 1819801
570.000 1765430
571.000 1772226
572.000 1513744
573.000 1836015
574.000 1811373
575.000 1757942
576.000 1837843
577.000 1649678
578.000 1439007
579.000 1569800
580.000 1815939
581.000 1516780
582.000 1862856
583.000 1619517
584.000 1724353
585.000 1430771
586.000 1189436
587.000 1131341
588.000 1632737
589.000 1672612
590.000 1689766
591.000 1450103
592.000 1419296
593.000 1463652
594.000 1096849
595.000 1408044
596.000 1431052
597.000 1296880
598.000 1660010
599.000 1539276
600.000 1662942
601.000 1517968
602.000 1386956
603.000 1343110
604.000 1421444
605.000 1576586
606.000 1025935
607.000 1290004
608.000 1227675
609.000 1652905
610.000 1639921
611.000 1477881
612.000 1295963
613.000 1318339
614.000 1642279
615.000 902311
616.000 1297588
617.000 1446703
618.000 1406337
619.000 1507281
620.000 1366082
621.000 1485932
622.000 1349823
623.000 1695770
624.000 1619884
625.000 1781772
626.000 1789260
627.000 1401457
628.000 1536081
629.000 1446500
630.000 1290238
631.000 1414622
632.000 1390147
633.000 1464221
634.000 1379574
635.000 1394733
636.000 1533447
637.000 1495874
638.000 1500256
639.000 1604377
640.000 1427710
641.000 1334075
642.000 1305648
643.000 1865048
644.000 1542159
645.000 1545754
646.000 1318373
647.000 1400609
648.000 1408443
649.000 1233506
650.000 1407485
651.000 1497942
652.000 1519768
653.000 1472170
654.000 1613470
655.000 1699991
656.000 1314721
657.000 1425942
658.000 1587053
659.000 1658396
660.000 1324624
661.000 1767247
662.000 1778932
663.000 1807401
664.000 1280602
665.000 1445267
666.000 1468535
667.000 1409115
668.000 1290660
669.000 1378904
670.000 1572510
671.000 1648871
672.000 1506368
673.000 1540773
674.000 910389
675.000 1581668
676.000 1243135
677.000 1354843
678.000 1765805
679.000 1853048
680.000 1719176
681.000 1381170
682.000 1427943
683.000 1414301
684.000 1621255
685.000 1509715
686.000 1387042
687.000 1619109
688.000 1458885
689.000 1601652
690.000 1508666
691.000 1823889
692.000 1313910
693.000 1603357
694.000 1549545
695.000 1211212
696.000 1354882
697.000 1585666
698.000 1568384
699.000 1323146
700.000 1279091
701.000 1619217
702.000 1584545
703.000 1613247
704.000 1581603
705.000 1751834
706.000 1461684
707.000 1828474
708.000 1267049
709.000 1097529
710.000 1436401
711.000 1469689
712.000 1636689
713.000 1461862
714.000 1640231
715.000 1636321
716.000 1360831
717.000 1564042
718.000 1587390
719.000 1294214
720.000 1425492
721.000 1572428
722.000 1397983
723.000 1496542
724.000 1450353
725.000 1137467
726.000 1164346
727.000 1265051
728.000 1547650
729.000 1527420
730.000 1512344
731.000 1624033
732.000 1654932
733.000 1587357
734.000 1520477
735.000 1556681
736.000 1486470
737.000 1744332
738.000 1567828
739.000 1346935
740.000 1416995
741.000 1484679
742.000 1498075
743.000 1519020
744.000 1309791
745.000 1532324
746.000 1566021
747.000 1742186
748.000 1406188
749.000 1559634
750.000 1489824
751.000 1464143
752.000 1458662
753.000 1775293
754.000 1395817
755.000 1409104
756.000 1344489
757.000 1352161
758.000 1658434
759.000 1605467
760.000 1793815
761.000 1778671
762.000 1702156
763.000 1386747
764.000 1640001
765.000 1544996
766.000 1447133
767.000 1417251
768.000 1763119
769.000 1770035
770.000 1841539
771.000 1757439
772.000 1858363
773.000 1424021
774.000 1310870
775.000 1169615
776.000 1354235
777.000 1167628
778.000 1437628
779.000 1498063
780.000 1554689
781.000 1761423
782.000 1770113
783.000 1867364
784.000 1641736
785.000 1498384
786.000 1799148
787.000 1300040
788.000 1278625
789.000 1390722
790.000 1354294
791.000 1483857
792.000 1649400
793.000 1758610
794.000 1741296
795.000 1535149
796.000 1647269
797.000 1760549
798.000 1774207
799.000 1693569
800.000 1128153
801.000 1411306
802.000 1779714
803.000 1551159
804.000 1487183
805.000 1132914
806.000 1620107
807.000 1367540
808.000 1620959
809.000 1289743
810.000 1467819
811.000 1588983
812.000 1707498
813.000 1317607
814.000 1446041
815.000 1796313
816.000 1174510
817.000 1428765
818.000 1425183
819.000 1613640
820.000 1485092
821.000 1542574
822.000 1587414
823.000 1643594
824.000 1364035
825.000 1237657
826.000 1193968
827.000 1803198
828.000 1787371
829.000 1791548
830.000 1782698
831.000 1651849
832.000 1739418
833.000 1764140
834.000 1770605
835.000 1738437
836.000 1724497
837.000 1760793
838.000 1505174
839.000 1314104
840.000 1513751
841.000 1430059
842.000 1583769
843.000 1731106
844.000 1053664
845.000 1811291
846.000 1756891
847.000 1856065
848.000 1673481
849.000 1408266
850.000 1408877
851.000 1500055
852.000 1500460
853.000 1422921
854.000 1487339
855.000 1082343
856.000 1257147
857.000 1430193
858.000 1513079
859.000 1458793
860.000 1379369
861.000 1763731
862.000 1577371
863.000 1693151
864.000 1727686
865.000 1464512
866.000 1508697
867.000 1795437
868.000 1621991
869.000 1818863
870.000 1710051
871.000 1628759
872.000 1423258
873.000 1629631
874.000 1552841
875.000 1471433
876.000 1521983
877.000 1561715
878.000 1562689
879.000 1462823
880.000 1390466
881.000 1203491
882.000 1420510
883.000 1675720
884.000 1651939
885.000 1828984
886.000 1458229
887.000 1441549
888.000 1560272
889.000 1409281
890.000 1584574
891.000 1070266
892.000 1856175
893.000 1280758
894.000 1342303
895.000 1586782
896.000 1390963
897.000 1627920
898.000 1400588
899.000 1312441
900.000 1719897
901.000 1305112
902.000 1750233
903.000 1627297
904.000 1690812
905.000 1641734
906.000 1541947
907.000 1461568
908.000 1044737
909.000 1769921
910.000 1558196
911.000 1626874
912.000 1571103
913.000 1401881
914.000 1431240
915.000 1466708
916.000 1561143
917.000 1496187
918.000 1108273
919.000 1861910
920.000 1031408
921.000 1758021
922.000 1388165
923.000 1451458
924.000 1139744
925.000 1444573
926.000 1677555
927.000 1435120
928.000 1506486
929.000 1470877
930.000 1786347
931.000 1804263
932.000 1837245
933.000 1622889
934.000 1809118
935.000 1789941
936.000 1637955
937.000 1416424
938.000 1067159
939.000 1047299
940.000 1233575
941.000 1071701
942.000 1788033
943.000 1408969
944.000 1397233
945.000 1513218
946.000 1298242
947.000 1639171
948.000 1670055
949.000 1623078
950.000 1511197
951.000 1526062
952.000 1552851
953.000 1483629
954.000 1131643
955.000 1728844
956.000 1453966
957.000 1373789
958.000 1303554
959.000 1341359
960.000 1336855
961.000 1515419
962.000 1333638
963.000 1423377
964.000 1429638
965.000 1424551
966.000 1493979
967.000 1471072
968.000 1274539
969.000 1141588
970.000 1423549
971.000 1378479
972.000 1801643
973.000 1679467
974.000 1641416
975.000 1666994
976.000 1531110
977.000 1442408
978.000 1595073
979.000 1784158
980.000 1464766
981.000 1444110
982.000 1537842
983.000 1670747
984.000 1849737
985.000 1818946
986.000 1786108
987.000 1771716
988.000 1847924
989.000 1784848
990.000 1777093
991.000 1706010
992.000 1435221
993.000 1847737
994.000 1728101
995.000 1768878
996.000 1553578
997.000 1577231
998.000 1544391
999.000 1679218
1000.000 1640504
1001.000 1798838
1002.000 1260101
1003.000 1420014
1004.000 1559189
1005.000 1617152
1006.000 1490824
1007.000 1353636
1008.000 1469101
1009.000 1671164
1010.000 1577699
1011.000 1176859
1012.000 1284957
1013.000 1644874
1014.000 1615235
1015.000 1567355
1016.000 1403989
1017.000 1674593
1018.000 1691764
1019.000 1235069
1020.000 1556743
1021.000 1203051
1022.000 986699
1023.000 1585291
1024.000 1374999
1025.000 1201334
1026.000 1218855
1027.000 1226202
1028.000 1396548
1029.000 1609404
1030.000 1534528
1031.000 1267969
1032.000 1300999
1033.000 1221687
1034.000 1259403
1035.000 1171133
1036.000 1045952
1037.000 561965
1038.000 875150
1039.000 679264
1040.000 1574177
1041.000 815636
1042.000 1510126
1043.000 1322472
1044.000 1255602
1045.000 1349706
1046.000 1324339
1047.000 1613294
1048.000 1509031
1049.000 1412318
1050.000 1674035
1051.000 1542091
1052.000 1650201
1053.000 1748478
1054.000 1360540
1055.000 1378986
1056.000 1330379
1057.000 1484031
1058.000 1255277
1059.000 980728
1060.000 1468482
1061.000 1745135
1062.000 1359632
1063.000 1532420
1064.000 1130883
1065.000 1131312
1066.000 1466361
1067.000 1503882
1068.000 1586251
1069.000 1147251
1070.000 1329140
1071.000 1402134
1072.000 1613382
1073.000 1078527
1074.000 1536901
1075.000 1838568
1076.000 1842108
1077.000 1710008
1078.000 1741997
1079.000 1156283
1080.000 1262983
1081.000 1498557
1082.000 1202909
1083.000 1393289
1084.000 1093632
1085.000 1854966
1086.000 1153534
1087.000 1705550
1088.000 1147172
1089.000 1170080
1090.000 1421490
1091.000 1104818
1092.000 1181834
1093.000 1344468
1094.000 1786489
1095.000 1167331
1096.000 1141813
1097.000 1360525
1098.000 1706431
1099.000 1738499
1100.000 1470031
1101.000 1475424
1102.000 1296514
1103.000 1149801
1104.000 1581761
1105.000 1090716
1106.000 1843365
1107.000 1845476
1108.000 1641884
1109.000 1384606
1110.000 1538216
1111.000 1361028
1112.000 1516631
1113.000 1613763
1114.000 1786046
1115.000 1706350
1116.000 1660342
1117.000 1250274
1118.000 1047525
1119.000 1530493
1120.000 1492726
1121.000 1149883
1122.000 1448377
1123.000 1553994
1124.000 738309
1125.000 1878462
1126.000 987356
1127.000 1714611
1128.000 1448229
1129.000 1631803
1130.000 1330285
1131.000 1315072
1132.000 1725381
1133.000 1412672
1134.000 1213966
1135.000 1702861
1136.000 1406455
1137.000 1225586
1138.000 1707456
1139.000 1400450
1140.000 1205386
1141.000 1737294
1142.000 1418831
1143.000 1246957
1144.000 1704578
1145.000 1409175
1146.000 1191944
1147.000 1785734
1148.000 1330841
1149.000 1217872
1150.000 1854530
1151.000 1268007
1152.000 1240478
1153.000 1859685
1154.000 1236810
1155.000 1219297
1156.000 1866921
1157.000 1256691
1158.000 1271405
1159.000 1783937
1160.000 1227087
1161.000 1346750
1162.000 1758913
1163.000 1261607
1164.000 1384486
1165.000 1695813
1166.000 1231124
1167.000 1395701
1168.000 1696263
1169.000 1251711
1170.000 1417810
1171.000 1673552
1172.000 1247112
1173.000 1437221
1174.000 1632426
1175.000 1271775
1176.000 1466053
1177.000 1639846
1178.000 1234913
1179.000 1439277
1180.000 1643436
1181.000 1294598
1182.000 1440840
1183.000 1635075
1184.000 1250084
1185.000 1430699
1186.000 1664075
1187.000 1233849
1188.000 1473379
1189.000 1646120
1190.000 1234415
1191.000 1459909
1192.000 1646078
1193.000 1230533
1194.000 1450738
1195.000 1598623
1196.000 1261001
1197.000 1502015
1198.000 1633207
1199.000 1251702
1200.000 1477901
1201.000 1619097
1202.000 1268367
1203.000 1475430
1204.000 1607376
1205.000 1249576
1206.000 1515427
1207.000 1588115
1208.000 1213079
1209.000 1438493
1210.000 1559505
1211.000 1246816
1212.000 1483517
1213.000 1605094
1214.000 1263233
1215.000 1478558
1216.000 1640095
1217.000 1219264
1218.000 1490102
1219.000 1649949
1220.000 1232488
1221.000 1509490
1222.000 1592907
1223.000 1228233
1224.000 1519923
1225.000 1569927
1226.000 1228483
1227.000 1579245
1228.000 1540845
1229.000 1241815
1230.000 1591715
1231.000 1499108
1232.000 1243695
1233.000 1639366
1234.000 1459876
1235.000 1203483
1236.000 1687924
1237.000 1429358
1238.000 1242326
1239.000 1712187
1240.000 1405479
1241.000 1246205
1242.000 1714682
1243.000 1341698
1244.000 1265532
1245.000 1812010
1246.000 1318743
1247.000 1210046
1248.000 1852542
1249.000 1248203
1250.000 1314326
1251.000 1768613
1252.000 1198437
1253.000 1441242
1254.000 1706046
1255.000 1251387
1256.000 1435271
1257.000 1678557
1258.000 1253172
1259.000 1415356
1260.000 1670942
1261.000 1227005
1262.000 1430626
1263.000 1635191
1264.000 1230572
1265.000 1535348
1266.000 1563059
1267.000 1223194
1268.000 1607269
1269.000 1494970
1270.000 1233632
1271.000 1586460
1272.000 1403546
1273.000 1235678
1274.000 1650156
1275.000 1433415
1276.000 1241801
1277.000 1697552
1278.000 1391028
1279.000 1207646
1280.000 1786155
1281.000 1290066
1282.000 1273702
1283.000 1802834
1284.000 1253239
1285.000 1323484
1286.000 1755985
1287.000 1249866
1288.000 1370904
1289.000 1753758
1290.000 1238825
1291.000 1379463
1292.000 1725664
1293.000 1230125
1294.000 1419676
1295.000 1700003
1296.000 1213662
1297.000 1436548
1298.000 1667331
1299.000 1204424
1300.000 1493814
1301.000 1649095
1302.000 1250349
1303.000 1488766
1304.000 1620691
1305.000 1229384
1306.000 1553954
1307.000 1530753
1308.000 1227914
1309.000 1663399
1310.000 1479410
1311.000 1192116
1312.000 1692087
1313.000 1406242
1314.000 1233635
1315.000 1700425
1316.000 1356729
1317.000 1228012
1318.000 1784531
1319.000 1308173
1320.000 1298567
1321.000 1752832
1322.000 1302566
1323.000 1241419
1324.000 1834871
1325.000 1274240
1326.000 1243388
1327.000 1804600
1328.000 1235288
1329.000 1324852
1330.000 1784450
1331.000 1241204
1332.000 1359109
1333.000 1701941
1334.000 1242194
1335.000 1410181
1336.000 1698203
1337.000 1229399
1338.000 1429244
1339.000 1672348
1340.000 1230291
1341.000 1460858
1342.000 1645647
1343.000 1237553
1344.000 1526657
1345.000 1564917
1346.000 1237702
1347.000 1570112
1348.000 1518107
1349.000 1193981
1350.000 1677521
1351.000 1452702
1352.000 1207821
1353.000 1702152
1354.000 1424830
1355.000 1232271
1356.000 1683592
1357.000 1404115
1358.000 1229601
1359.000 1733643
1360.000 1359431
1361.000 1240405
1362.000 1733863
1363.000 1367763
1364.000 1245525
1365.000 1733809
1366.000 1384217
1367.000 1236767
1368.000 1732644
1369.000 1360192
1370.000 1253587
1371.000 1734307
1372.000 1353029
1373.000 1257287
1374.000 1755270
1375.000 1355275
1376.000 1233625
1377.000 1759079
1378.000 1364643
1379.000 1222741
1380.000 1794825
1381.000 1315773
1382.000 1230963
1383.000 1806699
1384.000 1257793
1385.000 1231735
1386.000 1853665
1387.000 1258942
1388.000 1221599
1389.000 1857453
1390.000 1245892
1391.000 1257352
1392.000 1796813
1393.000 1296525
1394.000 1247152
1395.000 1706457
1396.000 1375855
1397.000 1242451
1398.000 1731602
1399.000 1380910
1400.000 1254419
1401.000 1669359
1402.000 1448431
1403.000 1221083
1404.000 1637462
1405.000 1478173
1406.000 1252434
1407.000 1625817
1408.000 1499980
1409.000 1234366
1410.000 1601385
1411.000 1496081
1412.000 1243485
1413.000 1568084
1414.000 1514311
1415.000 1246587
1416.000 1542751
1417.000 1581768
1418.000 1264106
1419.000 1457711
1420.000 1616039
1421.000 1252877
1422.000 1434879
1423.000 1555769
1424.000 1271629
1425.000 1399084
1426.000 1709609
1427.000 1252316
1428.000 1367875
1429.000 1744662
1430.000 1243593
1431.000 1379186
1432.000 1728268
1433.000 1246634
1434.000 1352554
1435.000 1768392
1436.000 1241204
1437.000 1353233
1438.000 1715917
1439.000 1275074
1440.000 1372285
1441.000 1753763
1442.000 1252848
1443.000 1318688
1444.000 1729849
1445.000 1258689
1446.000 1347745
1447.000 1754022
1448.000 1251095
1449.000 1351484
1450.000 1756532
1451.000 1279513
1452.000 1293836
1453.000 1810168
1454.000 1238571
1455.000 1284698
1456.000 1803975
1457.000 1227231
1458.000 1313380
1459.000 1808874
1460.000 1212913
1461.000 1283925
1462.000 1813054
1463.000 1246372
1464.000 1278174
1465.000 1815758
1466.000 1251204
1467.000 1272550
1468.000 1810638
1469.000 1243368
1470.000 1318443
1471.000 1756126
1472.000 1267008
1473.000 1339924
1474.000 1101496
1475.000 1101205
1476.000 1062337
1477.000 1143813
1478.000 1023299
1479.000 1160798
1480.000 1027652
1481.000 1117986
1482.000 1154598
1483.000 1010473
1484.000 1133462
1485.000 1086917
1486.000 1125747
1487.000 1155251
1488.000 1060627
1489.000 1112725
1490.000 1063188
1491.000 1147182
1492.000 1128048
1493.000 1048911
1494.000 1140847
1495.000 1022969
1496.000 1174083
1497.000 1074301
1498.000 1067388
1499.000 1143446
1500.000 1033890
1501.000 1147440
1502.000 1178170
1503.000 1015193
1504.000 1137360
1505.000 1039323
1506.000 1125026
1507.000 1110563
1508.000 1075278
1509.000 1104882
1510.000 1098411
1511.000 1093511
1512.000 1156470
1513.000 1028435
1514.000 1167304
1515.000 990501
1516.000 1167583
1517.000 1144146
1518.000 1019047
1519.000 1162404
1520.000 1155078
1521.000 1089353
1522.000 1190741
1523.000 991243
1524.000 1223722
1525.000 1097939
1526.000 1045013
1527.000 1182637
1528.000 1086344
1529.000 1055592
1530.000 1248148
1531.000 1087992
1532.000 1197462
1533.000 1131790
1534.000 1072894
1535.000 1139861
1536.000 1057581
1537.000 1136913
1538.000 1174353
1539.000 1050436
1540.000 1176489
1541.000 1041755
1542.000 1215636
1543.000 1133132
1544.000 1083992
1545.000 1185216
1546.000 1070250
1547.000 1147340
1548.000 1176480
1549.000 1073339
1550.000 1182494
1551.000 1082664
1552.000 1159834
1553.000 1190029
1554.000 1071867
1555.000 1123763
1556.000 1091070
1557.000 1132968
1558.000 1122716
1559.000 1050436
1560.000 1150065
1561.000 1034396
1562.000 1147006
1563.000 1115072
1564.000 1061649
1565.000 1143198
1566.000 1045727
1567.000 1111579
1568.000 1130152
1569.000 1010998
1570.000 1162449
1571.000 1053211
1572.000 1153810
1573.000 1128261
1574.000 1048668
1575.000 1139296
1576.000 1042181
1577.000 1142659
1578.000 1121464
1579.000 1023285
1580.000 1167924
1581.000 1007541
1582.000 1172640
1583.000 1148778
1584.000 1040696
1585.000 1168970
1586.000 1038129
1587.000 1167290
1588.000 1174317
1589.000 1024046
1590.000 1200498
1591.000 1051962
1592.000 1305142
1593.000 1218670
1594.000 1101565
1595.000 1194389
1596.000 1055333
1597.000 1047561
1598.000 1751855
1599.000 1373664
1600.000 255394
1601.000 1225155
1602.000 1256991
1603.000 1824276
1604.000 1248759
1605.000 1269331
1606.000 1870573
1607.000 1247946
1608.000 1220559
1609.000 1716021
1610.000 1292152
1611.000 1276377
1612.000 1772465
1613.000 943552
1614.000 1708104
1615.000 1450025
1616.000 1164213
1617.000 893482
1618.000 1035608
1619.000 939662
1620.000 1614090
1621.000 1262557
1622.000 1611724
1623.000 867575
1624.000 1031684
1625.000 1203896
1626.000 1128954
1627.000 1041377
1628.000 975022
1629.000 1048726
1630.000 1046230
1631.000 921062
1632.000 985109
1633.000 899074
1634.000 1022130
1635.000 1146576
1636.000 1052748
1637.000 1166675
1638.000 1207523
1639.000 1325957
1640.000 1318336
1641.000 1245762
1642.000 1237854
1643.000 1007482
1644.000 1095595
1645.000 1084258
1646.000 1011001
1647.000 1062742
1648.000 986203
1649.000 1086591
1650.000 1029066
1651.000 988429
1652.000 1038527
1653.000 963191
1654.000 1080429
1655.000 1031174
1656.000 963607
1657.000 1065964
1658.000 903516
1659.000 1087725
1660.000 1050389
1661.000 939420
1662.000 1068515
1663.000 953933
1664.000 1024073
1665.000 1056242
1666.000 906378
1667.000 1048675
1668.000 907668
1669.000 1056425
1670.000 1041337
1671.000 897156
1672.000 1064179
1673.000 947797
1674.000 1066333
1675.000 1058026
1676.000 1033337
1677.000 1136614
1678.000 908248
1679.000 1094550
1680.000 855984
1681.000 843813
1682.000 848903
1683.000 834640
1684.000 829962
1685.000 849704
1686.000 833724
1687.000 832224
1688.000 851434
1689.000 830220
1690.000 844240
1691.000 850526
1692.000 821942
1693.000 851359
1694.000 841829
1695.000 822201
1696.000 856212
1697.000 833359
1698.000 830075
1699.000 855390
1700.000 825619
1701.000 834187
1702.000 847616
1703.000 825290
1704.000 835986
1705.000 838330
1706.000 830445
1707.000 834268
1708.000 833049
1709.000 833724
1710.000 833722
1711.000 833424
1712.000 816975
1713.000 835441
1714.000 833288
1715.000 827042
1716.000 834681
1717.000 837769
1718.000 820854
1719.000 844978
1720.000 816845
1721.000 836643
1722.000 955872
1723.000 838340
1724.000 853107
1725.000 850852
1726.000 727171
1727.000 746537
1728.000 756454
1729.000 718477
1730.000 752193
1731.000 710021
1732.000 721470
1733.000 766832
1734.000 729576
1735.000 746319
1736.000 751972
1737.000 737611
1738.000 731390
1739.000 757852
1740.000 739342
1741.000 757340
1742.000 754045
1743.000 740590
1744.000 744368
1745.000 735769
1746.000 738218
1747.000 726846
1748.000 760401
1749.000 725616
1750.000 746747
1751.000 738750
1752.000 725645
1753.000 752148
1754.000 760937
1755.000 731769
1756.000 762386
1757.000 726081
1758.000 721968
1759.000 745044
1760.000 733946
1761.000 728072
1762.000 765401
1763.000 751954
1764.000 785775
1765.000 792591
1766.000 736586
1767.000 765437
1768.000 736101
1769.000 828998
1770.000 785854
1771.000 761888
1772.000 193351
1773.000 609677
1774.000 838838
1775.000 930180
1776.000 876979
1777.000 659289
1778.000 136805
1779.000 781774
1780.000 799573
1781.000 1357066
1782.000 912799
1783.000 1137319
1784.000 1324623
1785.000 1820349
1786.000 1018713
1787.000 1666901
1788.000 1645681
1789.000 1429241
1790.000 1585730
1791.000 1632377
1792.000 1509179
1793.000 1648663
1794.000 1603204
1795.000 1450552
1796.000 1696279
1797.000 1840180
1798.000 1627498
1799.000 1439306
1800.000 1698784
1801.000 1310352
1802.000 1202825
1803.000 740273
1804.000 444388
1805.000 445168
1806.000 1348911
1807.000 1354760
1808.000 128938
1809.000 111215
1810.000 354445
1811.000 258436
1812.000 199666
1813.000 175872
1814.000 173262
1815.000 400295
1816.000 176363
1817.000 168761
1818.000 219423
1819.000 189122
1820.000 186636
1821.000 238078
1822.000 313172
1823.000 172204
1824.000 169178
1825.000 168660
1826.000 168660
1827.000 168660
1828.000 168660
1829.000 168660
1830.000 168660
1831.000 168660
1832.000 168660
1833.000 168660
1834.000 168660
1835.000 168660
1836.000 168660
1837.000 165996
1838.000 171324
1839.000 165849
1840.000 168660
1841.000 171471
1842.000 168660
1843.000 168660
1844.000 165849
1845.000 168660
1846.000 171471
1847.000 165849
1848.000 168660
1849.000 168660
1850.000 180768
1851.000 167908
1852.000 171754
1853.000 170082
1854.000 170424
1855.000 173946
1856.000 166859
1857.000 168979
1858.000 168840
1859.000 168840
1860.000 168840
1861.000 168953
1862.000 168840
1863.000 168840
1864.000 168840
1865.000 168840
1866.000 168840
1867.000 167508
1868.000 170172
1869.000 168840
1870.000 168840
1871.000 168840
1872.000 168840
1873.000 168840
1874.000 670147
1875.000 1360333
1876.000 1214283
1877.000 1593835
1878.000 1411061
1879.000 1478401
1880.000 1393200
1881.000 1125139
1882.000 432407
1883.000 454062
1884.000 434548
1885.000 450357
1886.000 458722
1887.000 448129
1888.000 452825
1889.000 419411
1890.000 436938
1891.000 433548
1892.000 433502
1893.000 446279
1894.000 426844
1895.000 446441
1896.000 430080
1897.000 438140
1898.000 433118
1899.000 456404
1900.000 450476
1901.000 438589
1902.000 452182
1903.000 442498
1904.000 439949
1905.000 440687
1906.000 415901
1907.000 436401
1908.000 426155
1909.000 436096
1910.000 446980
1911.000 464770
1912.000 464441
1913.000 445487
1914.000 441900
1915.000 427651
1916.000 433955
1917.000 440186
1918.000 418329
1919.000 629238
1920.000 284226
1921.000 233908
1922.000 220744
1923.000 212023
1924.000 171633
1925.000 357255
1926.000 191769
1927.000 172093
1928.000 167448
1929.000 170112
1930.000 168780
1931.000 165967
1932.000 168929
1933.000 171444
1934.000 168780
1935.000 168780
1936.000 168780
1937.000 168780
1938.000 168780
1939.000 168780
1940.000 168780
1941.000 168780
1942.000 165967
1943.000 173042
1944.000 173512
1945.000 626563
1946.000 1817048
1947.000 1392499
1948.000 1445985
1949.000 1197956
1950.000 1691792
1951.000 1414118
1952.000 1773456
1953.000 1087445
1954.000 1807387
1955.000 1290082
1956.000 1599948
1957.000 1482580
1958.000 1451480
1959.000 1472735
1960.000 1384172
1961.000 1531259
1962.000 1464221
1963.000 1464116
1964.000 1435371
1965.000 1488125
1966.000 1479747
1967.000 1395944
1968.000 1426505
1969.000 1399831
1970.000 1350462
1971.000 1412009
1972.000 1356221
1973.000 1390282
1974.000 1388141
1975.000 1348025
1976.000 1373626
1977.000 1263987
1978.000 1408510
1979.000 1348232
1980.000 1364038
1981.000 1366279
1982.000 1360304
1983.000 1409712
1984.000 1310519
1985.000 1362273
1986.000 1374353
1987.000 1366955
1988.000 1381541
1989.000 1484584
1990.000 1369891
1991.000 1374426
1992.000 1371889
1993.000 1358893
1994.000 1318054
1995.000 1383564
1996.000 1281773
1997.000 1412337
1998.000 1390419
1999.000 1338369
2000.000 1384240
2001.000 1384203
2002.000 1391674
2003.000 1400742
2004.000 1404069
2005.000 1349007
2006.000 1404606
2007.000 1484800
2008.000 1349868
2009.000 1406176
2010.000 1403481
2011.000 1367649
2012.000 1393900
2013.000 1303329
2014.000 1360186
2015.000 1393872
2016.000 1383375
2017.000 1364603
2018.000 1440716
2019.000 1396818
2020.000 1418183
2021.000 1371377
2022.000 1417587
2023.000 1342644
2024.000 1338703
2025.000 1336414
2026.000 1404919
2027.000 1391722
2028.000 1356524
2029.000 1370497
2030.000 1361402
2031.000 1354150
2032.000 1373247
2033.000 1425918
2034.000 1487641
2035.000 1436905
2036.000 1460922
2037.000 1434063
2038.000 1496397
2039.000 1440668
2040.000 1531786
2041.000 1461021
2042.000 1349873
2043.000 1500016
2044.000 1464718
2045.000 1464350
2046.000 1451856
2047.000 1586845
2048.000 1495483
2049.000 1415557
2050.000 1524462
2051.000 1458223
2052.000 1414875
2053.000 1471946
2054.000 1432078
2055.000 1472876
2056.000 1431410
2057.000 1490286
2058.000 1516871
2059.000 1415083
2060.000 1466065
2061.000 1423318
2062.000 1422830
2063.000 1539489
2064.000 1458231
2065.000 1406273
2066.000 1441492
2067.000 1488630
2068.000 1413910
2069.000 1401416
2070.000 1488113
2071.000 1433786
2072.000 1418343
2073.000 1492003
2074.000 1531081
2075.000 1462197
2076.000 1442494
2077.000 1458929
2078.000 1430096
2079.000 1435975
2080.000 1436776
2081.000 1467151
2082.000 1431094
2083.000 1591349
2084.000 311437
2085.000 208249
2086.000 205344
2087.000 211642
2088.000 214133
2089.000 221429
2090.000 218517
2091.000 211719
2092.000 204070
2093.000 196991
2094.000 215818
2095.000 207558
2096.000 205657
2097.000 208740
2098.000 213612
2099.000 1407629
2100.000 1301077
2101.000 1453138
2102.000 1600824
2103.000 1683799
2104.000 1570685
2105.000 1671681
2106.000 1651029
2107.000 1648443
2108.000 1607118
2109.000 1610273
2110.000 1681208
2111.000 1520173
2112.000 1540632
2113.000 1619771
2114.000 1597757
2115.000 1645234
2116.000 1596389
2117.000 1383416
2118.000 1430798
2119.000 1588082
2120.000 1633371
2121.000 1673058
2122.000 1491900
2123.000 1490591
2124.000 1543952
2125.000 1561261
2126.000 1649149
2127.000 1546866
2128.000 1654926
2129.000 1640609
2130.000 1581239
2131.000 1651109
2132.000 1627040
2133.000 1650818
2134.000 1703631
2135.000 1591560
2136.000 1632127
2137.000 1630583
2138.000 1541840
2139.000 1667212
2140.000 1663880
2141.000 1598144
2142.000 1692776
2143.000 1566470
2144.000 1665831
2145.000 1603934
2146.000 1601480
2147.000 1535892
2148.000 1591206
2149.000 1449183
2150.000 1507035
2151.000 1505688
2152.000 1664674
2153.000 1605770
2154.000 1569284
2155.000 1609395
2156.000 1602600
2157.000 1455742
2158.000 1599601
2159.000 1580016
2160.000 1633404
2161.000 1065192
2162.000 1451330
2163.000 1415390
2164.000 1335708
2165.000 1688181
2166.000 1542669
2167.000 1521585
2168.000 1561400
2169.000 1492061
2170.000 1531908
2171.000 537815
2172.000 208068
2173.000 208863
2174.000 924856
2175.000 1588088
2176.000 233865
2177.000 983134
2178.000 1677658
2179.000 1341835
2180.000 1273528
2181.000 1152563
2182.000 325567
2183.000 523795
2184.000 271256
2185.000 603568
2186.000 901087
2187.000 690068
2188.000 869946
2189.000 1411832
2190.000 1669623
2191.000 1458852
2192.000 1204886
2193.000 966888
2194.000 1127553
2195.000 1184765
2196.000 1217933
2197.000 1205502
2198.000 1075397
2199.000 1211923
2200.000 1187944
2201.000 1206879
2202.000 1284273
2203.000 1203371
2204.000 1699941
2205.000 1445379
2206.000 1224921
2207.000 1725620
2208.000 1718511
2209.000 1661090
2210.000 1691980
2211.000 1724985
2212.000 1708664
2213.000 1648824
2214.000 1716152
2215.000 1664514
2216.000 1645895
2217.000 1757490
2218.000 1676873
2219.000 1619892
2220.000 1663169
2221.000 1624151
2222.000 1641311
2223.000 1516535
2224.000 1629370
2225.000 1707250
2226.000 1697631
2227.000 1673351
2228.000 1789355
2229.000 1644520
2230.000 1712016
2231.000 1643667
2232.000 1751306
2233.000 1710697
2234.000 1716731
2235.000 1533561
2236.000 1594543
2237.000 1704792
2238.000 1583086
2239.000 1629332
2240.000 1643751
2241.000 1469194
2242.000 1761478
2243.000 1544434
2244.000 1601567
2245.000 1683468
2246.000 1679896
2247.000 1589297
2248.000 1313452
2249.000 1557532
2250.000 1211499
2251.000 1511979
2252.000 1253236
2253.000 1713934
2254.000 1202032
2255.000 1450436
2256.000 1115374
2257.000 1503761
2258.000 1694585
2259.000 1504032
2260.000 1125070
2261.000 1513279
2262.000 1385169
2263.000 1314002
2264.000 1669746
2265.000 1631575
2266.000 1588875
2267.000 1610149
2268.000 1189563
2269.000 1166234
2270.000 1561626
2271.000 1798614
2272.000 1427830
2273.000 1115891
2274.000 1296663
2275.000 1562294
2276.000 1523473
2277.000 1503682
2278.000 1471490
2279.000 463854
2280.000 1128875
2281.000 1531481
2282.000 631418
2283.000 1509138
2284.000 1571825
2285.000 1846117
2286.000 754988
2287.000 1720860
2288.000 594056
2289.000 1634738
2290.000 1361974
2291.000 1310604
2292.000 1790408
2293.000 1199493
2294.000 1405368
2295.000 1242131
2296.000 1567567
2297.000 1514599
2298.000 1509864
2299.000 1622129
2300.000 1071678
2301.000 1217025
2302.000 1648892
2303.000 1506823
2304.000 1197274
2305.000 1339724
2306.000 1228533
2307.000 652464
2308.000 1654369
2309.000 1467122
2310.000 585852
2311.000 1785709
2312.000 1256137
2313.000 1247185
2314.000 477215
2315.000 1021345
2316.000 1625620
2317.000 1011382
2318.000 1090489
2319.000 1339259
2320.000 1623315
2321.000 1131117
2322.000 1286684
2323.000 392823
2324.000 511634
2325.000 1677008
2326.000 1056272
2327.000 1725248
2328.000 1424458
2329.000 1222582
2330.000 1386382
2331.000 1774895
2332.000 1239287
2333.000 1765611
2334.000 1146597
2335.000 1533091
2336.000 817861
2337.000 1630802
2338.000 1441517
2339.000 1307841
2340.000 1394381
2341.000 1808959
2342.000 1755465
2343.000 1620036
2344.000 1338408
2345.000 1439693
2346.000 1658451
2347.000 1561365
2348.000 1672282
2349.000 1669091
2350.000 1565533
2351.000 1772966
2352.000 1626276
2353.000 1360264
2354.000 1150364
2355.000 892228
2356.000 1674079
2357.000 1276852
2358.000 1624383
2359.000 1457671
2360.000 1293051
2361.000 1348944
2362.000 1794545
2363.000 1213551
2364.000 1334329
2365.000 1753707
2366.000 1218288
2367.000 1412543
2368.000 1718556
2369.000 1205026
2370.000 1340984
2371.000 1825888
2372.000 1374320
2373.000 1268925
2374.000 683843
2375.000 104453
2376.000 525165
2377.000 1702043
2378.000 1069352
2379.000 1004089
2380.000 1055099
2381.000 1207040
2382.000 1002437
2383.000 910894
2384.000 950241
2385.000 1743603
2386.000 1832315
2387.000 1110279
2388.000 937538
2389.000 1844136
2390.000 1255271
2391.000 1305909
2392.000 1347937
2393.000 1288069
2394.000 1441606
2395.000 267467
2396.000 412735
2397.000 1029231
2398.000 1276942
2399.000 1340693
2400.000 1042036
2401.000 1220328
2402.000 991271
2403.000 1057903
2404.000 924309
2405.000 972659
2406.000 490548
2407.000 1507075
2408.000 1506377
2409.000 1503379
2410.000 1479060
2411.000 911454
2412.000 1773957
2413.000 1313929
2414.000 1490113
2415.000 1813109
2416.000 1584761
2417.000 1324778
2418.000 775415
2419.000 1553741
2420.000 1577040
2421.000 1315109
2422.000 1367319
2423.000 1719716
2424.000 1377771
2425.000 1240716
2426.000 1783667
2427.000 875867
2428.000 181931
2429.000 982721
2430.000 986769
2431.000 1445509
2432.000 1339244
2433.000 1209619
2434.000 1663249
2435.000 1070054
2436.000 1836442
2437.000 1140733
2438.000 210281
2439.000 821624
2440.000 1782919
2441.000 1642249
2442.000 1509443
2443.000 1544440
2444.000 1259566
2445.000 1672173
2446.000 1433349
2447.000 1323731
2448.000 1682086
2449.000 1289436
2450.000 1693207
2451.000 1183470
2452.000 1296430
2453.000 1235969
2454.000 1205937
2455.000 1198469
2456.000 1090716
2457.000 1203545
2458.000 1223215
2459.000 1030944
2460.000 1232013
2461.000 1155479
2462.000 1352604
2463.000 1171524
2464.000 1088536
2465.000 1549547
2466.000 1481509
2467.000 1405948
2468.000 1546064
2469.000 1521449
2470.000 1528782
2471.000 1824768
2472.000 1279753
2473.000 1651450
2474.000 1189405
2475.000 1019206
2476.000 1410181
2477.000 1534976
2478.000 1444609
2479.000 1259349
2480.000 1567310
2481.000 1439290
2482.000 1381851
2483.000 1445980
2484.000 1138016
2485.000 1483704
2486.000 1191637
2487.000 1217011
2488.000 1074917
2489.000 1208489
2490.000 1284662
2491.000 1664548
2492.000 1358235
2493.000 1577501
2494.000 1512060
2495.000 1163419
2496.000 1006939
2497.000 1768361
2498.000 1240830
2499.000 1757600
2500.000 1448636
2501.000 1140447
2502.000 1086976
2503.000 1369816
2504.000 1313975
2505.000 1605210
2506.000 932382
2507.000 610132
2508.000 768915
2509.000 794450
2510.000 619348
2511.000 768356
2512.000 587375
2513.000 762495
2514.000 739971
2515.000 594556
2516.000 763343
2517.000 577946
2518.000 764239
2519.000 744431
2520.000 852403
