# Slice: URLLC | 112.217.128.202:14661 -> 10.215.173.1:49003 (UDP)
# offset_sec  packet_size_bytes
0.000 22636
1.000 99900
2.000 99900
3.000 99900
4.000 99900
5.000 99900
6.000 99900
7.000 99900
8.000 99900
9.000 99900
10.000 99900
11.000 99900
12.000 99900
13.000 101240
14.000 99900
15.000 98560
16.000 99900
17.000 100229
18.000 100911
19.000 98560
20.000 101240
21.000 98560
22.000 99900
23.000 99900
24.000 99900
25.000 99900
26.000 99900
27.000 99900
28.000 99900
29.000 99900
30.000 99900
31.000 99900
32.000 99900
33.000 99900
34.000 99900
35.000 99900
36.000 99900
37.000 99900
38.000 99242
39.000 100558
40.000 99900
41.000 99900
42.000 99900
43.000 99900
44.000 99900
45.000 99900
46.000 99900
47.000 99900
48.000 99900
49.000 99900
50.000 99900
51.000 99900
52.000 99900
53.000 99242
54.000 98560
55.000 101240
56.000 99900
57.000 99900
58.000 100558
59.000 99900
60.000 99242
61.000 100558
62.000 99900
63.000 99571
64.000 100229
65.000 99571
66.000 99571
67.000 99900
68.000 100558
69.000 99900
70.000 99242
71.000 100558
72.000 99242
73.000 100558
74.000 99900
75.000 99900
76.000 99242
77.000 100558
78.000 99900
79.000 99900
80.000 99242
81.000 99900
82.000 99900
83.000 100558
84.000 99900
85.000 99242
86.000 99900
87.000 99900
88.000 100558
89.000 99242
90.000 100558
91.000 99242
92.000 100558
93.000 99900
94.000 99900
95.000 99242
96.000 99900
97.000 100558
98.000 99900
99.000 99900
100.000 99900
101.000 99900
102.000 99900
103.000 99900
104.000 99571
105.000 99900
106.000 100229
107.000 99242
108.000 99900
109.000 99900
110.000 100558
111.000 99900
112.000 99571
113.000 100229
114.000 99242
115.000 100558
116.000 99242
117.000 100558
118.000 99900
119.000 99900
120.000 99900
121.000 99242
122.000 99900
123.000 99900
124.000 100558
125.000 99242
126.000 99900
127.000 100558
128.000 99900
129.000 99242
130.000 99900
131.000 99900
132.000 100558
133.000 99242
134.000 99900
135.000 100558
136.000 99242
137.000 99900
138.000 99900
139.000 99900
140.000 99900
141.000 99900
142.000 99218
143.000 100582
144.000 99900
145.000 100229
146.000 100229
147.000 99242
148.000 99900
149.000 99900
150.000 99900
151.000 99900
152.000 98560
153.000 101898
154.000 99242
155.000 99900
156.000 99900
157.000 100229
158.000 98889
159.000 100582
160.000 99559
161.000 100241
162.000 99900
163.000 99900
164.000 100558
165.000 99900
166.000 99242
167.000 98889
168.000 101569
169.000 99242
170.000 99900
171.000 99900
172.000 99900
173.000 99900
174.000 99900
175.000 99900
176.000 100229
177.000 99571
178.000 100558
179.000 99242
180.000 100558
181.000 99242
182.000 99900
183.000 99900
184.000 100229
185.000 99571
186.000 99900
187.000 99900
188.000 99900
189.000 99900
190.000 99900
191.000 99900
192.000 99900
193.000 99900
194.000 99900
195.000 99900
196.000 99900
197.000 100558
198.000 99242
199.000 99900
200.000 99900
201.000 99900
202.000 99900
203.000 99900
204.000 99900
205.000 99900
206.000 99900
207.000 99900
208.000 99900
209.000 99900
210.000 99900
211.000 99900
212.000 99900
213.000 98560
214.000 101240
215.000 99900
216.000 99900
217.000 98560
218.000 101240
219.000 99900
220.000 99900
221.000 99900
222.000 99900
223.000 99900
224.000 98560
225.000 99900
226.000 99900
227.000 101240
228.000 98889
229.000 99571
230.000 101240
231.000 99900
232.000 99900
233.000 99900
234.000 98560
235.000 99900
236.000 99900
237.000 101240
238.000 99900
239.000 98560
240.000 101240
241.000 98560
242.000 101240
243.000 99900
244.000 99900
245.000 98560
246.000 101240
247.000 99900
248.000 98560
249.000 101240
250.000 99900
251.000 98560
252.000 99900
253.000 99900
254.000 101240
255.000 98560
256.000 101240
257.000 99900
258.000 98560
259.000 101240
260.000 98560
261.000 99900
262.000 101240
263.000 99900
264.000 98560
265.000 101240
266.000 99900
267.000 99900
268.000 98560
269.000 101240
270.000 99900
271.000 98560
272.000 99900
273.000 100229
274.000 100911
275.000 98560
276.000 99900
277.000 100229
278.000 100911
279.000 98560
280.000 101240
281.000 98560
282.000 99900
283.000 100229
284.000 99571
285.000 101240
286.000 99900
287.000 99900
288.000 99900
289.000 98560
290.000 101240
291.000 98560
292.000 101240
293.000 98889
294.000 100911
295.000 99900
296.000 98560
297.000 99900
298.000 101240
299.000 99900
300.000 99900
301.000 99900
302.000 99218
303.000 100582
304.000 99900
305.000 98560
306.000 99900
307.000 99900
308.000 101240
309.000 99900
310.000 99900
311.000 98560
312.000 100558
313.000 100582
314.000 98560
315.000 99900
316.000 100229
317.000 100911
318.000 98889
319.000 99571
320.000 99900
321.000 99900
322.000 99242
323.000 100887
324.000 99571
325.000 99900
326.000 99900
327.000 101240
328.000 98560
329.000 99900
330.000 100899
331.000 99230
332.000 99571
333.000 99900
334.000 99571
335.000 100229
336.000 101240
337.000 98560
338.000 99900
339.000 99900
340.000 99900
341.000 99900
342.000 99900
343.000 101240
344.000 98560
345.000 99242
346.000 100558
347.000 99900
348.000 99900
349.000 99900
350.000 99900
351.000 101240
352.000 98560
353.000 99900
354.000 100229
355.000 98913
356.000 100558
357.000 101240
358.000 98560
359.000 99900
360.000 99900
361.000 99900
362.000 99900
363.000 99900
364.000 99900
365.000 99900
366.000 99900
367.000 101240
368.000 98560
369.000 99900
370.000 99900
371.000 99242
372.000 100558
373.000 99900
374.000 101240
375.000 98560
376.000 99900
377.000 99900
378.000 99242
379.000 100558
380.000 99900
381.000 99242
382.000 100558
383.000 99900
384.000 99900
385.000 99900
386.000 99900
387.000 99242
388.000 99900
389.000 100558
390.000 99900
391.000 99900
392.000 99242
393.000 100558
394.000 99900
395.000 99900
396.000 99900
397.000 99242
398.000 100558
399.000 99900
400.000 99900
401.000 99900
402.000 99900
403.000 99900
404.000 99900
405.000 99900
406.000 99900
407.000 99900
408.000 99900
409.000 99242
410.000 100558
411.000 99242
412.000 100558
413.000 99900
414.000 99900
415.000 99900
416.000 99242
417.000 100558
418.000 99900
419.000 99900
420.000 99900
421.000 99900
422.000 99900
423.000 99900
424.000 99900
425.000 99900
426.000 99900
427.000 99242
428.000 100558
429.000 99900
430.000 99900
431.000 99900
432.000 99900
433.000 99242
434.000 100558
435.000 99571
436.000 100229
437.000 99900
438.000 99900
439.000 99900
440.000 99900
441.000 99900
442.000 99242
443.000 100558
444.000 99242
445.000 100558
446.000 99900
447.000 99242
448.000 100558
449.000 99900
450.000 99900
451.000 99242
452.000 100558
453.000 99242
454.000 100558
455.000 99242
456.000 100558
457.000 99900
458.000 99900
459.000 99900
460.000 99900
461.000 99242
462.000 100558
463.000 99900
464.000 99900
465.000 99900
466.000 99900
467.000 99242
468.000 100558
469.000 99900
470.000 99242
471.000 100558
472.000 99900
473.000 99900
474.000 99242
475.000 99900
476.000 100558
477.000 99900
478.000 99900
479.000 99900
480.000 99900
481.000 99900
482.000 99242
483.000 99900
484.000 100558
485.000 99900
486.000 99571
487.000 99571
488.000 100558
489.000 99242
490.000 100558
491.000 99900
492.000 99242
493.000 99900
494.000 100558
495.000 99900
496.000 99900
497.000 99900
498.000 99242
499.000 100558
500.000 99242
501.000 100558
502.000 99242
503.000 99900
504.000 100558
505.000 99900
506.000 99242
507.000 99900
508.000 99900
509.000 100558
510.000 99242
511.000 99900
512.000 99900
513.000 100558
514.000 99242
515.000 99900
516.000 99900
517.000 99900
518.000 100558
519.000 99242
520.000 100558
521.000 99242
522.000 100558
523.000 99900
524.000 99571
525.000 99571
526.000 99900
527.000 99900
528.000 99900
529.000 100558
530.000 99571
531.000 100229
532.000 99242
533.000 100558
534.000 99900
535.000 99900
536.000 99242
537.000 100558
538.000 99242
539.000 99900
540.000 100558
541.000 99242
542.000 99900
543.000 99900
544.000 99900
545.000 99900
546.000 99900
547.000 99900
548.000 99900
549.000 100558
550.000 99242
551.000 100558
552.000 99242
553.000 100558
554.000 99900
555.000 98231
556.000 100911
557.000 99900
558.000 99900
559.000 99900
560.000 100558
561.000 99242
562.000 99900
563.000 99900
564.000 99900
565.000 99900
566.000 99900
567.000 99900
568.000 99900
569.000 99900
570.000 99900
571.000 99900
572.000 99900
573.000 99900
574.000 99900
575.000 100558
576.000 99242
577.000 100558
578.000 99242
579.000 98560
580.000 101240
581.000 99900
582.000 99900
583.000 99900
584.000 99900
585.000 99900
586.000 99900
587.000 99900
588.000 98560
589.000 101569
590.000 99571
591.000 99900
592.000 99900
593.000 99900
594.000 98560
595.000 101240
596.000 99900
597.000 99900
598.000 99900
599.000 99900
600.000 99900
601.000 99900
602.000 99900
603.000 99900
604.000 98560
605.000 101240
606.000 99900
607.000 99900
608.000 99900
609.000 99900
610.000 99900
611.000 99900
612.000 99900
613.000 99900
614.000 99900
615.000 99900
616.000 99900
617.000 98560
618.000 101240
619.000 99900
620.000 99900
621.000 99900
622.000 99900
623.000 99900
624.000 98560
625.000 99900
626.000 101240
627.000 98560
628.000 101240
629.000 98560
630.000 101240
631.000 99900
632.000 99900
633.000 99900
634.000 99900
635.000 98560
636.000 101240
637.000 99900
638.000 98560
639.000 101240
640.000 99900
641.000 98560
642.000 101240
643.000 98560
644.000 101240
645.000 99900
646.000 99900
647.000 98560
648.000 99900
649.000 101240
650.000 99900
651.000 99900
652.000 99900
653.000 99900
654.000 99900
655.000 98560
656.000 101240
657.000 99900
658.000 99900
659.000 98560
660.000 99900
661.000 101240
662.000 99900
663.000 98560
664.000 101240
665.000 99900
666.000 98560
667.000 99900
668.000 99900
669.000 100558
670.000 100582
671.000 99900
672.000 98560
673.000 101240
674.000 99900
675.000 99900
676.000 98560
677.000 101240
678.000 98560
679.000 99900
680.000 100229
681.000 100911
682.000 99900
683.000 98560
684.000 101240
685.000 99900
686.000 98560
687.000 99900
688.000 99900
689.000 99900
690.000 101240
691.000 98560
692.000 99900
693.000 101240
694.000 98560
695.000 99900
696.000 99900
697.000 99900
698.000 99900
699.000 99900
700.000 99900
701.000 101240
702.000 98560
703.000 99900
704.000 99900
705.000 99900
706.000 101240
707.000 98560
708.000 99900
709.000 99900
710.000 101240
711.000 97902
712.000 100558
713.000 99900
714.000 99900
715.000 101240
716.000 98560
717.000 99900
718.000 100229
719.000 99571
720.000 99900
721.000 99900
722.000 99571
723.000 100229
724.000 99900
725.000 99900
726.000 99571
727.000 100229
728.000 99900
729.000 99900
730.000 99900
731.000 101240
732.000 98560
733.000 99900
734.000 101240
735.000 99900
736.000 98560
737.000 99900
738.000 99900
739.000 99900
740.000 99900
741.000 99900
742.000 99900
743.000 99900
744.000 99900
745.000 99900
746.000 99900
747.000 99900
748.000 99900
749.000 99900
750.000 99900
751.000 99242
752.000 100558
753.000 99900
754.000 99900
755.000 99900
756.000 99900
757.000 99900
758.000 99900
759.000 101240
760.000 98560
761.000 101240
762.000 98560
763.000 99900
764.000 99242
765.000 100558
766.000 99900
767.000 99900
768.000 99242
769.000 100558
770.000 99900
771.000 99900
772.000 99242
773.000 100558
774.000 99242
775.000 100558
776.000 99900
777.000 99900
778.000 99900
779.000 99900
780.000 99900
781.000 99900
782.000 99900
783.000 99900
784.000 99571
785.000 99571
786.000 100558
787.000 99900
788.000 99571
789.000 100229
790.000 99900
791.000 99900
792.000 99900
793.000 99900
794.000 99242
795.000 100887
796.000 99571
797.000 99242
798.000 100558
799.000 99242
800.000 101898
801.000 97902
802.000 100558
803.000 99900
804.000 99900
805.000 99900
806.000 99900
807.000 99900
808.000 99900
809.000 99900
810.000 99242
811.000 100558
812.000 99900
813.000 99900
814.000 98231
815.000 101569
816.000 99900
817.000 99900
818.000 99242
819.000 100558
820.000 99900
821.000 99900
822.000 99900
823.000 99900
824.000 99900
825.000 99900
826.000 99900
827.000 99900
828.000 99900
829.000 99571
830.000 100229
831.000 99242
832.000 98560
833.000 101898
834.000 99900
835.000 99900
836.000 99242
837.000 99900
838.000 100558
839.000 99900
840.000 99242
841.000 100229
842.000 100229
843.000 99900
844.000 99242
845.000 100558
846.000 99242
847.000 100558
848.000 99242
849.000 100558
850.000 99900
851.000 99242
852.000 99900
853.000 99900
854.000 99900
855.000 99900
856.000 100558
857.000 99571
858.000 100229
859.000 99242
860.000 100558
861.000 99900
862.000 99242
863.000 100558
864.000 99242
865.000 99900
866.000 99900
867.000 99900
868.000 100558
869.000 99242
870.000 100558
871.000 99900
872.000 99242
873.000 100558
874.000 99900
875.000 99242
876.000 99900
877.000 100558
878.000 99900
879.000 99242
880.000 99900
881.000 100558
882.000 99900
883.000 99242
884.000 99900
885.000 99900
886.000 100229
887.000 99571
888.000 100229
889.000 99571
890.000 100558
891.000 99900
892.000 99242
893.000 100558
894.000 99900
895.000 99242
896.000 99900
897.000 99900
898.000 99900
899.000 99900
900.000 100558
901.000 99900
902.000 99242
903.000 100558
904.000 99571
905.000 100229
906.000 99900
907.000 99571
908.000 99571
909.000 99900
910.000 99900
911.000 99900
912.000 99900
913.000 99900
914.000 99559
915.000 100241
916.000 100558
917.000 99900
918.000 99242
919.000 99900
920.000 100558
921.000 97902
922.000 100229
923.000 100911
924.000 99900
925.000 99900
926.000 99900
927.000 99900
928.000 99900
929.000 99900
930.000 99900
931.000 99900
932.000 99900
933.000 100558
934.000 99242
935.000 98560
936.000 101240
937.000 98889
938.000 100911
939.000 99900
940.000 99900
941.000 99900
942.000 99900
943.000 100229
944.000 99571
945.000 99900
946.000 100229
947.000 100229
948.000 99242
949.000 99900
950.000 99900
951.000 99900
952.000 99900
953.000 99900
954.000 99900
955.000 99900
956.000 98560
957.000 101240
958.000 98560
959.000 101240
960.000 99900
961.000 99900
962.000 99900
963.000 99900
964.000 99900
965.000 98560
966.000 101240
967.000 99900
968.000 99900
969.000 99900
970.000 99900
971.000 99900
972.000 99900
973.000 99900
974.000 99900
975.000 99900
976.000 99900
977.000 99900
978.000 100229
979.000 99571
980.000 99900
981.000 99900
982.000 99900
983.000 99900
984.000 99900
985.000 99900
986.000 99900
987.000 99900
988.000 100558
989.000 99242
990.000 99900
991.000 100558
992.000 99242
993.000 99900
994.000 99900
995.000 99900
996.000 99900
997.000 99900
998.000 99900
999.000 99900
1000.000 98560
1001.000 101898
1002.000 98231
1003.000 100911
1004.000 99900
1005.000 99900
1006.000 99900
1007.000 99900
1008.000 99900
1009.000 99900
1010.000 99900
1011.000 98889
1012.000 100911
1013.000 99900
1014.000 99900
1015.000 99900
1016.000 99900
1017.000 99218
1018.000 100582
1019.000 99900
1020.000 98560
1021.000 101240
1022.000 99900
1023.000 98560
1024.000 101240
1025.000 99900
1026.000 98889
1027.000 100911
1028.000 99900
1029.000 99900
1030.000 99900
1031.000 98560
1032.000 101240
1033.000 98560
1034.000 99900
1035.000 101240
1036.000 99900
1037.000 99900
1038.000 98560
1039.000 99900
1040.000 101240
1041.000 99900
1042.000 99900
1043.000 99900
1044.000 98560
1045.000 101240
1046.000 99900
1047.000 98560
1048.000 99900
1049.000 101240
1050.000 99900
1051.000 99900
1052.000 99900
1053.000 99900
1054.000 99900
1055.000 98560
1056.000 101240
1057.000 98560
1058.000 99900
1059.000 99900
1060.000 101240
1061.000 98560
1062.000 101240
1063.000 98560
1064.000 99900
1065.000 101240
1066.000 99900
1067.000 99900
1068.000 99900
1069.000 98560
1070.000 101240
1071.000 99900
1072.000 99900
1073.000 98560
1074.000 99900
1075.000 101240
1076.000 98560
1077.000 101240
1078.000 98560
1079.000 101240
1080.000 98560
1081.000 101240
1082.000 99900
1083.000 98560
1084.000 99900
1085.000 101240
1086.000 99900
1087.000 98560
1088.000 99900
1089.000 101240
1090.000 98560
1091.000 101240
1092.000 98889
1093.000 100911
1094.000 98560
1095.000 99900
1096.000 101240
1097.000 99900
1098.000 98560
1099.000 101240
1100.000 97902
1101.000 101898
1102.000 98560
1103.000 99900
1104.000 99900
1105.000 99900
1106.000 99900
1107.000 101240
1108.000 99900
1109.000 98560
1110.000 99900
1111.000 99900
1112.000 99900
1113.000 101240
1114.000 98560
1115.000 99900
1116.000 99900
1117.000 101240
1118.000 98560
1119.000 99900
1120.000 101240
1121.000 98560
1122.000 99900
1123.000 99900
1124.000 98231
1125.000 101569
1126.000 99900
1127.000 99900
1128.000 101240
1129.000 99900
1130.000 98560
1131.000 99900
1132.000 99900
1133.000 99900
1134.000 99900
1135.000 99571
1136.000 100558
1137.000 99571
1138.000 99900
1139.000 99900
1140.000 101240
1141.000 98560
1142.000 99900
1143.000 99900
1144.000 99900
1145.000 99900
1146.000 99900
1147.000 99900
1148.000 99900
1149.000 101240
1150.000 99900
1151.000 98560
1152.000 101240
1153.000 98560
1154.000 99900
1155.000 100229
1156.000 99571
1157.000 99900
1158.000 99900
1159.000 99900
1160.000 99571
1161.000 100229
1162.000 100558
1163.000 99242
1164.000 99900
1165.000 99900
1166.000 99900
1167.000 99900
1168.000 99900
1169.000 99900
1170.000 99900
1171.000 99900
1172.000 99900
1173.000 99900
1174.000 99900
1175.000 99900
1176.000 99900
1177.000 99900
1178.000 99242
1179.000 100558
1180.000 99900
1181.000 99900
1182.000 99900
1183.000 99900
1184.000 99900
1185.000 99900
1186.000 99900
1187.000 99900
1188.000 99900
1189.000 99900
1190.000 99900
1191.000 99900
1192.000 99900
1193.000 99900
1194.000 99900
1195.000 99900
1196.000 99900
1197.000 99900
1198.000 99900
1199.000 99900
1200.000 99900
1201.000 99900
1202.000 99900
1203.000 99900
1204.000 99900
1205.000 99900
1206.000 99900
1207.000 99900
1208.000 99900
1209.000 99900
1210.000 99242
1211.000 100558
1212.000 99900
1213.000 99242
1214.000 100558
1215.000 99571
1216.000 100229
1217.000 99900
1218.000 99900
1219.000 99242
1220.000 100558
1221.000 99900
1222.000 99900
1223.000 99900
1224.000 99900
1225.000 99900
1226.000 99242
1227.000 100558
1228.000 99900
1229.000 99242
1230.000 100229
1231.000 99571
1232.000 100558
1233.000 99900
1234.000 99242
1235.000 100558
1236.000 99242
1237.000 99900
1238.000 100558
1239.000 99242
1240.000 100558
1241.000 99900
1242.000 99900
1243.000 99900
1244.000 99900
1245.000 99900
1246.000 99900
1247.000 99242
1248.000 100558
1249.000 99900
1250.000 99900
1251.000 99900
1252.000 99900
1253.000 99242
1254.000 100558
1255.000 99900
1256.000 99900
1257.000 99900
1258.000 99242
1259.000 100558
1260.000 99900
1261.000 99900
1262.000 99900
1263.000 99900
1264.000 99900
1265.000 99242
1266.000 100558
1267.000 99900
1268.000 99900
1269.000 99242
1270.000 100558
1271.000 99242
1272.000 99900
1273.000 99900
1274.000 100558
1275.000 99900
1276.000 99571
1277.000 99571
1278.000 99900
1279.000 100229
1280.000 100229
1281.000 99900
1282.000 99900
1283.000 99900
1284.000 99900
1285.000 99900
1286.000 99242
1287.000 100558
1288.000 99900
1289.000 99242
1290.000 100558
1291.000 99242
1292.000 100558
1293.000 99242
1294.000 100558
1295.000 99900
1296.000 99900
1297.000 99242
1298.000 100558
1299.000 99900
1300.000 99242
1301.000 99900
1302.000 100558
1303.000 99242
1304.000 99900
1305.000 99900
1306.000 100558
1307.000 99242
1308.000 99900
1309.000 99900
1310.000 100558
1311.000 99242
1312.000 99900
1313.000 99900
1314.000 99900
1315.000 100558
1316.000 99242
1317.000 98560
1318.000 101240
1319.000 99900
1320.000 99900
1321.000 99218
1322.000 100582
1323.000 99900
1324.000 100558
1325.000 99242
1326.000 100558
1327.000 99242
1328.000 100229
1329.000 99571
1330.000 99900
1331.000 99900
1332.000 100558
1333.000 99242
1334.000 99900
1335.000 99900
1336.000 100558
1337.000 99242
1338.000 99900
1339.000 99900
1340.000 99900
1341.000 100558
1342.000 97902
1343.000 101240
1344.000 98560
1345.000 101898
1346.000 99242
1347.000 100558
1348.000 99242
1349.000 100558
1350.000 99900
1351.000 99242
1352.000 99900
1353.000 99900
1354.000 99900
1355.000 99900
1356.000 99900
1357.000 99900
1358.000 99900
1359.000 99559
1360.000 100241
1361.000 100229
1362.000 99571
1363.000 99900
1364.000 99900
1365.000 99900
1366.000 99900
1367.000 99900
1368.000 100558
1369.000 99242
1370.000 98560
1371.000 101240
1372.000 100558
1373.000 99242
1374.000 99900
1375.000 99900
1376.000 98889
1377.000 100911
1378.000 99900
1379.000 99900
1380.000 98560
1381.000 101240
1382.000 99900
1383.000 99900
1384.000 99900
1385.000 99900
1386.000 98560
1387.000 101240
1388.000 99900
1389.000 99900
1390.000 98560
1391.000 101240
1392.000 99900
1393.000 99900
1394.000 99900
1395.000 99900
1396.000 99900
1397.000 99900
1398.000 98560
1399.000 101240
1400.000 99900
1401.000 98889
1402.000 99571
1403.000 101240
1404.000 99218
1405.000 100582
1406.000 99900
1407.000 98560
1408.000 101240
1409.000 99900
1410.000 98560
1411.000 101240
1412.000 99900
1413.000 99900
1414.000 98560
1415.000 101240
1416.000 99900
1417.000 99900
1418.000 99900
1419.000 99900
1420.000 99900
1421.000 99900
1422.000 99900
1423.000 99900
1424.000 99900
1425.000 99218
1426.000 100582
1427.000 98560
1428.000 101240
1429.000 99900
1430.000 99900
1431.000 99900
1432.000 99900
1433.000 99900
1434.000 99900
1435.000 99900
1436.000 99900
1437.000 99900
1438.000 99900
1439.000 98560
1440.000 100229
1441.000 100911
1442.000 99900
1443.000 98560
1444.000 101240
1445.000 99900
1446.000 98889
1447.000 99571
1448.000 99900
1449.000 99900
1450.000 99900
1451.000 101240
1452.000 99900
1453.000 99900
1454.000 99900
1455.000 99900
1456.000 98560
1457.000 99900
1458.000 99900
1459.000 99900
1460.000 100229
1461.000 100911
1462.000 99900
1463.000 98560
1464.000 99900
1465.000 101240
1466.000 98889
1467.000 100911
1468.000 99900
1469.000 98889
1470.000 100911
1471.000 98560
1472.000 99242
1473.000 101898
1474.000 99900
1475.000 98560
1476.000 100558
1477.000 100582
1478.000 98560
1479.000 99900
1480.000 99900
1481.000 99900
1482.000 99900
1483.000 99900
1484.000 99900
1485.000 99900
1486.000 99900
1487.000 99900
1488.000 99900
1489.000 99900
1490.000 101240
1491.000 98560
1492.000 99900
1493.000 101240
1494.000 98560
1495.000 99900
1496.000 99900
1497.000 101240
1498.000 98560
1499.000 101240
1500.000 98560
1501.000 99900
1502.000 99242
1503.000 100558
1504.000 99900
1505.000 101240
1506.000 99900
1507.000 98560
1508.000 99900
1509.000 99900
1510.000 101240
1511.000 99900
1512.000 99900
1513.000 98560
1514.000 99900
1515.000 99900
1516.000 99900
1517.000 99900
1518.000 99900
1519.000 100229
1520.000 99900
1521.000 100911
1522.000 98560
1523.000 99900
1524.000 99900
1525.000 99900
1526.000 99242
1527.000 101898
1528.000 98560
1529.000 101240
1530.000 98560
1531.000 101240
1532.000 98560
1533.000 101240
1534.000 98560
1535.000 100558
1536.000 99242
1537.000 101240
1538.000 98560
1539.000 99900
1540.000 99900
1541.000 99242
1542.000 100558
1543.000 99900
1544.000 100229
1545.000 99571
1546.000 99900
1547.000 99242
1548.000 100558
1549.000 99900
1550.000 99900
1551.000 99900
1552.000 99900
1553.000 99900
1554.000 100229
1555.000 99571
1556.000 99900
1557.000 99242
1558.000 99900
1559.000 100558
1560.000 99900
1561.000 99900
1562.000 99900
1563.000 99900
1564.000 101240
1565.000 98560
1566.000 99900
1567.000 99900
1568.000 99242
1569.000 100558
1570.000 99900
1571.000 99900
1572.000 99900
1573.000 99900
1574.000 99900
1575.000 99900
1576.000 99900
1577.000 99900
1578.000 99900
1579.000 99900
1580.000 99242
1581.000 100558
1582.000 99900
1583.000 99900
1584.000 99900
1585.000 99900
1586.000 99900
1587.000 99900
1588.000 99900
1589.000 99900
1590.000 99900
1591.000 99900
1592.000 99900
1593.000 99900
1594.000 99242
1595.000 100558
1596.000 99900
1597.000 99900
1598.000 99900
1599.000 99900
1600.000 99900
1601.000 99900
1602.000 99900
1603.000 99900
1604.000 99900
1605.000 99900
1606.000 99242
1607.000 100558
1608.000 99900
1609.000 99242
1610.000 100558
1611.000 99900
1612.000 99900
1613.000 99242
1614.000 100558
1615.000 99900
1616.000 99900
1617.000 99900
1618.000 99900
1619.000 99900
1620.000 99242
1621.000 100558
1622.000 99900
1623.000 99242
1624.000 100558
1625.000 99571
1626.000 100229
1627.000 99900
1628.000 99242
1629.000 99900
1630.000 100558
1631.000 99242
1632.000 100558
1633.000 99242
1634.000 100558
1635.000 99900
1636.000 99900
1637.000 99242
1638.000 99900
1639.000 100558
1640.000 99900
1641.000 99242
1642.000 99900
1643.000 100229
1644.000 100229
1645.000 99900
1646.000 99900
1647.000 99900
1648.000 99900
1649.000 99242
1650.000 99900
1651.000 100558
1652.000 99900
1653.000 99242
1654.000 99900
1655.000 100558
1656.000 99900
1657.000 99242
1658.000 100558
1659.000 99900
1660.000 99242
1661.000 99900
1662.000 99900
1663.000 100558
1664.000 99242
1665.000 100558
1666.000 99900
1667.000 99242
1668.000 98889
1669.000 101569
1670.000 99900
1671.000 99242
1672.000 99900
1673.000 100558
1674.000 99900
1675.000 99900
1676.000 99900
1677.000 99900
1678.000 99242
1679.000 99900
1680.000 99900
1681.000 99900
1682.000 99900
1683.000 100558
1684.000 99242
1685.000 100558
1686.000 99242
1687.000 99900
1688.000 99900
1689.000 100558
1690.000 99900
1691.000 99242
1692.000 99900
1693.000 99900
1694.000 98560
1695.000 101240
1696.000 100558
1697.000 99242
1698.000 98560
1699.000 101898
1700.000 99242
1701.000 100229
1702.000 99571
1703.000 99900
1704.000 99900
1705.000 99900
1706.000 99900
1707.000 99900
1708.000 98889
1709.000 100911
1710.000 100229
1711.000 99571
1712.000 99900
1713.000 100558
1714.000 97902
1715.000 101240
1716.000 99900
1717.000 100558
1718.000 99900
1719.000 99242
1720.000 99900
1721.000 99900
1722.000 99900
1723.000 99900
1724.000 100558
1725.000 99900
1726.000 99242
1727.000 99559
1728.000 98901
1729.000 101240
1730.000 99900
1731.000 99900
1732.000 99900
1733.000 99900
1734.000 99900
1735.000 99900
1736.000 99900
1737.000 99900
1738.000 99900
1739.000 99900
1740.000 99900
1741.000 99900
1742.000 99900
1743.000 99900
1744.000 99900
1745.000 98560
1746.000 101240
1747.000 98889
1748.000 100911
1749.000 99900
1750.000 99900
1751.000 99900
1752.000 99900
1753.000 99900
1754.000 99900
1755.000 99900
1756.000 99900
1757.000 99900
1758.000 99900
1759.000 98560
1760.000 99900
1761.000 101240
1762.000 99900
1763.000 99900
1764.000 98889
1765.000 100911
1766.000 99900
1767.000 99900
1768.000 99900
1769.000 98560
1770.000 101240
1771.000 98560
1772.000 101240
1773.000 99900
1774.000 99900
1775.000 99218
1776.000 100582
1777.000 99900
1778.000 99900
1779.000 99900
1780.000 99900
1781.000 99900
1782.000 98889
1783.000 99571
1784.000 101240
1785.000 98560
1786.000 99900
1787.000 99900
1788.000 101240
1789.000 99900
1790.000 99900
1791.000 99900
1792.000 99900
1793.000 99900
1794.000 99218
1795.000 99242
1796.000 101240
1797.000 99900
1798.000 99900
1799.000 98560
1800.000 101240
1801.000 99900
1802.000 99900
1803.000 99900
1804.000 99900
1805.000 99900
1806.000 99900
1807.000 99900
1808.000 99900
1809.000 98889
1810.000 100911
1811.000 98560
1812.000 101240
1813.000 99900
1814.000 99900
1815.000 99900
1816.000 98560
1817.000 101240
1818.000 98560
1819.000 101240
1820.000 99900
1821.000 99900
1822.000 99900
1823.000 98560
1824.000 99900
1825.000 101240
1826.000 99900
1827.000 99900
1828.000 99900
1829.000 99900
1830.000 99559
1831.000 100241
1832.000 98889
1833.000 100911
1834.000 99900
1835.000 99900
1836.000 99900
1837.000 98560
1838.000 101240
1839.000 99900
1840.000 99900
1841.000 98560
1842.000 101240
1843.000 99900
1844.000 97902
1845.000 101898
1846.000 99900
1847.000 98560
1848.000 101240
1849.000 98560
1850.000 99900
1851.000 101240
1852.000 98560
1853.000 99900
1854.000 99900
1855.000 100558
1856.000 99571
1857.000 99571
1858.000 99242
1859.000 100558
1860.000 101240
1861.000 99900
1862.000 98889
1863.000 98913
1864.000 100558
1865.000 100558
1866.000 99242
1867.000 99242
1868.000 99559
1869.000 99900
1870.000 101240
1871.000 98889
1872.000 100911
1873.000 98560
1874.000 99900
1875.000 100229
1876.000 100911
1877.000 98560
1878.000 101240
1879.000 99900
1880.000 99218
1881.000 100582
1882.000 98560
1883.000 100558
1884.000 100582
1885.000 98560
1886.000 99900
1887.000 99900
1888.000 99900
1889.000 99900
1890.000 101240
1891.000 97902
1892.000 100558
1893.000 99242
1894.000 100558
1895.000 101240
1896.000 98560
1897.000 101240
1898.000 99900
1899.000 96233
1900.000 97573
1901.000 103896
1902.000 101898
1903.000 99900
1904.000 99900
1905.000 96562
1906.000 103238
1907.000 99900
1908.000 99900
1909.000 98560
1910.000 99900
1911.000 99242
1912.000 101898
1913.000 98560
1914.000 99900
1915.000 99242
1916.000 100558
1917.000 99242
1918.000 99900
1919.000 100558
1920.000 99242
1921.000 100558
1922.000 100229
1923.000 100911
1924.000 96891
1925.000 102909
1926.000 98560
1927.000 100229
1928.000 99571
1929.000 100229
1930.000 100911
1931.000 98889
1932.000 99571
1933.000 101240
1934.000 98889
1935.000 99571
1936.000 100558
1937.000 99242
1938.000 100899
1939.000 99559
1940.000 98584
1941.000 100558
1942.000 99900
1943.000 99900
1944.000 101240
1945.000 98560
1946.000 99900
1947.000 100558
1948.000 99242
1949.000 100229
1950.000 98913
1951.000 101557
1952.000 96903
1953.000 101898
1954.000 99900
1955.000 99242
1956.000 100558
1957.000 99242
1958.000 100558
1959.000 100229
1960.000 99571
1961.000 99900
1962.000 99900
1963.000 99900
1964.000 99900
1965.000 99900
1966.000 93248
1967.000 106552
1968.000 100229
1969.000 99571
1970.000 93906
1971.000 106223
1972.000 99571
1973.000 99900
1974.000 99242
1975.000 101216
1976.000 98584
1977.000 101898
1978.000 97902
1979.000 100558
1980.000 100229
1981.000 99571
1982.000 99900
1983.000 99900
1984.000 99242
1985.000 99900
1986.000 100558
1987.000 99900
1988.000 99900
1989.000 100229
1990.000 99571
1991.000 99900
1992.000 99242
1993.000 99900
1994.000 100558
1995.000 99571
1996.000 100229
1997.000 99900
1998.000 99900
1999.000 99900
2000.000 99900
2001.000 99900
2002.000 99900
2003.000 99571
2004.000 100229
2005.000 99242
2006.000 99900
2007.000 100558
2008.000 99242
2009.000 100558
2010.000 97902
2011.000 101898
2012.000 99900
2013.000 99900
2014.000 99900
2015.000 99900
2016.000 99900
2017.000 99900
2018.000 99900
2019.000 99900
2020.000 99900
2021.000 99242
2022.000 99900
2023.000 99900
2024.000 100558
2025.000 98231
2026.000 100911
2027.000 98560
2028.000 101569
2029.000 99571
2030.000 100558
2031.000 99900
2032.000 99900
2033.000 99242
2034.000 99900
2035.000 98560
2036.000 101898
2037.000 99900
2038.000 99242
2039.000 100558
2040.000 99242
2041.000 100558
2042.000 99900
2043.000 99900
2044.000 99900
2045.000 99900
2046.000 99242
2047.000 100558
2048.000 99900
2049.000 99900
2050.000 99242
2051.000 100558
2052.000 99900
2053.000 99900
2054.000 99242
2055.000 100558
2056.000 99900
2057.000 99242
2058.000 98560
2059.000 100229
2060.000 101569
2061.000 87912
2062.000 111888
2063.000 99242
2064.000 100558
2065.000 97902
2066.000 101898
2067.000 99242
2068.000 99900
2069.000 97902
2070.000 102556
2071.000 99900
2072.000 99900
2073.000 99900
2074.000 99242
2075.000 99900
2076.000 99900
2077.000 100558
2078.000 99900
2079.000 99242
2080.000 100558
2081.000 99242
2082.000 100558
2083.000 99900
2084.000 99900
2085.000 99900
2086.000 99900
2087.000 99242
2088.000 99900
2089.000 100558
2090.000 99900
2091.000 99900
2092.000 99900
2093.000 99900
2094.000 99571
2095.000 99571
2096.000 99900
2097.000 99900
2098.000 97902
2099.000 102227
2100.000 99900
2101.000 99571
2102.000 99900
2103.000 98889
2104.000 101240
2105.000 100229
2106.000 99242
2107.000 98560
2108.000 101240
2109.000 99900
2110.000 99900
2111.000 100558
2112.000 99242
2113.000 99900
2114.000 99900
2115.000 99900
2116.000 100229
2117.000 99571
2118.000 91908
2119.000 108221
2120.000 99571
2121.000 98560
2122.000 101898
2123.000 99242
2124.000 99900
2125.000 100229
2126.000 98231
2127.000 100899
2128.000 100899
2129.000 99242
2130.000 99900
2131.000 100558
2132.000 98560
2133.000 101240
2134.000 99242
2135.000 99900
2136.000 98560
2137.000 97902
2138.000 103238
2139.000 99900
2140.000 100558
2141.000 97902
2142.000 101240
2143.000 99900
2144.000 100558
2145.000 99242
2146.000 99900
2147.000 99900
2148.000 100229
2149.000 98231
2150.000 100899
2151.000 98901
2152.000 100899
2153.000 100241
2154.000 100558
2155.000 99900
2156.000 99242
2157.000 99900
2158.000 98560
2159.000 101240
2160.000 98889
2161.000 99571
2162.000 99900
2163.000 101240
2164.000 92566
2165.000 101240
2166.000 81918
2167.000 95904
2168.000 106552
2169.000 117224
2170.000 85914
2171.000 110548
2172.000 105894
2173.000 101240
2174.000 97902
2175.000 100558
2176.000 99900
2177.000 99242
2178.000 100558
2179.000 99900
2180.000 99242
2181.000 100558
2182.000 101240
2183.000 98560
2184.000 101240
2185.000 99900
2186.000 99900
2187.000 99900
2188.000 98889
2189.000 99571
2190.000 99900
2191.000 101240
2192.000 99900
2193.000 99900
2194.000 98560
2195.000 101240
2196.000 99900
2197.000 98560
2198.000 99900
2199.000 101240
2200.000 98889
2201.000 99571
2202.000 101240
2203.000 98231
2204.000 92237
2205.000 109232
2206.000 99218
2207.000 100582
2208.000 98560
2209.000 99571
2210.000 101569
2211.000 99900
2212.000 99900
2213.000 99900
2214.000 99900
2215.000 99900
2216.000 98560
2217.000 99900
2218.000 101240
2219.000 99218
2220.000 100582
2221.000 99900
2222.000 98231
2223.000 100229
2224.000 101240
2225.000 99900
2226.000 99900
2227.000 99900
2228.000 98560
2229.000 101240
2230.000 98560
2231.000 101240
2232.000 99900
2233.000 94564
2234.000 105236
2235.000 98560
2236.000 101569
2237.000 99571
2238.000 98231
2239.000 100558
2240.000 99571
2241.000 101240
2242.000 99900
2243.000 99900
2244.000 98560
2245.000 101240
2246.000 98560
2247.000 101240
2248.000 99900
2249.000 98560
2250.000 99900
2251.000 101240
2252.000 99900
2253.000 99218
2254.000 100582
2255.000 99900
2256.000 99900
2257.000 99900
2258.000 97902
2259.000 101898
2260.000 99900
2261.000 99900
2262.000 97902
2263.000 101898
2264.000 98560
2265.000 101240
2266.000 99900
2267.000 99900
2268.000 97902
2269.000 99900
2270.000 101898
2271.000 99900
2272.000 99900
2273.000 98560
2274.000 99900
2275.000 99900
2276.000 99900
2277.000 101240
2278.000 99900
2279.000 99900
2280.000 99900
2281.000 99900
2282.000 98560
2283.000 99900
2284.000 100229
2285.000 100911
2286.000 99900
2287.000 99900
2288.000 99900
2289.000 99900
2290.000 98560
2291.000 101240
2292.000 98560
2293.000 99900
2294.000 101240
2295.000 99900
2296.000 99900
2297.000 98560
2298.000 99900
2299.000 99900
2300.000 99900
2301.000 99242
2302.000 101898
2303.000 98560
2304.000 101240
2305.000 97902
2306.000 101898
2307.000 98560
2308.000 99900
2309.000 100229
2310.000 99571
2311.000 101240
2312.000 98560
2313.000 99900
2314.000 101240
2315.000 98889
2316.000 100911
2317.000 98889
2318.000 99900
2319.000 99900
2320.000 100911
2321.000 98560
2322.000 99900
2323.000 101240
2324.000 99900
2325.000 98560
2326.000 101240
2327.000 98560
2328.000 101240
2329.000 99218
2330.000 100241
2331.000 98901
2332.000 99900
2333.000 99900
2334.000 98560
2335.000 101240
2336.000 99900
2337.000 99900
2338.000 99900
2339.000 101240
2340.000 97902
2341.000 100558
2342.000 99242
2343.000 101898
2344.000 99900
2345.000 98560
2346.000 100558
2347.000 99242
2348.000 101240
2349.000 99900
2350.000 98889
2351.000 99571
2352.000 99900
2353.000 99900
2354.000 101240
2355.000 97902
2356.000 100558
2357.000 100229
2358.000 99571
2359.000 99900
2360.000 99900
2361.000 99900
2362.000 99900
2363.000 99900
2364.000 99900
2365.000 95904
2366.000 103238
2367.000 100229
2368.000 100229
2369.000 99900
2370.000 101240
2371.000 97902
2372.000 100887
2373.000 100911
2374.000 98889
2375.000 99571
2376.000 99900
2377.000 99571
2378.000 100229
2379.000 97244
2380.000 102556
2381.000 99900
2382.000 99900
2383.000 99900
2384.000 101240
2385.000 94564
2386.000 103238
2387.000 100558
2388.000 99900
2389.000 99571
2390.000 99571
2391.000 100558
2392.000 101240
2393.000 97902
2394.000 90568
2395.000 109232
2396.000 99900
2397.000 99900
2398.000 99900
2399.000 100558
2400.000 99900
2401.000 99900
2402.000 99900
2403.000 99900
2404.000 99900
2405.000 99900
2406.000 99900
2407.000 99900
2408.000 99900
2409.000 99900
2410.000 99900
2411.000 99900
2412.000 99900
2413.000 98231
2414.000 100911
2415.000 100558
2416.000 99900
2417.000 99900
2418.000 99900
2419.000 99242
2420.000 100558
2421.000 99900
2422.000 99900
2423.000 99900
2424.000 99900
2425.000 99900
2426.000 99900
2427.000 99900
2428.000 99571
2429.000 100229
2430.000 99900
2431.000 99900
2432.000 99900
2433.000 99900
2434.000 97902
2435.000 101898
2436.000 99900
2437.000 99900
2438.000 99900
2439.000 99900
2440.000 99900
2441.000 99900
2442.000 99900
2443.000 99900
2444.000 99900
2445.000 99900
2446.000 99900
2447.000 99900
2448.000 99900
2449.000 99900
2450.000 99900
2451.000 99900
2452.000 99242
2453.000 100558
2454.000 99242
2455.000 100558
2456.000 99900
2457.000 99242
2458.000 100558
2459.000 99900
2460.000 99900
2461.000 99242
2462.000 100558
2463.000 99900
2464.000 99900
2465.000 99571
2466.000 100229
2467.000 99900
2468.000 97902
2469.000 101898
2470.000 99900
2471.000 99242
2472.000 100558
2473.000 99242
2474.000 100558
2475.000 99900
2476.000 99242
2477.000 100229
2478.000 100229
2479.000 97573
2480.000 102227
2481.000 99900
2482.000 99571
2483.000 100229
2484.000 99242
2485.000 100558
2486.000 99242
2487.000 100229
2488.000 99571
2489.000 100558
2490.000 99900
2491.000 99242
2492.000 99900
2493.000 100558
2494.000 99242
2495.000 99900
2496.000 99900
2497.000 100558
2498.000 99242
2499.000 99900
2500.000 99900
2501.000 99900
2502.000 98560
2503.000 101240
2504.000 100558
2505.000 99900
2506.000 99242
2507.000 100558
2508.000 99900
2509.000 99242
2510.000 100558
2511.000 99242
2512.000 99900
2513.000 99900
2514.000 99900
2515.000 100558
2516.000 99242
2517.000 100558
2518.000 99242
2519.000 100558
2520.000 99900
2521.000 97902
2522.000 101898
2523.000 99242
2524.000 99900
2525.000 99900
2526.000 99900
2527.000 100558
2528.000 99242
2529.000 99900
2530.000 98560
2531.000 99900
2532.000 101240
2533.000 99900
2534.000 100229
2535.000 99571
2536.000 99900
2537.000 99900
2538.000 99900
2539.000 99900
2540.000 99900
2541.000 99900
2542.000 99900
2543.000 99900
2544.000 98889
2545.000 100911
2546.000 99900
2547.000 99900
2548.000 100558
2549.000 99242
2550.000 98560
2551.000 100229
2552.000 100911
2553.000 98560
2554.000 101240
2555.000 99218
2556.000 100582
2557.000 99900
2558.000 99900
2559.000 99900
2560.000 98560
2561.000 101240
2562.000 98889
2563.000 100911
2564.000 99900
2565.000 99900
2566.000 99900
2567.000 98560
2568.000 101240
2569.000 99900
2570.000 99900
2571.000 99900
2572.000 99900
2573.000 99900
2574.000 99900
2575.000 99900
2576.000 98560
2577.000 101240
2578.000 99900
2579.000 99900
2580.000 99900
2581.000 99900
2582.000 99900
2583.000 99900
2584.000 98560
2585.000 101240
2586.000 99900
2587.000 99900
2588.000 99900
2589.000 99900
2590.000 99900
2591.000 99900
2592.000 99900
2593.000 99900
2594.000 99559
2595.000 100241
2596.000 99900
2597.000 99900
2598.000 98560
2599.000 101240
2600.000 99900
2601.000 99900
2602.000 98560
2603.000 99900
2604.000 101240
2605.000 99900
2606.000 99900
2607.000 99900
2608.000 99900
2609.000 99900
2610.000 99900
2611.000 99900
2612.000 99900
2613.000 99900
2614.000 99900
2615.000 98560
2616.000 99900
2617.000 99900
2618.000 101240
2619.000 99900
2620.000 98560
2621.000 99900
2622.000 101240
2623.000 98560
2624.000 99900
2625.000 99900
2626.000 101240
2627.000 99900
2628.000 99900
2629.000 98889
2630.000 99571
2631.000 99900
2632.000 100229
2633.000 100911
2634.000 98560
2635.000 99900
2636.000 100899
2637.000 98901
2638.000 99900
2639.000 99900
2640.000 99242
2641.000 100558
2642.000 101240
2643.000 99900
2644.000 98889
2645.000 100911
2646.000 99900
2647.000 99900
2648.000 98560
2649.000 101240
2650.000 98560
2651.000 99900
2652.000 99900
2653.000 99900
2654.000 101240
2655.000 98560
2656.000 99900
2657.000 99900
2658.000 100229
2659.000 100911
2660.000 98560
2661.000 99900
2662.000 101240
2663.000 99559
2664.000 100241
2665.000 98560
2666.000 99900
2667.000 99900
2668.000 99900
2669.000 101240
2670.000 98560
2671.000 99900
2672.000 99900
2673.000 99900
2674.000 99900
2675.000 99900
2676.000 100229
2677.000 99571
2678.000 101240
2679.000 98560
2680.000 99900
2681.000 99900
2682.000 99900
2683.000 101240
2684.000 99900
2685.000 97902
2686.000 100558
2687.000 101240
2688.000 98560
2689.000 99900
2690.000 99900
2691.000 99900
2692.000 99900
2693.000 99900
2694.000 99900
2695.000 99900
2696.000 99900
2697.000 101240
2698.000 99900
2699.000 98560
2700.000 99900
2701.000 99900
2702.000 99900
2703.000 99900
2704.000 100229
2705.000 99571
2706.000 101240
2707.000 98560
2708.000 99900
2709.000 99900
2710.000 99900
2711.000 99900
2712.000 99900
2713.000 99900
2714.000 99900
2715.000 99900
2716.000 99900
2717.000 99900
2718.000 99900
2719.000 99900
2720.000 99900
2721.000 99900
2722.000 99900
2723.000 99900
2724.000 99900
2725.000 99900
2726.000 99900
2727.000 99900
2728.000 99900
2729.000 99900
2730.000 99900
2731.000 99900
2732.000 99242
2733.000 100558
2734.000 99900
2735.000 101240
2736.000 99900
2737.000 98560
2738.000 99900
2739.000 99900
2740.000 99900
2741.000 99900
2742.000 99900
2743.000 99900
2744.000 99900
2745.000 99900
2746.000 99900
2747.000 99900
2748.000 99900
2749.000 99900
2750.000 99900
2751.000 99900
2752.000 99900
2753.000 99900
2754.000 99900
2755.000 99900
2756.000 99900
2757.000 99900
2758.000 99900
2759.000 99900
2760.000 99900
2761.000 99900
2762.000 99900
2763.000 99900
2764.000 99900
2765.000 99900
2766.000 99900
2767.000 99900
2768.000 99900
2769.000 99900
2770.000 99242
2771.000 100558
2772.000 99900
2773.000 99900
2774.000 99900
2775.000 99900
2776.000 99900
2777.000 99900
2778.000 99900
2779.000 99242
2780.000 99900
2781.000 100558
2782.000 99900
2783.000 99900
2784.000 99900
2785.000 99900
2786.000 99900
2787.000 99900
2788.000 99900
2789.000 99900
2790.000 99900
2791.000 99900
2792.000 99900
2793.000 99900
2794.000 99242
2795.000 99900
2796.000 99900
2797.000 99900
2798.000 100558
2799.000 99900
2800.000 99571
2801.000 100229
2802.000 99242
2803.000 100558
2804.000 99242
2805.000 99218
2806.000 100582
2807.000 100558
2808.000 99242
2809.000 100887
2810.000 99571
2811.000 99900
2812.000 99900
2813.000 99900
2814.000 99900
2815.000 99571
2816.000 100229
2817.000 99900
2818.000 99242
2819.000 100558
2820.000 99242
2821.000 100558
2822.000 99242
2823.000 99900
2824.000 100229
2825.000 100229
2826.000 99900
2827.000 99900
2828.000 99571
2829.000 99571
2830.000 99900
2831.000 99900
2832.000 99900
2833.000 99900
2834.000 99900
2835.000 99900
2836.000 100558
2837.000 99900
2838.000 99571
2839.000 100229
2840.000 99900
2841.000 99900
2842.000 99571
2843.000 100229
2844.000 99900
2845.000 97902
2846.000 101898
2847.000 99900
2848.000 99900
2849.000 99900
2850.000 99900
2851.000 99242
2852.000 99900
2853.000 100558
2854.000 99900
2855.000 99900
2856.000 99900
2857.000 99242
2858.000 99900
2859.000 100558
2860.000 99900
2861.000 99242
2862.000 99900
2863.000 99900
2864.000 99900
2865.000 99900
2866.000 99900
2867.000 99900
2868.000 99900
2869.000 100558
2870.000 99242
2871.000 99900
2872.000 100558
2873.000 97902
2874.000 101240
2875.000 100558
2876.000 99242
2877.000 99900
2878.000 99900
2879.000 100558
2880.000 99242
2881.000 99900
2882.000 99900
2883.000 99900
2884.000 99900
2885.000 100558
2886.000 99242
2887.000 99900
2888.000 99900
2889.000 100558
2890.000 99900
2891.000 99900
2892.000 99900
2893.000 99242
2894.000 99900
2895.000 99900
2896.000 100558
2897.000 98231
2898.000 100911
2899.000 99900
2900.000 99900
2901.000 99900
2902.000 99900
2903.000 98560
2904.000 101240
2905.000 100558
2906.000 99242
2907.000 99900
2908.000 99900
2909.000 99900
2910.000 99900
2911.000 99900
2912.000 99900
2913.000 99900
2914.000 99900
2915.000 99900
2916.000 99900
2917.000 99900
2918.000 99900
2919.000 99218
2920.000 100582
2921.000 100558
2922.000 99242
2923.000 99900
2924.000 98560
2925.000 101240
2926.000 99900
2927.000 99900
2928.000 99900
2929.000 99900
2930.000 99900
2931.000 99900
2932.000 100558
2933.000 99900
2934.000 99242
2935.000 99900
2936.000 99900
2937.000 99900
2938.000 99900
2939.000 100558
2940.000 99242
2941.000 100558
2942.000 99242
2943.000 99900
2944.000 99900
2945.000 99900
2946.000 99900
2947.000 99900
2948.000 99900
2949.000 99900
2950.000 97902
2951.000 101898
2952.000 99900
2953.000 99900
2954.000 99900
2955.000 99900
2956.000 99900
2957.000 99900
2958.000 97902
2959.000 101898
2960.000 99900
2961.000 99900
2962.000 100558
2963.000 99242
2964.000 98231
2965.000 101569
2966.000 98560
2967.000 101240
2968.000 99900
2969.000 99900
2970.000 98560
2971.000 101240
2972.000 99900
2973.000 99900
2974.000 99900
2975.000 98560
2976.000 101240
2977.000 99900
2978.000 99900
2979.000 98889
2980.000 100911
2981.000 99900
2982.000 99900
2983.000 98560
2984.000 101240
2985.000 98560
2986.000 99900
2987.000 100229
2988.000 100911
2989.000 99218
2990.000 99242
2991.000 101240
2992.000 99900
2993.000 98560
2994.000 100899
2995.000 99230
2996.000 99571
2997.000 101240
2998.000 99900
2999.000 99900
3000.000 99900
3001.000 99900
3002.000 98889
3003.000 99571
3004.000 101240
3005.000 99900
3006.000 98560
3007.000 101240
3008.000 99900
3009.000 99900
3010.000 99900
3011.000 99900
3012.000 98560
3013.000 101240
3014.000 99900
3015.000 99900
3016.000 98560
3017.000 101240
3018.000 99900
3019.000 99900
3020.000 99900
3021.000 98560
3022.000 101240
3023.000 98560
3024.000 101240
3025.000 99900
3026.000 99900
3027.000 98560
3028.000 101240
3029.000 99900
3030.000 98560
3031.000 99900
3032.000 99900
3033.000 99900
3034.000 100229
3035.000 99900
3036.000 100911
3037.000 98560
3038.000 99900
3039.000 99900
3040.000 101240
3041.000 99900
3042.000 98560
3043.000 101240
3044.000 99900
3045.000 98560
3046.000 99900
3047.000 99900
3048.000 100899
3049.000 98243
3050.000 100558
3051.000 99900
3052.000 99900
3053.000 99900
3054.000 99900
3055.000 99900
3056.000 99900
3057.000 101240
3058.000 98889
3059.000 100911
3060.000 98560
3061.000 99900
3062.000 101240
3063.000 99900
3064.000 98560
3065.000 101240
3066.000 99900
3067.000 99900
3068.000 98560
3069.000 101240
3070.000 98560
3071.000 100899
3072.000 100241
3073.000 99900
3074.000 99900
3075.000 99900
3076.000 98560
3077.000 99900
3078.000 100229
3079.000 99571
3080.000 99900
3081.000 99900
3082.000 101240
3083.000 98560
3084.000 101240
3085.000 99900
3086.000 98560
3087.000 101240
3088.000 98560
3089.000 101240
3090.000 99218
3091.000 100582
3092.000 98889
3093.000 99571
3094.000 99900
3095.000 99900
3096.000 101240
3097.000 99900
3098.000 98560
3099.000 99900
3100.000 99900
3101.000 101240
3102.000 98560
3103.000 99900
3104.000 99900
3105.000 99900
3106.000 99900
3107.000 101240
3108.000 99900
3109.000 97902
3110.000 100558
3111.000 101240
3112.000 98560
3113.000 101240
3114.000 99900
3115.000 99900
3116.000 98560
3117.000 100229
3118.000 99571
3119.000 99900
3120.000 99900
3121.000 99900
3122.000 101240
3123.000 99900
3124.000 98560
3125.000 99900
3126.000 100899
3127.000 98901
3128.000 101240
3129.000 99559
3130.000 98901
3131.000 99900
3132.000 100229
3133.000 99571
3134.000 99571
3135.000 100229
3136.000 101240
3137.000 99900
3138.000 98560
3139.000 99571
3140.000 100229
3141.000 99900
3142.000 99571
3143.000 100229
3144.000 100558
3145.000 99242
3146.000 99900
3147.000 99900
3148.000 99900
3149.000 99900
3150.000 99900
3151.000 100899
3152.000 98901
3153.000 99900
3154.000 99900
3155.000 99900
3156.000 99900
3157.000 99900
3158.000 99900
3159.000 99900
3160.000 99900
3161.000 99900
3162.000 99900
3163.000 99900
3164.000 99900
3165.000 99900
3166.000 99900
3167.000 99900
3168.000 99900
3169.000 99900
3170.000 99900
3171.000 99900
3172.000 99242
3173.000 99900
3174.000 100558
3175.000 99900
3176.000 99242
3177.000 100558
3178.000 99900
3179.000 99242
3180.000 99900
3181.000 99900
3182.000 100558
3183.000 99900
3184.000 99900
3185.000 99900
3186.000 99242
3187.000 99900
3188.000 100558
3189.000 99900
3190.000 99900
3191.000 99900
3192.000 99900
3193.000 99900
3194.000 99242
3195.000 100558
3196.000 99900
3197.000 99900
3198.000 99900
3199.000 99242
3200.000 100558
3201.000 99900
3202.000 99900
3203.000 99242
3204.000 100558
3205.000 99900
3206.000 99900
3207.000 99900
3208.000 99571
3209.000 100229
3210.000 99900
3211.000 99900
3212.000 99242
3213.000 100558
3214.000 99900
3215.000 99900
3216.000 99900
3217.000 99900
3218.000 99900
3219.000 99900
3220.000 99900
3221.000 99900
3222.000 99242
3223.000 100558
3224.000 99242
3225.000 99900
3226.000 99900
3227.000 100558
3228.000 99900
3229.000 99242
3230.000 100558
3231.000 99900
3232.000 99242
3233.000 99900
3234.000 100558
3235.000 99900
3236.000 99571
3237.000 99571
3238.000 100558
3239.000 99900
3240.000 99242
3241.000 99900
3242.000 99900
3243.000 99900
3244.000 99900
3245.000 99900
3246.000 99900
3247.000 99900
3248.000 100558
3249.000 99242
3250.000 100558
3251.000 99242
3252.000 100229
3253.000 100229
3254.000 99242
3255.000 100229
3256.000 99571
3257.000 100558
3258.000 99900
3259.000 99242
3260.000 99900
3261.000 100558
3262.000 99242
3263.000 100558
3264.000 99242
3265.000 99900
3266.000 100558
3267.000 99242
3268.000 99900
3269.000 100558
3270.000 99242
3271.000 99900
3272.000 100558
3273.000 99900
3274.000 99242
3275.000 99900
3276.000 99900
3277.000 100558
3278.000 99900
3279.000 99900
3280.000 99242
3281.000 100558
3282.000 99242
3283.000 100558
3284.000 99900
3285.000 99242
3286.000 99900
3287.000 100558
3288.000 99242
3289.000 99900
3290.000 100558
3291.000 99900
3292.000 99242
3293.000 100558
3294.000 99242
3295.000 99900
3296.000 100558
3297.000 99571
3298.000 99571
3299.000 100558
3300.000 99242
3301.000 99900
3302.000 99900
3303.000 99900
3304.000 98560
3305.000 100229
3306.000 100911
3307.000 99900
3308.000 99900
3309.000 100558
3310.000 99242
3311.000 100558
3312.000 99242
3313.000 99900
3314.000 100558
3315.000 99242
3316.000 99900
3317.000 99900
3318.000 99900
3319.000 98560
3320.000 99900
3321.000 101240
3322.000 100558
3323.000 99242
3324.000 99900
3325.000 99900
3326.000 99900
3327.000 100229
3328.000 99571
3329.000 99900
3330.000 99900
3331.000 99900
3332.000 99900
3333.000 99900
3334.000 99900
3335.000 99900
3336.000 99218
3337.000 99242
3338.000 101240
3339.000 99900
3340.000 99900
3341.000 99900
3342.000 99900
3343.000 99900
3344.000 99900
3345.000 98560
3346.000 101240
3347.000 99900
3348.000 99900
3349.000 100558
3350.000 99900
3351.000 99571
3352.000 99230
3353.000 100241
3354.000 100558
3355.000 99242
3356.000 99900
3357.000 100558
3358.000 99242
3359.000 100558
3360.000 99900
3361.000 99900
3362.000 99242
3363.000 100229
3364.000 98231
3365.000 101240
3366.000 99900
3367.000 99900
3368.000 99900
3369.000 99900
3370.000 99218
3371.000 99242
3372.000 101240
3373.000 99900
3374.000 99900
3375.000 99900
3376.000 99900
3377.000 99900
3378.000 99900
3379.000 98560
3380.000 101240
3381.000 99900
3382.000 98889
3383.000 100911
3384.000 98560
3385.000 101240
3386.000 99900
3387.000 99900
3388.000 98560
3389.000 99900
3390.000 99900
3391.000 99900
3392.000 99900
3393.000 99900
3394.000 101240
3395.000 99900
3396.000 99900
3397.000 99218
3398.000 100582
3399.000 99900
3400.000 98560
3401.000 99900
3402.000 101240
3403.000 98560
3404.000 101240
3405.000 99900
3406.000 98560
3407.000 101240
3408.000 99900
3409.000 98560
3410.000 101240
3411.000 98560
3412.000 101240
3413.000 98560
3414.000 100229
3415.000 99571
3416.000 100899
3417.000 100241
3418.000 98560
3419.000 99900
3420.000 99900
3421.000 101240
3422.000 98560
3423.000 101240
3424.000 98560
3425.000 99900
3426.000 101240
3427.000 91567
3428.000 106893
3429.000 101240
3430.000 98560
3431.000 99900
3432.000 101240
3433.000 99900
3434.000 99900
3435.000 98560
3436.000 101240
3437.000 99900
3438.000 98560
3439.000 101240
3440.000 99900
3441.000 98889
3442.000 99571
3443.000 99900
3444.000 101240
3445.000 99900
3446.000 99900
3447.000 99900
3448.000 99218
3449.000 100582
3450.000 98560
3451.000 100558
3452.000 99900
3453.000 99242
3454.000 100229
3455.000 100911
3456.000 99559
3457.000 98243
3458.000 100558
3459.000 101240
3460.000 98560
3461.000 101240
3462.000 98560
3463.000 101240
3464.000 98560
3465.000 101240
3466.000 98231
3467.000 100229
3468.000 101240
3469.000 97902
3470.000 100558
3471.000 100229
3472.000 100911
3473.000 99900
3474.000 98560
3475.000 101240
3476.000 98560
3477.000 100558
3478.000 100582
3479.000 98560
3480.000 101240
3481.000 99900
3482.000 97902
3483.000 100558
3484.000 99900
3485.000 100229
3486.000 100911
3487.000 99900
3488.000 99900
3489.000 99900
3490.000 98560
3491.000 99900
3492.000 99242
3493.000 101898
3494.000 99900
3495.000 98560
3496.000 99900
3497.000 99900
3498.000 99900
3499.000 99900
3500.000 99900
3501.000 99571
3502.000 100229
3503.000 99900
3504.000 99900
3505.000 99242
3506.000 101898
3507.000 99900
3508.000 98560
3509.000 101240
3510.000 99218
3511.000 99242
3512.000 101240
3513.000 99900
3514.000 98560
3515.000 97902
3516.000 100229
3517.000 101569
3518.000 99900
3519.000 101240
3520.000 98560
3521.000 99900
3522.000 99900
3523.000 99571
3524.000 101569
3525.000 98889
3526.000 99571
3527.000 99900
3528.000 101240
3529.000 97902
3530.000 100887
3531.000 99571
3532.000 99900
3533.000 99900
3534.000 101240
3535.000 98560
3536.000 99900
3537.000 99900
3538.000 99900
3539.000 99900
3540.000 99900
3541.000 99242
3542.000 100558
3543.000 99900
3544.000 100899
3545.000 99559
3546.000 100582
3547.000 97902
3548.000 100558
3549.000 99900
3550.000 99900
3551.000 95904
3552.000 103896
3553.000 99900
3554.000 99900
3555.000 99900
3556.000 99900
3557.000 99900
3558.000 99900
3559.000 99900
3560.000 98560
3561.000 101240
3562.000 97902
3563.000 101898
3564.000 99900
3565.000 99900
3566.000 99900
3567.000 99900
3568.000 99900
3569.000 99242
3570.000 100558
3571.000 99242
3572.000 98560
3573.000 101240
3574.000 100229
3575.000 99900
3576.000 98231
3577.000 101898
3578.000 99900
3579.000 99242
3580.000 99900
3581.000 99559
3582.000 100241
3583.000 99900
3584.000 99900
3585.000 98560
3586.000 101898
3587.000 99900
3588.000 99242
3589.000 100558
3590.000 99242
3591.000 100558
3592.000 99900
3593.000 99242
3594.000 100229
3595.000 100229
3596.000 99242
3597.000 99900
3598.000 100558
3599.000 99900
3600.000 99900
3601.000 99900
3602.000 45954
