# Slice: URLLC | 112.217.128.197:19584 -> 10.215.173.1:49006 (UDP)
# offset_sec  packet_size_bytes
0.000 692
1.000 940
2.000 2320
3.000 2752
4.000 2334
5.000 3425
6.000 2299
7.000 2252
8.000 1922
9.000 1664
10.000 2022
11.000 2504
12.000 2688
13.000 2438
14.000 2060
15.000 2749
16.000 2584
17.000 2616
18.000 2754
19.000 2112
20.000 2058
21.000 1238
22.000 902
23.000 977
24.000 2624
25.000 2714
26.000 985
27.000 864
28.000 910
29.000 1314
30.000 1994
31.000 1488
32.000 1770
33.000 2869
34.000 2036
35.000 1526
36.000 2780
37.000 1621
38.000 977
39.000 6162
40.000 2220
41.000 1054
42.000 2720
43.000 3088
44.000 2068
45.000 3474
46.000 1238
47.000 902
48.000 977
49.000 864
50.000 985
51.000 977
52.000 902
53.000 864
54.000 977
55.000 864
56.000 1032
57.000 940
58.000 977
59.000 902
60.000 985
61.000 2037
62.000 902
63.000 977
64.000 1002
65.000 4256
66.000 902
67.000 940
68.000 902
69.000 940
70.000 1988
71.000 940
72.000 1410
73.000 852
74.000 1140
75.000 940
76.000 796
77.000 1080
78.000 918
79.000 826
80.000 920
81.000 940
82.000 902
83.000 940
84.000 910
85.000 977
86.000 902
87.000 1020
88.000 938
89.000 902
90.000 1016
91.000 1270
92.000 2380
93.000 1092
94.000 1496
95.000 1298
96.000 1588
97.000 985
98.000 1192
99.000 1352
100.000 994
101.000 1534
102.000 1024
103.000 2442
104.000 1384
105.000 1200
106.000 2120
107.000 1496
108.000 977
109.000 1013
110.000 864
111.000 977
112.000 940
113.000 902
114.000 977
115.000 864
116.000 940
117.000 918
118.000 902
119.000 902
120.000 956
121.000 994
122.000 948
123.000 985
124.000 985
125.000 976
126.000 1260
127.000 1070
128.000 902
129.000 956
130.000 902
131.000 902
132.000 940
133.000 1130
134.000 1718
135.000 1694
136.000 2836
137.000 2248
138.000 2088
139.000 1522
140.000 1534
141.000 1838
142.000 2182
143.000 2402
144.000 2182
145.000 1522
146.000 2228
147.000 2242
148.000 1860
149.000 1580
150.000 1962
151.000 2294
152.000 1610
153.000 2166
154.000 1938
155.000 1854
156.000 2676
157.000 2680
158.000 2088
159.000 2668
160.000 1708
161.000 1442
162.000 1724
163.000 2402
164.000 1970
165.000 2256
166.000 2282
167.000 1680
168.000 2660
169.000 2674
170.000 1412
171.000 2936
172.000 1610
173.000 2180
174.000 2432
175.000 2464
176.000 2586
177.000 2342
178.000 2037
179.000 2006
180.000 2442
181.000 2632
182.000 1290
183.000 1176
184.000 1168
185.000 1336
186.000 1708
187.000 1458
188.000 1298
189.000 2166
190.000 2804
191.000 1664
192.000 1762
193.000 2250
194.000 1276
195.000 2502
196.000 2054
197.000 3004
198.000 2022
199.000 1830
200.000 2068
201.000 2302
202.000 2900
203.000 1638
204.000 2006
205.000 2624
206.000 3198
207.000 1536
208.000 940
209.000 2076
210.000 1940
211.000 2530
212.000 1920
213.000 2402
214.000 2602
215.000 2812
216.000 2046
217.000 2754
218.000 1596
219.000 1184
220.000 2386
221.000 2074
222.000 3118
223.000 2808
224.000 2584
225.000 2570
226.000 2570
227.000 1834
228.000 1062
229.000 977
230.000 902
231.000 864
232.000 940
233.000 864
234.000 1016
235.000 872
236.000 977
237.000 1013
238.000 977
239.000 946
240.000 948
241.000 985
242.000 948
243.000 864
244.000 985
245.000 902
246.000 902
247.000 940
248.000 977
249.000 940
250.000 834
251.000 977
252.000 902
253.000 864
254.000 1052
255.000 902
256.000 977
257.000 1186
258.000 902
259.000 902
260.000 940
261.000 872
262.000 977
263.000 940
264.000 985
265.000 864
266.000 940
267.000 902
268.000 940
269.000 910
270.000 940
271.000 2176
272.000 2768
273.000 2396
274.000 1588
275.000 2710
276.000 2668
277.000 1534
278.000 940
279.000 2158
280.000 2258
281.000 2106
282.000 2030
283.000 1542
284.000 1360
285.000 2668
286.000 1800
287.000 2718
288.000 2144
289.000 1542
290.000 1762
291.000 2982
292.000 2344
293.000 1924
294.000 2616
295.000 2538
296.000 2334
297.000 1922
298.000 1146
299.000 1016
300.000 2570
301.000 2174
302.000 1870
303.000 1186
304.000 2412
305.000 2866
306.000 1566
307.000 1260
308.000 1024
309.000 1018
310.000 985
311.000 964
312.000 1016
313.000 948
314.000 1024
315.000 1116
316.000 2060
317.000 1208
318.000 994
319.000 977
320.000 2562
321.000 1206
322.000 2046
323.000 2320
324.000 2494
325.000 1991
326.000 2578
327.000 2546
328.000 2404
329.000 3086
330.000 1710
331.000 940
332.000 1846
333.000 2242
334.000 1344
335.000 1922
336.000 1832
337.000 1960
338.000 1832
339.000 1572
340.000 2348
341.000 1702
342.000 1686
343.000 1924
344.000 2136
345.000 1830
346.000 1396
347.000 2043
348.000 902
349.000 2364
350.000 1404
351.000 1564
352.000 2812
353.000 1852
354.000 2572
355.000 1648
356.000 2242
357.000 2416
358.000 2272
359.000 1740
360.000 1056
361.000 1892
362.000 1876
363.000 1480
364.000 1096
365.000 1056
366.000 910
367.000 940
368.000 1016
369.000 934
370.000 1032
371.000 948
372.000 1070
373.000 1146
374.000 1016
375.000 1032
376.000 1484
377.000 948
378.000 2554
379.000 2464
380.000 1914
381.000 1680
382.000 1298
383.000 1314
384.000 1230
385.000 1062
386.000 1830
387.000 2782
388.000 2464
389.000 1328
390.000 2562
391.000 2332
392.000 2424
393.000 2282
394.000 2000
395.000 2624
396.000 1952
397.000 1868
398.000 2332
399.000 1374
400.000 1468
401.000 1572
402.000 1724
403.000 2264
404.000 1638
405.000 1764
406.000 2386
407.000 920
408.000 1848
409.000 1968
410.000 1758
411.000 2190
412.000 2080
413.000 2288
414.000 1994
415.000 2212
416.000 2148
417.000 2472
418.000 2004
419.000 1100
420.000 2174
421.000 2372
422.000 2274
423.000 2212
424.000 2804
425.000 1790
426.000 977
427.000 1862
428.000 2592
429.000 2556
430.000 1710
431.000 2472
432.000 2676
433.000 1236
434.000 2090
435.000 2234
436.000 1024
437.000 1092
438.000 2728
439.000 1770
440.000 1784
441.000 1496
442.000 2226
443.000 1588
444.000 1534
445.000 2218
446.000 2770
447.000 2166
448.000 2014
449.000 1518
450.000 1618
451.000 1268
452.000 948
453.000 1952
454.000 2290
455.000 2432
456.000 1718
457.000 2280
458.000 2432
459.000 1962
460.000 2084
461.000 2850
462.000 1694
463.000 2288
464.000 1970
465.000 2752
466.000 2458
467.000 1620
468.000 2030
469.000 2006
470.000 1708
471.000 2234
472.000 2416
473.000 2188
474.000 1892
475.000 2410
476.000 2086
477.000 1572
478.000 1930
479.000 1784
480.000 1770
481.000 1702
482.000 2322
483.000 1366
484.000 1892
485.000 1892
486.000 1352
487.000 1366
488.000 2242
489.000 2610
490.000 1488
491.000 1404
492.000 1991
493.000 1648
494.000 1900
495.000 1398
496.000 1580
497.000 1838
498.000 1732
499.000 1412
500.000 2632
501.000 2396
502.000 3242
503.000 2854
504.000 3040
505.000 2828
506.000 2784
507.000 3108
508.000 2752
509.000 2866
510.000 2912
511.000 2884
512.000 2462
513.000 2698
514.000 1626
515.000 1710
516.000 1294
517.000 1938
518.000 2006
519.000 1382
520.000 1602
521.000 2394
522.000 977
523.000 2027
524.000 2586
525.000 1252
526.000 1016
527.000 902
528.000 940
529.000 902
530.000 1202
531.000 940
532.000 985
533.000 864
534.000 910
535.000 2592
536.000 1724
537.000 2058
538.000 2622
539.000 2810
540.000 2586
541.000 1778
542.000 2274
543.000 1990
544.000 1442
545.000 1244
546.000 977
547.000 1024
548.000 1092
549.000 940
550.000 2554
551.000 1618
552.000 2076
553.000 2554
554.000 2036
555.000 2676
556.000 2608
557.000 1754
558.000 2098
559.000 2294
560.000 2272
561.000 2890
562.000 3154
563.000 1542
564.000 1724
565.000 2890
566.000 2262
567.000 1534
568.000 1724
569.000 2942
570.000 2380
571.000 1876
572.000 2454
573.000 2114
574.000 1146
575.000 1816
576.000 2282
577.000 2566
578.000 1442
579.000 1514
580.000 1588
581.000 1710
582.000 864
583.000 2136
584.000 2676
585.000 1298
586.000 2350
587.000 2098
588.000 2540
589.000 2716
590.000 3026
591.000 2196
592.000 2418
593.000 1580
594.000 2532
595.000 2272
596.000 2372
597.000 1320
598.000 2196
599.000 2646
600.000 1420
601.000 1192
602.000 2402
603.000 1770
604.000 1794
605.000 2728
606.000 1832
607.000 940
608.000 834
609.000 1016
610.000 1382
611.000 1106
612.000 1222
613.000 1214
614.000 1656
615.000 1206
616.000 1306
617.000 1222
618.000 1230
619.000 1100
620.000 1054
621.000 1176
622.000 1822
623.000 1658
624.000 2310
625.000 2554
626.000 2120
627.000 2794
628.000 2760
629.000 2516
630.000 2464
631.000 2096
632.000 1298
633.000 2106
634.000 2546
635.000 2272
636.000 1618
637.000 2288
638.000 2700
639.000 3162
640.000 1580
641.000 3088
642.000 2948
643.000 2308
644.000 1382
645.000 1358
646.000 1054
647.000 1088
648.000 976
649.000 902
650.000 1678
651.000 1154
652.000 1900
653.000 3042
654.000 3178
655.000 2600
656.000 2098
657.000 1162
658.000 1802
659.000 1756
660.000 1926
661.000 864
662.000 1816
663.000 1130
664.000 902
665.000 826
666.000 1002
667.000 1548
668.000 2592
669.000 2412
670.000 1938
671.000 2242
672.000 1520
673.000 1508
674.000 1981
675.000 2134
676.000 1244
677.000 1840
678.000 1320
679.000 1358
680.000 1748
681.000 1144
682.000 1192
683.000 1282
684.000 1244
685.000 902
686.000 1482
687.000 1778
688.000 2098
689.000 1316
690.000 1878
691.000 2144
692.000 2808
693.000 1936
694.000 1516
695.000 2022
696.000 1464
697.000 1068
698.000 1086
699.000 1040
700.000 1170
701.000 1126
702.000 1024
703.000 1016
704.000 940
705.000 1054
706.000 902
707.000 1632
708.000 1790
709.000 1222
710.000 2944
711.000 2380
712.000 3286
713.000 3240
714.000 1828
715.000 1496
716.000 2298
717.000 2544
718.000 1668
719.000 1684
720.000 2622
721.000 2528
722.000 2686
723.000 2900
724.000 2860
725.000 1488
726.000 1392
727.000 1678
728.000 2158
729.000 2786
730.000 1252
731.000 1032
732.000 948
733.000 940
734.000 977
735.000 977
736.000 940
737.000 940
738.000 940
739.000 2128
740.000 2120
741.000 1770
742.000 1490
743.000 2432
744.000 1838
745.000 1108
746.000 1512
747.000 2366
748.000 2546
749.000 2228
750.000 2798
751.000 2662
752.000 2402
753.000 2190
754.000 1754
755.000 1984
756.000 1714
757.000 1786
758.000 1740
759.000 2202
760.000 2027
761.000 1818
762.000 1952
763.000 1460
764.000 1154
765.000 2074
766.000 1892
767.000 1700
768.000 1290
769.000 1160
770.000 864
771.000 1138
772.000 1138
773.000 1176
774.000 1230
775.000 1496
776.000 964
777.000 1306
778.000 1108
779.000 1100
780.000 1314
781.000 1260
782.000 904
783.000 1070
784.000 1130
785.000 1450
786.000 1550
787.000 1290
788.000 1726
789.000 2388
790.000 2778
791.000 2138
792.000 2600
793.000 2478
794.000 2222
795.000 2608
796.000 1770
797.000 2958
798.000 2172
799.000 1938
800.000 1924
801.000 2700
802.000 2906
803.000 2898
804.000 2566
805.000 3126
806.000 2244
807.000 1556
808.000 2876
809.000 2030
810.000 1954
811.000 1824
812.000 2382
813.000 2114
814.000 2152
815.000 1534
816.000 1922
817.000 2296
818.000 2052
819.000 1032
820.000 1146
821.000 1222
822.000 2036
823.000 1862
824.000 1724
825.000 1444
826.000 2358
827.000 2896
828.000 2442
829.000 2388
830.000 2572
831.000 2043
832.000 2196
833.000 2488
834.000 2364
835.000 2188
836.000 2396
837.000 2688
838.000 2508
839.000 2174
840.000 1712
841.000 2106
842.000 2788
843.000 1830
844.000 2318
845.000 1876
846.000 1518
847.000 2014
848.000 1252
849.000 2346
850.000 1594
851.000 2782
852.000 2570
853.000 2290
854.000 2236
855.000 2198
856.000 1946
857.000 2832
858.000 1998
859.000 2898
860.000 2518
861.000 2182
862.000 2190
863.000 2560
864.000 3026
865.000 2112
866.000 2236
867.000 2302
868.000 2470
869.000 2402
870.000 2632
871.000 1648
872.000 1586
873.000 1192
874.000 1626
875.000 940
876.000 1016
877.000 1044
878.000 977
879.000 1024
880.000 910
881.000 1016
882.000 1024
883.000 902
884.000 940
885.000 994
886.000 2356
887.000 1740
888.000 2334
889.000 2122
890.000 2290
891.000 1420
892.000 1640
893.000 1952
894.000 1292
895.000 2058
896.000 1738
897.000 3254
898.000 2298
899.000 2750
900.000 2336
901.000 2350
902.000 2578
903.000 2236
904.000 2552
905.000 2236
906.000 2866
907.000 2844
908.000 2412
909.000 2644
910.000 2486
911.000 3106
912.000 2046
913.000 1922
914.000 2646
915.000 2964
916.000 1824
917.000 1802
918.000 2052
919.000 2546
920.000 1748
921.000 1954
922.000 2394
923.000 2494
924.000 2372
925.000 1686
926.000 2234
927.000 2180
928.000 2314
929.000 2994
930.000 1884
931.000 1762
932.000 1534
933.000 2278
934.000 1922
935.000 2326
936.000 2722
937.000 2676
938.000 3046
939.000 1998
940.000 2184
941.000 2644
942.000 2694
943.000 2062
944.000 2340
945.000 2914
946.000 2958
947.000 2996
948.000 1976
949.000 1778
950.000 1918
951.000 1626
952.000 1482
953.000 2250
954.000 1244
955.000 1526
956.000 1942
957.000 1526
958.000 1268
959.000 1778
960.000 2968
961.000 1822
962.000 2592
963.000 2680
964.000 2540
965.000 2142
966.000 2568
967.000 2760
968.000 2852
969.000 2700
970.000 2560
971.000 1724
972.000 2328
973.000 2508
974.000 2754
975.000 2754
976.000 2440
977.000 2786
978.000 3032
979.000 1976
980.000 1756
981.000 2106
982.000 2470
983.000 2500
984.000 1976
985.000 1374
986.000 1602
987.000 2908
988.000 2006
989.000 2228
990.000 1620
991.000 2060
992.000 1610
993.000 2604
994.000 1640
995.000 2492
996.000 2172
997.000 2206
998.000 2350
999.000 1800
1000.000 1340
1001.000 2474
1002.000 2968
1003.000 2966
1004.000 2250
1005.000 2274
1006.000 2644
1007.000 2310
1008.000 1816
1009.000 2586
1010.000 2662
1011.000 2226
1012.000 2716
1013.000 1994
1014.000 2236
1015.000 2900
1016.000 2500
1017.000 2394
1018.000 2630
1019.000 2522
1020.000 1504
1021.000 1716
1022.000 2426
1023.000 1830
1024.000 2250
1025.000 1518
1026.000 1862
1027.000 2190
1028.000 1070
1029.000 1260
1030.000 3106
1031.000 2184
1032.000 2500
1033.000 2410
1034.000 1632
1035.000 2522
1036.000 2630
1037.000 2836
1038.000 2334
1039.000 2166
1040.000 2532
1041.000 2432
1042.000 2288
1043.000 1496
1044.000 1504
1045.000 1618
1046.000 1852
1047.000 2434
1048.000 2796
1049.000 2550
1050.000 2658
1051.000 2082
1052.000 2244
1053.000 2720
1054.000 2486
1055.000 2834
1056.000 2334
1057.000 2516
1058.000 2730
1059.000 2524
1060.000 2546
1061.000 2194
1062.000 2174
1063.000 1344
1064.000 1974
1065.000 1398
1066.000 2784
1067.000 2420
1068.000 2324
1069.000 2166
1070.000 1176
1071.000 1914
1072.000 1894
1073.000 1960
1074.000 1962
1075.000 1908
1076.000 2592
1077.000 1892
1078.000 2122
1079.000 2204
1080.000 2822
1081.000 2654
1082.000 2242
1083.000 2256
1084.000 2386
1085.000 1944
1086.000 1642
1087.000 1214
1088.000 1452
1089.000 1062
1090.000 1686
1091.000 2964
1092.000 2043
1093.000 1472
1094.000 1290
1095.000 1732
1096.000 2836
1097.000 1878
1098.000 1868
1099.000 1230
1100.000 2662
1101.000 1366
1102.000 2046
1103.000 2072
1104.000 2290
1105.000 2632
1106.000 2058
1107.000 1450
1108.000 1162
1109.000 1138
1110.000 1024
1111.000 1048
1112.000 988
1113.000 964
1114.000 1352
1115.000 1512
1116.000 1258
1117.000 1344
1118.000 1172
1119.000 2546
1120.000 2350
1121.000 2616
1122.000 2626
1123.000 2638
1124.000 2948
1125.000 2868
1126.000 2776
1127.000 2910
1128.000 2442
1129.000 1718
1130.000 1496
1131.000 2454
1132.000 2036
1133.000 2242
1134.000 2026
1135.000 2136
1136.000 3104
1137.000 2138
1138.000 2880
1139.000 1922
1140.000 2618
1141.000 2238
1142.000 2027
1143.000 3244
1144.000 2684
1145.000 2228
1146.000 2622
1147.000 1976
1148.000 2076
1149.000 3148
1150.000 3064
1151.000 2802
1152.000 1794
1153.000 2698
1154.000 2414
1155.000 2534
1156.000 2752
1157.000 1984
1158.000 2592
1159.000 1764
1160.000 2626
1161.000 2808
1162.000 2302
1163.000 1290
1164.000 2512
1165.000 2420
1166.000 1856
1167.000 2414
1168.000 1998
1169.000 2454
1170.000 2404
1171.000 2074
1172.000 3094
1173.000 1558
1174.000 2007
1175.000 2007
1176.000 2502
1177.000 2526
1178.000 2142
1179.000 2084
1180.000 2922
1181.000 3354
1182.000 2348
1183.000 2576
1184.000 2722
1185.000 3158
1186.000 2692
1187.000 2450
1188.000 2076
1189.000 1800
1190.000 2604
1191.000 2716
1192.000 2678
1193.000 2998
1194.000 2752
1195.000 2684
1196.000 2426
1197.000 1498
1198.000 1534
1199.000 2442
1200.000 2908
1201.000 3012
1202.000 2478
1203.000 2258
1204.000 1991
1205.000 2768
1206.000 2546
1207.000 2686
1208.000 1756
1209.000 1414
1210.000 2190
1211.000 2874
1212.000 2738
1213.000 2556
1214.000 2966
1215.000 2822
1216.000 2486
1217.000 2756
1218.000 2714
1219.000 2540
1220.000 3010
1221.000 2534
1222.000 2030
1223.000 2826
1224.000 1862
1225.000 2342
1226.000 2584
1227.000 2562
1228.000 2328
1229.000 2394
1230.000 2868
1231.000 1878
1232.000 2170
1233.000 1788
1234.000 2158
1235.000 2312
1236.000 2274
1237.000 2234
1238.000 1838
1239.000 2550
1240.000 2556
1241.000 2942
1242.000 2958
1243.000 2390
1244.000 3028
1245.000 2464
1246.000 2958
1247.000 2958
1248.000 2432
1249.000 1952
1250.000 1512
1251.000 1940
1252.000 2037
1253.000 1930
1254.000 1862
1255.000 2310
1256.000 1938
1257.000 1734
1258.000 1724
1259.000 2988
1260.000 2156
1261.000 2001
1262.000 2076
1263.000 1526
1264.000 1792
1265.000 2494
1266.000 2100
1267.000 1594
1268.000 2342
1269.000 2752
1270.000 2066
1271.000 2814
1272.000 2336
1273.000 2274
1274.000 3162
1275.000 1466
1276.000 2098
1277.000 2790
1278.000 2296
1279.000 2660
1280.000 2880
1281.000 2836
1282.000 2524
1283.000 1796
1284.000 2236
1285.000 2548
1286.000 2592
1287.000 2278
1288.000 1922
1289.000 1824
1290.000 2182
1291.000 1538
1292.000 1640
1293.000 1816
1294.000 1718
1295.000 2910
1296.000 2168
1297.000 1756
1298.000 2904
1299.000 2614
1300.000 1496
1301.000 2222
1302.000 1686
1303.000 2594
1304.000 1812
1305.000 2326
1306.000 1724
1307.000 1838
1308.000 2470
1309.000 1824
1310.000 1376
1311.000 2856
1312.000 2348
1313.000 1024
1314.000 2272
1315.000 2482
1316.000 2198
1317.000 2188
1318.000 3120
1319.000 1596
1320.000 2342
1321.000 2572
1322.000 1504
1323.000 1860
1324.000 2090
1325.000 1688
1326.000 1550
1327.000 2364
1328.000 2792
1329.000 2718
1330.000 2450
1331.000 1372
1332.000 1398
1333.000 2330
1334.000 2014
1335.000 2426
1336.000 2582
1337.000 2438
1338.000 2570
1339.000 2716
1340.000 2586
1341.000 2264
1342.000 2510
1343.000 2374
1344.000 2504
1345.000 2630
1346.000 3148
1347.000 2738
1348.000 3242
1349.000 2066
1350.000 1790
1351.000 2744
1352.000 2678
1353.000 2464
1354.000 2992
1355.000 2130
1356.000 2510
1357.000 2130
1358.000 3136
1359.000 2390
1360.000 1732
1361.000 940
1362.000 864
1363.000 977
1364.000 902
1365.000 902
1366.000 940
1367.000 902
1368.000 910
1369.000 948
1370.000 864
1371.000 1016
1372.000 940
1373.000 866
1374.000 976
1375.000 904
1376.000 902
1377.000 948
1378.000 985
1379.000 902
1380.000 910
1381.000 977
1382.000 940
1383.000 902
1384.000 977
1385.000 864
1386.000 902
1387.000 1016
1388.000 940
1389.000 902
1390.000 910
1391.000 902
1392.000 910
1393.000 940
1394.000 902
1395.000 910
1396.000 934
1397.000 872
1398.000 864
1399.000 896
1400.000 948
1401.000 918
1402.000 940
1403.000 864
1404.000 940
1405.000 977
1406.000 940
1407.000 864
1408.000 994
1409.000 902
1410.000 902
1411.000 977
1412.000 902
1413.000 918
1414.000 977
1415.000 902
1416.000 1024
1417.000 2334
1418.000 1564
1419.000 1862
1420.000 1856
1421.000 1518
1422.000 2210
1423.000 2524
1424.000 2144
1425.000 2822
1426.000 2594
1427.000 2362
1428.000 2054
1429.000 2158
1430.000 3344
1431.000 2510
1432.000 2748
1433.000 2524
1434.000 2674
1435.000 2686
1436.000 2394
1437.000 1420
1438.000 1054
1439.000 2208
1440.000 2428
1441.000 2644
1442.000 2642
1443.000 2120
1444.000 1864
1445.000 1162
1446.000 1396
1447.000 1640
1448.000 1512
1449.000 1520
1450.000 940
1451.000 985
1452.000 1882
1453.000 2454
1454.000 2748
1455.000 3238
1456.000 2990
1457.000 2852
1458.000 2722
1459.000 2610
1460.000 2306
1461.000 2924
1462.000 2136
1463.000 1754
1464.000 1678
1465.000 2340
1466.000 1924
1467.000 2328
1468.000 1770
1469.000 2678
1470.000 2424
1471.000 3334
1472.000 2760
1473.000 3412
1474.000 2520
1475.000 2714
1476.000 3174
1477.000 2968
1478.000 2372
1479.000 3020
1480.000 2678
1481.000 2570
1482.000 2578
1483.000 2270
1484.000 2100
1485.000 3208
1486.000 2318
1487.000 2594
1488.000 2380
1489.000 3208
1490.000 2800
1491.000 1618
1492.000 2478
1493.000 1624
1494.000 3010
1495.000 2006
1496.000 2902
1497.000 2114
1498.000 1968
1499.000 1954
1500.000 1772
1501.000 2318
1502.000 1754
1503.000 2434
1504.000 2684
1505.000 3132
1506.000 2514
1507.000 2394
1508.000 2266
1509.000 2242
1510.000 2900
1511.000 1726
1512.000 1960
1513.000 2556
1514.000 1802
1515.000 1580
1516.000 1168
1517.000 1564
1518.000 2916
1519.000 1914
1520.000 2112
1521.000 2396
1522.000 2318
1523.000 2720
1524.000 2160
1525.000 2092
1526.000 2036
1527.000 1588
1528.000 2258
1529.000 2062
1530.000 2020
1531.000 1732
1532.000 2452
1533.000 2568
1534.000 2500
1535.000 2836
1536.000 2744
1537.000 2126
1538.000 1900
1539.000 2054
1540.000 2776
1541.000 2228
1542.000 2272
1543.000 2206
1544.000 1732
1545.000 1594
1546.000 2204
1547.000 2616
1548.000 2640
1549.000 2022
1550.000 2084
1551.000 2380
1552.000 2812
1553.000 2068
1554.000 2274
1555.000 2368
1556.000 2416
1557.000 2678
1558.000 2152
1559.000 3290
1560.000 3338
1561.000 3490
1562.000 3402
1563.000 2356
1564.000 3362
1565.000 2976
1566.000 2100
1567.000 2752
1568.000 2358
1569.000 2686
1570.000 2158
1571.000 2014
1572.000 2562
1573.000 2676
1574.000 2538
1575.000 2754
1576.000 2936
1577.000 2434
1578.000 2150
1579.000 2290
1580.000 2076
1581.000 2700
1582.000 2728
1583.000 2684
1584.000 2386
1585.000 2266
1586.000 2242
1587.000 2532
1588.000 2494
1589.000 2590
1590.000 2372
1591.000 2564
1592.000 2182
1593.000 1838
1594.000 2550
1595.000 2548
1596.000 2772
1597.000 2418
1598.000 2234
1599.000 1488
1600.000 1434
1601.000 1878
1602.000 2174
1603.000 1808
1604.000 1906
1605.000 2182
1606.000 2144
1607.000 2882
1608.000 2410
1609.000 2434
1610.000 2934
1611.000 3208
1612.000 2418
1613.000 2382
1614.000 2432
1615.000 3004
1616.000 2766
1617.000 2280
1618.000 2438
1619.000 3088
1620.000 1991
1621.000 1854
1622.000 2027
1623.000 1390
1624.000 1960
1625.000 1246
1626.000 2166
1627.000 2020
1628.000 2636
1629.000 1702
1630.000 2744
1631.000 1640
1632.000 1878
1633.000 2074
1634.000 2576
1635.000 2418
1636.000 2716
1637.000 2256
1638.000 2144
1639.000 2716
1640.000 2502
1641.000 2616
1642.000 2924
1643.000 3158
1644.000 3002
1645.000 2812
1646.000 2662
1647.000 2806
1648.000 2380
1649.000 2350
1650.000 2510
1651.000 2614
1652.000 2538
1653.000 2466
1654.000 2748
1655.000 3050
1656.000 3284
1657.000 2854
1658.000 2760
1659.000 2220
1660.000 2000
1661.000 1876
1662.000 2014
1663.000 2386
1664.000 2762
1665.000 3202
1666.000 2472
1667.000 2890
1668.000 2920
1669.000 2822
1670.000 2456
1671.000 2402
1672.000 2502
1673.000 2654
1674.000 3298
1675.000 2266
1676.000 2406
1677.000 2576
1678.000 2198
1679.000 1552
1680.000 1512
1681.000 1884
1682.000 2404
1683.000 3012
1684.000 3430
1685.000 3216
1686.000 2830
1687.000 2470
1688.000 2692
1689.000 3082
1690.000 2602
1691.000 2354
1692.000 1916
1693.000 1672
1694.000 2730
1695.000 2522
1696.000 2380
1697.000 1642
1698.000 2470
1699.000 2790
1700.000 2576
1701.000 2890
1702.000 1960
1703.000 2494
1704.000 1602
1705.000 2306
1706.000 3192
1707.000 2448
1708.000 1916
1709.000 2188
1710.000 2888
1711.000 2700
1712.000 2738
1713.000 1526
1714.000 1518
1715.000 1588
1716.000 1680
1717.000 2332
1718.000 2128
1719.000 1840
1720.000 2210
1721.000 2170
1722.000 2054
1723.000 2272
1724.000 2676
1725.000 1952
1726.000 2058
1727.000 1222
1728.000 977
1729.000 2090
1730.000 2684
1731.000 2446
1732.000 1260
1733.000 2382
1734.000 2806
1735.000 2456
1736.000 1542
1737.000 1488
1738.000 2180
1739.000 2220
1740.000 3040
1741.000 1580
1742.000 1680
1743.000 2144
1744.000 1792
1745.000 1238
1746.000 940
1747.000 940
1748.000 910
1749.000 902
1750.000 902
1751.000 940
1752.000 902
1753.000 872
1754.000 940
1755.000 940
1756.000 902
1757.000 977
1758.000 910
1759.000 940
1760.000 2544
1761.000 3096
1762.000 2706
1763.000 2534
1764.000 1786
1765.000 2082
1766.000 2882
1767.000 1834
1768.000 1734
1769.000 1192
1770.000 2204
1771.000 2670
1772.000 3034
1773.000 2830
1774.000 2754
1775.000 2508
1776.000 1762
1777.000 1528
1778.000 1930
1779.000 2286
1780.000 1924
1781.000 2168
1782.000 1450
1783.000 2584
1784.000 1710
1785.000 2370
1786.000 2408
1787.000 2174
1788.000 2152
1789.000 2022
1790.000 2084
1791.000 2630
1792.000 2332
1793.000 1314
1794.000 1670
1795.000 1792
1796.000 1900
1797.000 2410
1798.000 2364
1799.000 2326
1800.000 2472
1801.000 1876
1802.000 1260
1803.000 985
1804.000 902
1805.000 985
1806.000 977
1807.000 977
1808.000 985
1809.000 910
1810.000 948
1811.000 956
1812.000 977
1813.000 872
1814.000 910
1815.000 1130
1816.000 1016
1817.000 902
1818.000 910
1819.000 977
1820.000 940
1821.000 956
1822.000 1222
1823.000 2516
1824.000 2182
1825.000 2024
1826.000 1618
1827.000 1656
1828.000 1016
1829.000 977
1830.000 2106
1831.000 2296
1832.000 1981
1833.000 1702
1834.000 1854
1835.000 1990
1836.000 2662
1837.000 2066
1838.000 2188
1839.000 2006
1840.000 1458
1841.000 1558
1842.000 1588
1843.000 2084
1844.000 1764
1845.000 1222
1846.000 2250
1847.000 1702
1848.000 2312
1849.000 2043
1850.000 2476
1851.000 2766
1852.000 2540
1853.000 1726
1854.000 2166
1855.000 1632
1856.000 3156
1857.000 1572
1858.000 2134
1859.000 2106
1860.000 1054
1861.000 1618
1862.000 2066
1863.000 2122
1864.000 2446
1865.000 1090
1866.000 1826
1867.000 1574
1868.000 1802
1869.000 1862
1870.000 2464
1871.000 2546
1872.000 1732
1873.000 2546
1874.000 2043
1875.000 2714
1876.000 2092
1877.000 2150
1878.000 1632
1879.000 2204
1880.000 2098
1881.000 2616
1882.000 2340
1883.000 2440
1884.000 1808
1885.000 2182
1886.000 2120
1887.000 1290
1888.000 1946
1889.000 1846
1890.000 1754
1891.000 1192
1892.000 2502
1893.000 2958
1894.000 2516
1895.000 1818
1896.000 1588
1897.000 1474
1898.000 1176
1899.000 1900
1900.000 2408
1901.000 1708
1902.000 1604
1903.000 940
1904.000 940
1905.000 1222
1906.000 2890
1907.000 2410
1908.000 1260
1909.000 902
1910.000 1016
1911.000 940
1912.000 1952
1913.000 1528
1914.000 2882
1915.000 1374
1916.000 977
1917.000 940
1918.000 940
1919.000 902
1920.000 1710
1921.000 2890
1922.000 1496
1923.000 1230
1924.000 2172
1925.000 2868
1926.000 2676
1927.000 1192
1928.000 1784
1929.000 2052
1930.000 1024
1931.000 902
1932.000 902
1933.000 2256
1934.000 2708
1935.000 1130
1936.000 2418
1937.000 2562
1938.000 1520
1939.000 2128
1940.000 2418
1941.000 1974
1942.000 2228
1943.000 1610
1944.000 1214
1945.000 2304
1946.000 1512
1947.000 1100
1948.000 1786
1949.000 1594
1950.000 2568
1951.000 1816
1952.000 1678
1953.000 2076
1954.000 2738
1955.000 2256
1956.000 2074
1957.000 1496
1958.000 3040
1959.000 2230
1960.000 1794
1961.000 1092
1962.000 864
1963.000 910
1964.000 1648
1965.000 1770
1966.000 1298
1967.000 1854
1968.000 1528
1969.000 2708
1970.000 2296
1971.000 2226
1972.000 1914
1973.000 2316
1974.000 1754
1975.000 1732
1976.000 1024
1977.000 1926
1978.000 2956
1979.000 3010
1980.000 2494
1981.000 2260
1982.000 1586
1983.000 2074
1984.000 2532
1985.000 1352
1986.000 1542
1987.000 3080
1988.000 1016
1989.000 2622
1990.000 1420
1991.000 2472
1992.000 1214
1993.000 940
1994.000 2458
1995.000 2904
1996.000 1930
1997.000 1696
1998.000 2626
1999.000 2294
2000.000 1802
2001.000 2518
2002.000 1854
2003.000 1336
2004.000 1436
2005.000 2356
2006.000 2820
2007.000 2546
2008.000 2988
2009.000 2280
2010.000 2592
2011.000 1650
2012.000 1838
2013.000 1236
2014.000 940
2015.000 1374
2016.000 2940
2017.000 2834
2018.000 1352
2019.000 985
2020.000 1830
2021.000 1206
2022.000 2456
2023.000 2980
2024.000 2722
2025.000 2698
2026.000 2312
2027.000 2798
2028.000 1664
2029.000 2234
2030.000 1206
2031.000 1800
2032.000 2898
2033.000 2102
2034.000 1816
2035.000 2426
2036.000 1694
2037.000 1924
2038.000 2474
2039.000 2150
2040.000 1890
2041.000 2518
2042.000 1252
2043.000 1032
2044.000 1024
2045.000 1032
2046.000 926
2047.000 1116
2048.000 1214
2049.000 3114
2050.000 2392
2051.000 2988
2052.000 2302
2053.000 1732
2054.000 1534
2055.000 2104
2056.000 2622
2057.000 2828
2058.000 2720
2059.000 2294
2060.000 2006
2061.000 1900
2062.000 2852
2063.000 2592
2064.000 2540
2065.000 2266
2066.000 2066
2067.000 1776
2068.000 2576
2069.000 2424
2070.000 2624
2071.000 1404
2072.000 1876
2073.000 3010
2074.000 1268
2075.000 3010
2076.000 2402
2077.000 2662
2078.000 1206
2079.000 2054
2080.000 2326
2081.000 2252
2082.000 1634
2083.000 948
2084.000 1998
2085.000 2676
2086.000 2226
2087.000 1892
2088.000 1504
2089.000 1998
2090.000 977
2091.000 1906
2092.000 1736
2093.000 1746
2094.000 2358
2095.000 1886
2096.000 2448
2097.000 2386
2098.000 2242
2099.000 2074
2100.000 2228
2101.000 1508
2102.000 2462
2103.000 2014
2104.000 1678
2105.000 2980
2106.000 2580
2107.000 2676
2108.000 2790
2109.000 2806
2110.000 2708
2111.000 2228
2112.000 2720
2113.000 1906
2114.000 2920
2115.000 1858
2116.000 864
2117.000 940
2118.000 977
2119.000 940
2120.000 977
2121.000 940
2122.000 866
2123.000 940
2124.000 940
2125.000 902
2126.000 970
2127.000 977
2128.000 902
2129.000 902
2130.000 940
2131.000 902
2132.000 940
2133.000 910
2134.000 968
2135.000 902
2136.000 977
2137.000 864
2138.000 902
2139.000 940
2140.000 902
2141.000 902
2142.000 940
2143.000 902
2144.000 902
2145.000 977
2146.000 864
2147.000 940
2148.000 985
2149.000 864
2150.000 902
2151.000 948
2152.000 902
2153.000 902
2154.000 940
2155.000 902
2156.000 902
2157.000 977
2158.000 902
2159.000 940
2160.000 940
2161.000 910
2162.000 902
2163.000 940
2164.000 910
2165.000 1952
2166.000 2318
2167.000 2142
2168.000 1900
2169.000 2608
2170.000 2568
2171.000 2728
2172.000 2394
2173.000 1648
2174.000 1640
2175.000 1290
2176.000 2900
2177.000 2228
2178.000 1354
2179.000 2288
2180.000 2180
2181.000 2104
2182.000 2290
2183.000 2058
2184.000 1368
2185.000 1922
2186.000 2646
2187.000 1726
2188.000 1940
2189.000 940
2190.000 902
2191.000 940
2192.000 872
2193.000 940
2194.000 940
2195.000 1098
2196.000 864
2197.000 910
2198.000 977
2199.000 902
2200.000 948
2201.000 940
2202.000 1016
2203.000 977
2204.000 1074
2205.000 902
2206.000 940
2207.000 902
2208.000 902
2209.000 977
2210.000 1016
2211.000 902
2212.000 948
2213.000 1892
2214.000 1978
2215.000 2632
2216.000 1800
2217.000 2734
2218.000 1732
2219.000 1100
2220.000 2312
2221.000 2738
2222.000 2350
2223.000 1344
2224.000 2866
2225.000 1566
2226.000 1496
2227.000 985
2228.000 1534
2229.000 1880
2230.000 1694
2231.000 2130
2232.000 2626
2233.000 1580
2234.000 2942
2235.000 1488
2236.000 1588
2237.000 1016
2238.000 2494
2239.000 1246
2240.000 2266
2241.000 864
2242.000 940
2243.000 1062
2244.000 2668
2245.000 1138
2246.000 2890
2247.000 2702
2248.000 2504
2249.000 2508
2250.000 902
2251.000 1252
2252.000 1366
2253.000 1990
2254.000 2432
2255.000 1648
2256.000 2372
2257.000 2280
2258.000 3214
2259.000 2410
2260.000 1960
2261.000 1740
2262.000 1556
2263.000 964
2264.000 1184
2265.000 864
2266.000 948
2267.000 1472
2268.000 2042
2269.000 1854
2270.000 2624
2271.000 1556
2272.000 1130
2273.000 1960
2274.000 2296
2275.000 2476
2276.000 1928
2277.000 1366
2278.000 2792
2279.000 1656
2280.000 2164
2281.000 1710
2282.000 1420
2283.000 1092
2284.000 1926
2285.000 2766
2286.000 2804
2287.000 1498
2288.000 2374
2289.000 2896
2290.000 1534
2291.000 2448
2292.000 1390
2293.000 2394
2294.000 2920
2295.000 3094
2296.000 2446
2297.000 2914
2298.000 2858
2299.000 1366
2300.000 940
2301.000 977
2302.000 1656
2303.000 2318
2304.000 2014
2305.000 2614
2306.000 1800
2307.000 902
2308.000 1182
2309.000 3094
2310.000 1754
2311.000 1108
2312.000 1724
2313.000 1694
2314.000 2722
2315.000 1558
2316.000 948
2317.000 966
2318.000 2142
2319.000 2334
2320.000 2650
2321.000 2696
2322.000 2022
2323.000 2998
2324.000 3072
2325.000 1916
2326.000 2442
2327.000 2614
2328.000 1764
2329.000 2006
2330.000 1306
2331.000 2410
2332.000 2212
2333.000 1792
2334.000 1878
2335.000 1184
2336.000 1420
2337.000 1640
2338.000 1618
2339.000 1702
2340.000 1458
2341.000 2646
2342.000 2456
2343.000 2586
2344.000 2043
2345.000 3070
2346.000 3004
2347.000 2094
2348.000 2664
2349.000 2584
2350.000 2870
2351.000 2100
2352.000 2800
2353.000 2780
2354.000 2662
2355.000 2328
2356.000 2196
2357.000 2166
2358.000 3026
2359.000 2122
2360.000 2226
2361.000 1838
2362.000 2844
2363.000 1656
2364.000 2716
2365.000 2404
2366.000 1306
2367.000 1830
2368.000 2556
2369.000 1916
2370.000 1756
2371.000 2600
2372.000 2150
2373.000 2736
2374.000 2546
2375.000 2027
2376.000 1218
2377.000 1412
2378.000 2426
2379.000 1314
2380.000 1984
2381.000 1404
2382.000 1336
2383.000 2380
2384.000 2220
2385.000 1168
2386.000 2310
2387.000 1680
2388.000 1846
2389.000 1626
2390.000 2660
2391.000 1938
2392.000 1832
2393.000 2598
2394.000 1512
2395.000 1428
2396.000 1686
2397.000 1526
2398.000 1070
2399.000 1354
2400.000 1292
2401.000 2334
2402.000 2280
2403.000 1732
2404.000 1450
2405.000 1732
2406.000 3156
2407.000 3024
2408.000 1948
2409.000 2440
2410.000 1780
2411.000 2118
2412.000 2736
2413.000 3350
2414.000 3004
2415.000 2450
2416.000 2988
2417.000 2560
2418.000 2600
2419.000 2782
2420.000 1962
2421.000 2472
2422.000 2432
2423.000 2752
2424.000 1794
2425.000 2046
2426.000 2272
2427.000 2090
2428.000 2364
2429.000 2570
2430.000 2390
2431.000 2252
2432.000 3084
2433.000 1602
2434.000 1556
2435.000 2532
2436.000 3058
2437.000 1838
2438.000 2804
2439.000 2288
2440.000 2144
2441.000 2478
2442.000 1900
2443.000 1752
2444.000 1902
2445.000 1536
2446.000 1488
2447.000 1428
2448.000 2144
2449.000 2508
2450.000 2388
2451.000 2364
2452.000 1860
2453.000 2272
2454.000 1862
2455.000 1420
2456.000 1924
2457.000 2532
2458.000 2296
2459.000 2542
2460.000 2416
2461.000 2152
2462.000 1814
2463.000 2242
2464.000 2278
2465.000 3270
2466.000 3026
2467.000 2206
2468.000 2448
2469.000 2562
2470.000 1930
2471.000 1648
2472.000 1944
2473.000 1914
2474.000 2252
2475.000 2138
2476.000 2074
2477.000 2828
2478.000 2654
2479.000 2512
2480.000 2274
2481.000 2720
2482.000 2540
2483.000 2412
2484.000 2822
2485.000 2570
2486.000 2486
2487.000 1892
2488.000 2350
2489.000 2228
2490.000 2058
2491.000 2158
2492.000 2844
2493.000 2358
2494.000 2972
2495.000 2834
2496.000 2716
2497.000 2100
2498.000 2242
2499.000 3034
2500.000 2258
2501.000 2668
2502.000 2494
2503.000 2500
2504.000 1550
2505.000 1998
2506.000 2184
2507.000 2074
2508.000 1962
2509.000 2098
2510.000 2043
2511.000 1634
2512.000 2380
2513.000 2584
2514.000 1792
2515.000 1230
2516.000 2068
2517.000 1900
2518.000 2130
2519.000 1032
2520.000 2060
2521.000 1764
2522.000 1192
2523.000 1938
2524.000 2782
2525.000 1732
2526.000 2418
2527.000 2668
2528.000 1998
2529.000 1618
2530.000 2204
2531.000 2736
2532.000 3028
2533.000 2370
2534.000 2478
2535.000 1520
2536.000 2304
2537.000 3238
2538.000 1870
2539.000 2122
2540.000 2318
2541.000 2204
2542.000 2260
2543.000 2744
2544.000 1618
2545.000 1804
2546.000 2108
2547.000 2450
2548.000 2556
2549.000 2258
2550.000 2588
2551.000 1702
2552.000 2014
2553.000 1712
2554.000 1200
2555.000 2326
2556.000 2442
2557.000 2790
2558.000 2760
2559.000 2288
2560.000 3308
2561.000 2774
2562.000 2724
2563.000 2594
2564.000 2296
2565.000 3196
2566.000 2678
2567.000 2706
2568.000 2204
2569.000 1732
2570.000 2740
2571.000 1710
2572.000 1490
2573.000 2776
2574.000 1944
2575.000 1610
2576.000 1554
2577.000 2904
2578.000 2824
2579.000 2326
2580.000 2234
2581.000 1868
2582.000 2220
2583.000 1998
2584.000 2216
2585.000 1998
2586.000 1686
2587.000 1974
2588.000 2266
2589.000 2206
2590.000 2848
2591.000 1702
2592.000 1016
2593.000 1024
2594.000 1558
2595.000 1398
2596.000 1656
2597.000 1754
2598.000 2320
2599.000 1732
2600.000 2006
2601.000 2206
2602.000 2420
2603.000 2090
2604.000 2394
2605.000 1694
2606.000 2128
2607.000 2134
2608.000 1554
2609.000 2280
2610.000 1468
2611.000 2114
2612.000 1624
2613.000 2420
2614.000 1634
2615.000 2746
2616.000 2758
2617.000 2752
2618.000 1016
2619.000 2320
2620.000 2676
2621.000 2043
2622.000 2166
2623.000 1664
2624.000 1476
2625.000 2396
2626.000 2424
2627.000 1718
2628.000 2326
2629.000 985
2630.000 2524
2631.000 1542
2632.000 1718
2633.000 2530
2634.000 2098
2635.000 1632
2636.000 1824
2637.000 1300
2638.000 2050
2639.000 1802
2640.000 2182
2641.000 2542
2642.000 2252
2643.000 2328
2644.000 2104
2645.000 2708
2646.000 1542
2647.000 1952
2648.000 3004
2649.000 2272
2650.000 2604
2651.000 2640
2652.000 1840
2653.000 1830
2654.000 2266
2655.000 2952
2656.000 2810
2657.000 2714
2658.000 2342
2659.000 1991
2660.000 2278
2661.000 1840
2662.000 2580
2663.000 2576
2664.000 2760
2665.000 2154
2666.000 3148
2667.000 3102
2668.000 2334
2669.000 2588
2670.000 2738
2671.000 2614
2672.000 3172
2673.000 2830
2674.000 2568
2675.000 2644
2676.000 2776
2677.000 2610
2678.000 2228
2679.000 2630
2680.000 2570
2681.000 2730
2682.000 2136
2683.000 2584
2684.000 2574
2685.000 2388
2686.000 2668
2687.000 2710
2688.000 2274
2689.000 2532
2690.000 2470
2691.000 2288
2692.000 1900
2693.000 1724
2694.000 1666
2695.000 1484
2696.000 2642
2697.000 2786
2698.000 2762
2699.000 2518
2700.000 2378
2701.000 2700
2702.000 2348
2703.000 2804
2704.000 1192
2705.000 1032
2706.000 1024
2707.000 1890
2708.000 2150
2709.000 1816
2710.000 1816
2711.000 2456
2712.000 2007
2713.000 1588
2714.000 1062
2715.000 1626
2716.000 2640
2717.000 1404
2718.000 1948
2719.000 1652
2720.000 1092
2721.000 1214
2722.000 2276
2723.000 2204
2724.000 2812
2725.000 1754
2726.000 1032
2727.000 2956
2728.000 2760
2729.000 3126
2730.000 2036
2731.000 2738
2732.000 2838
2733.000 2632
2734.000 2226
2735.000 1314
2736.000 2664
2737.000 1512
2738.000 1900
2739.000 3088
2740.000 2584
2741.000 2196
2742.000 2036
2743.000 3194
2744.000 2424
2745.000 2516
2746.000 2474
2747.000 2576
2748.000 1518
2749.000 2030
2750.000 2260
2751.000 2234
2752.000 2150
2753.000 2132
2754.000 2728
2755.000 2318
2756.000 2214
2757.000 2258
2758.000 2030
2759.000 1496
2760.000 1724
2761.000 1870
2762.000 1658
2763.000 2432
2764.000 1900
2765.000 2424
2766.000 2258
2767.000 2182
2768.000 2522
2769.000 1914
2770.000 2106
2771.000 2382
2772.000 2820
2773.000 1640
2774.000 2570
2775.000 1382
2776.000 1930
2777.000 1732
2778.000 2722
2779.000 1458
2780.000 1496
2781.000 1556
2782.000 940
2783.000 2160
2784.000 2048
2785.000 2334
2786.000 1748
2787.000 1638
2788.000 1428
2789.000 1512
2790.000 1526
2791.000 3376
2792.000 2058
2793.000 2048
2794.000 2572
2795.000 1428
2796.000 3028
2797.000 2160
2798.000 2696
2799.000 3272
2800.000 2732
2801.000 2836
2802.000 1770
2803.000 2030
2804.000 2656
2805.000 2874
2806.000 2380
2807.000 2832
2808.000 2496
2809.000 2932
2810.000 2174
2811.000 2540
2812.000 2830
2813.000 2760
2814.000 1900
2815.000 2500
2816.000 2512
2817.000 1900
2818.000 2318
2819.000 1496
2820.000 3036
2821.000 1862
2822.000 2776
2823.000 2564
2824.000 2576
2825.000 1666
2826.000 1382
2827.000 940
2828.000 2324
2829.000 3406
2830.000 1780
2831.000 1840
2832.000 1946
2833.000 2244
2834.000 2320
2835.000 2868
2836.000 1724
2837.000 2456
2838.000 2526
2839.000 2084
2840.000 2356
2841.000 2016
2842.000 2854
2843.000 2202
2844.000 1938
2845.000 2174
2846.000 2328
2847.000 2556
2848.000 1974
2849.000 3124
2850.000 2880
2851.000 1948
2852.000 2744
2853.000 1632
2854.000 2358
2855.000 1490
2856.000 2104
2857.000 1854
2858.000 1062
2859.000 1724
2860.000 1496
2861.000 1976
2862.000 2716
2863.000 3086
2864.000 1906
2865.000 1624
2866.000 1716
2867.000 1466
2868.000 1488
2869.000 1168
2870.000 1358
2871.000 1648
2872.000 1976
2873.000 2812
2874.000 1981
2875.000 1344
2876.000 1260
2877.000 2720
2878.000 1520
2879.000 1108
2880.000 2364
2881.000 1892
2882.000 2578
2883.000 1876
2884.000 1458
2885.000 2722
2886.000 1938
2887.000 2348
2888.000 1634
2889.000 2204
2890.000 2834
2891.000 2562
2892.000 2692
2893.000 3202
2894.000 2272
2895.000 2754
2896.000 2578
2897.000 2956
2898.000 2958
2899.000 2442
2900.000 2590
2901.000 2662
2902.000 2046
2903.000 3332
2904.000 2920
2905.000 2770
2906.000 2520
2907.000 2670
2908.000 1390
2909.000 1634
2910.000 2424
2911.000 2608
2912.000 2786
2913.000 2266
2914.000 2944
2915.000 2936
2916.000 2540
2917.000 2144
2918.000 2636
2919.000 1808
2920.000 1330
2921.000 1754
2922.000 2050
2923.000 1716
2924.000 1916
2925.000 2888
2926.000 2043
2927.000 2344
2928.000 2872
2929.000 2956
2930.000 2486
2931.000 2464
2932.000 2264
2933.000 3208
2934.000 2736
2935.000 1102
2936.000 2996
2937.000 2836
2938.000 1588
2939.000 2272
2940.000 2836
2941.000 2630
2942.000 2488
2943.000 2316
2944.000 2394
2945.000 2266
2946.000 1754
2947.000 2248
2948.000 1998
2949.000 2288
2950.000 2234
2951.000 2130
2952.000 1626
2953.000 1556
2954.000 2142
2955.000 1222
2956.000 1678
2957.000 2956
2958.000 1618
2959.000 1922
2960.000 1586
2961.000 1830
2962.000 1102
2963.000 1708
2964.000 1678
2965.000 1176
2966.000 1906
2967.000 2024
2968.000 1290
2969.000 980
2970.000 1034
2971.000 1092
2972.000 1306
2973.000 1586
2974.000 1474
2975.000 940
2976.000 872
2977.000 1024
2978.000 1678
2979.000 1496
2980.000 1146
2981.000 1634
2982.000 2220
2983.000 1534
2984.000 1998
2985.000 1876
2986.000 2014
2987.000 994
2988.000 985
2989.000 940
2990.000 948
2991.000 902
2992.000 2372
2993.000 1450
2994.000 1322
2995.000 1504
2996.000 1146
2997.000 2334
2998.000 1670
2999.000 994
3000.000 1326
3001.000 2738
3002.000 2024
3003.000 2060
3004.000 2188
3005.000 2882
3006.000 1968
3007.000 2820
3008.000 3062
3009.000 2242
3010.000 2732
3011.000 2464
3012.000 2594
3013.000 3248
3014.000 2356
3015.000 3046
3016.000 2082
3017.000 2262
3018.000 2378
3019.000 2982
3020.000 2374
3021.000 2036
3022.000 1146
3023.000 1981
3024.000 2600
3025.000 1336
3026.000 2524
3027.000 2878
3028.000 2280
3029.000 2698
3030.000 2048
3031.000 3410
3032.000 2472
3033.000 3228
3034.000 1854
3035.000 2544
3036.000 2954
3037.000 2394
3038.000 2884
3039.000 2632
3040.000 2964
3041.000 2614
3042.000 1952
3043.000 2738
3044.000 2130
3045.000 2442
3046.000 2098
3047.000 1602
3048.000 2484
3049.000 2120
3050.000 1138
3051.000 1446
3052.000 2840
3053.000 2234
3054.000 2934
3055.000 2768
3056.000 2472
3057.000 1892
3058.000 2380
3059.000 2382
3060.000 2660
3061.000 2570
3062.000 2098
3063.000 2074
3064.000 1830
3065.000 1742
3066.000 1566
3067.000 1846
3068.000 2290
3069.000 2808
3070.000 3074
3071.000 1626
3072.000 1924
3073.000 2328
3074.000 2670
3075.000 2524
3076.000 3322
3077.000 1886
3078.000 2510
3079.000 2614
3080.000 1960
3081.000 1848
3082.000 1206
3083.000 2310
3084.000 1990
3085.000 2142
3086.000 2256
3087.000 1566
3088.000 1518
3089.000 2342
3090.000 2500
3091.000 2068
3092.000 1244
3093.000 2414
3094.000 2290
3095.000 1626
3096.000 2150
3097.000 2228
3098.000 2204
3099.000 2128
3100.000 2006
3101.000 2356
3102.000 1732
3103.000 2380
3104.000 2926
3105.000 1930
3106.000 2174
3107.000 1214
3108.000 1574
3109.000 1328
3110.000 2630
3111.000 2380
3112.000 2552
3113.000 2220
3114.000 1716
3115.000 1016
3116.000 940
3117.000 2310
3118.000 2000
3119.000 2958
3120.000 2698
3121.000 1108
3122.000 1406
3123.000 2670
3124.000 2464
3125.000 2798
3126.000 1520
3127.000 902
3128.000 902
3129.000 1690
3130.000 1740
3131.000 1138
3132.000 2158
3133.000 1552
3134.000 1256
3135.000 872
3136.000 826
3137.000 928
3138.000 948
3139.000 1124
3140.000 977
3141.000 1756
3142.000 1930
3143.000 2972
3144.000 2494
3145.000 2264
3146.000 2006
3147.000 977
3148.000 1420
3149.000 2494
3150.000 3138
3151.000 1930
3152.000 1998
3153.000 2640
3154.000 1930
3155.000 2598
3156.000 1900
3157.000 2638
3158.000 2706
3159.000 2022
3160.000 1778
3161.000 2744
3162.000 2512
3163.000 1038
3164.000 1374
3165.000 2206
3166.000 2692
3167.000 2006
3168.000 1738
3169.000 2470
3170.000 1716
3171.000 2806
3172.000 2630
3173.000 2138
3174.000 1390
3175.000 2996
3176.000 2136
3177.000 948
3178.000 977
3179.000 1282
3180.000 2426
3181.000 2524
3182.000 1512
3183.000 1298
3184.000 940
3185.000 977
3186.000 940
3187.000 864
3188.000 940
3189.000 940
3190.000 940
3191.000 918
3192.000 902
3193.000 940
3194.000 902
3195.000 940
3196.000 902
3197.000 940
3198.000 1016
3199.000 940
3200.000 902
3201.000 948
3202.000 948
3203.000 902
3204.000 985
3205.000 970
3206.000 948
3207.000 1392
3208.000 2614
3209.000 2296
3210.000 2166
3211.000 2410
3212.000 2932
3213.000 2470
3214.000 2628
3215.000 1960
3216.000 2724
3217.000 2226
3218.000 2668
3219.000 2812
3220.000 1512
3221.000 1582
3222.000 2716
3223.000 1708
3224.000 2342
3225.000 2462
3226.000 1200
3227.000 2676
3228.000 1648
3229.000 2858
3230.000 1990
3231.000 1428
3232.000 2104
3233.000 938
3234.000 977
3235.000 956
3236.000 1306
3237.000 2266
3238.000 2212
3239.000 2768
3240.000 2532
3241.000 2454
3242.000 1588
3243.000 1714
3244.000 1092
3245.000 864
3246.000 1366
3247.000 1602
3248.000 1344
3249.000 872
3250.000 985
3251.000 1366
3252.000 1282
3253.000 1670
3254.000 1762
3255.000 1534
3256.000 985
3257.000 1686
3258.000 1640
3259.000 1702
3260.000 1626
3261.000 1602
3262.000 2828
3263.000 1808
3264.000 2456
3265.000 2336
3266.000 2396
3267.000 1406
3268.000 2196
3269.000 1610
3270.000 2236
3271.000 2350
3272.000 2316
3273.000 2182
3274.000 1770
3275.000 1932
3276.000 1794
3277.000 1512
3278.000 2570
3279.000 1870
3280.000 1192
3281.000 1922
3282.000 1878
3283.000 2674
3284.000 1984
3285.000 2090
3286.000 1946
3287.000 1108
3288.000 1618
3289.000 2438
3290.000 2968
3291.000 2246
3292.000 2678
3293.000 2320
3294.000 2214
3295.000 2404
3296.000 2782
3297.000 2350
3298.000 1498
3299.000 2182
3300.000 3010
3301.000 1802
3302.000 1656
3303.000 1564
3304.000 2488
3305.000 2490
3306.000 2682
3307.000 1914
3308.000 2342
3309.000 1946
3310.000 1176
3311.000 2046
3312.000 1298
3313.000 3170
3314.000 2638
3315.000 2176
3316.000 2310
3317.000 2286
3318.000 1588
3319.000 2554
3320.000 2518
3321.000 3302
3322.000 2994
3323.000 1816
3324.000 1932
3325.000 2272
3326.000 1998
3327.000 1808
3328.000 1634
3329.000 1914
3330.000 1870
3331.000 1680
3332.000 1146
3333.000 1618
3334.000 2440
3335.000 1656
3336.000 1328
3337.000 1862
3338.000 1534
3339.000 1176
3340.000 1626
3341.000 2760
3342.000 2130
3343.000 1116
3344.000 1086
3345.000 1950
3346.000 2074
3347.000 2258
3348.000 2366
3349.000 2462
3350.000 2856
3351.000 2032
3352.000 2120
3353.000 2250
3354.000 2180
3355.000 1884
3356.000 2454
3357.000 2610
3358.000 1778
3359.000 1680
3360.000 2524
3361.000 1206
3362.000 2630
3363.000 1344
3364.000 1426
3365.000 1436
3366.000 2030
3367.000 1536
3368.000 2196
3369.000 1868
3370.000 1850
3371.000 2592
3372.000 1214
3373.000 1848
3374.000 2046
3375.000 1510
3376.000 1930
3377.000 2402
3378.000 1892
3379.000 2670
3380.000 2288
3381.000 2500
3382.000 2950
3383.000 2678
3384.000 1534
3385.000 2874
3386.000 2266
3387.000 1644
3388.000 2380
3389.000 1588
3390.000 1838
3391.000 2052
3392.000 2410
3393.000 1948
3394.000 1862
3395.000 1092
3396.000 1252
3397.000 1626
3398.000 1740
3399.000 2334
3400.000 1930
3401.000 2296
3402.000 2524
3403.000 1130
3404.000 994
3405.000 1542
3406.000 1758
3407.000 2508
3408.000 1840
3409.000 2062
3410.000 2418
3411.000 2674
3412.000 1260
3413.000 2043
3414.000 1466
3415.000 1710
3416.000 2486
3417.000 2492
3418.000 2676
3419.000 1960
3420.000 3086
3421.000 2238
3422.000 3036
3423.000 2388
3424.000 2872
3425.000 2274
3426.000 1686
3427.000 1422
3428.000 1830
3429.000 2007
3430.000 1946
3431.000 2616
3432.000 2058
3433.000 1558
3434.000 1378
3435.000 1358
3436.000 2250
3437.000 1230
3438.000 1474
3439.000 2104
3440.000 2258
3441.000 2110
3442.000 1946
3443.000 1382
3444.000 1716
3445.000 1900
3446.000 2500
3447.000 1848
3448.000 1366
3449.000 1936
3450.000 2416
3451.000 2352
3452.000 1840
3453.000 2366
3454.000 1908
3455.000 1276
3456.000 1200
3457.000 1838
3458.000 1724
3459.000 1898
3460.000 2320
3461.000 2328
3462.000 1626
3463.000 2386
3464.000 3072
3465.000 2470
3466.000 1971
3467.000 2000
3468.000 2508
3469.000 2926
3470.000 1948
3471.000 1866
3472.000 2526
3473.000 1602
3474.000 2016
3475.000 2264
3476.000 1981
3477.000 1648
3478.000 1580
3479.000 1981
3480.000 1732
3481.000 2510
3482.000 1444
3483.000 2036
3484.000 2700
3485.000 2134
3486.000 2296
3487.000 1676
3488.000 2960
3489.000 2022
3490.000 994
3491.000 2464
3492.000 1946
3493.000 2362
3494.000 2196
3495.000 2502
3496.000 2272
3497.000 1754
3498.000 2348
3499.000 2582
3500.000 2594
3501.000 2446
3502.000 2746
3503.000 2186
3504.000 2100
3505.000 2658
3506.000 2754
3507.000 2170
3508.000 2600
3509.000 2576
3510.000 2328
3511.000 1968
3512.000 2502
3513.000 2560
3514.000 2112
3515.000 2872
3516.000 1604
3517.000 2220
3518.000 1848
3519.000 2234
3520.000 1316
3521.000 2144
3522.000 1526
3523.000 1452
3524.000 2007
3525.000 2760
3526.000 2174
3527.000 1794
3528.000 2640
3529.000 1306
3530.000 1306
3531.000 1672
3532.000 2280
3533.000 2188
3534.000 1580
3535.000 2446
3536.000 2584
3537.000 2374
3538.000 1884
3539.000 2586
3540.000 1994
3541.000 2952
3542.000 2724
3543.000 2434
3544.000 2106
3545.000 2474
3546.000 1976
3547.000 2298
3548.000 1892
3549.000 1960
3550.000 1886
3551.000 2096
3552.000 1608
3553.000 1634
3554.000 2470
3555.000 1978
3556.000 2518
3557.000 1838
3558.000 2378
3559.000 2082
3560.000 1472
3561.000 1640
3562.000 2037
3563.000 2098
3564.000 2004
3565.000 2043
3566.000 3064
3567.000 1504
3568.000 1496
3569.000 2242
3570.000 1824
3571.000 1550
3572.000 1788
3573.000 2836
3574.000 2554
3575.000 2440
3576.000 2786
3577.000 1778
3578.000 2934
3579.000 2700
3580.000 2092
3581.000 1588
3582.000 2462
3583.000 2242
3584.000 2664
3585.000 2364
3586.000 2242
3587.000 2054
3588.000 1718
3589.000 2244
3590.000 2082
3591.000 2470
3592.000 1944
3593.000 1612
3594.000 1724
3595.000 2606
3596.000 2336
3597.000 2027
3598.000 2136
3599.000 2296
3600.000 2408
3601.000 1960
3602.000 1400
3603.000 1656
3604.000 2242
3605.000 1756
3606.000 948
3607.000 1970
3608.000 2204
3609.000 2014
3610.000 1664
3611.000 2054
3612.000 1898
3613.000 2472
3614.000 2408
3615.000 2852
3616.000 2306
3617.000 2084
3618.000 1870
3619.000 2158
3620.000 2704
3621.000 2204
3622.000 2182
3623.000 2576
3624.000 1800
3625.000 1900
3626.000 2402
3627.000 2464
3628.000 2266
3629.000 2138
3630.000 2462
3631.000 1132
3632.000 2232
3633.000 1748
3634.000 2280
3635.000 2076
3636.000 2302
3637.000 1724
3638.000 2130
3639.000 2062
3640.000 1954
3641.000 2490
3642.000 2510
3643.000 2892
3644.000 2684
3645.000 2494
3646.000 1770
3647.000 2050
3648.000 2532
3649.000 2226
3650.000 2594
3651.000 2332
3652.000 1756
3653.000 1886
3654.000 1618
3655.000 2644
3656.000 2176
3657.000 1482
3658.000 2736
3659.000 2408
3660.000 2592
3661.000 1734
3662.000 2154
3663.000 2126
3664.000 2460
3665.000 1816
3666.000 2250
3667.000 994
3668.000 1642
3669.000 1024
3670.000 1070
3671.000 948
3672.000 1176
3673.000 1244
3674.000 1640
3675.000 1284
3676.000 1708
3677.000 1778
3678.000 1512
3679.000 2046
3680.000 2190
3681.000 1764
3682.000 2150
3683.000 2296
3684.000 2624
3685.000 2142
3686.000 2936
3687.000 2274
3688.000 1648
3689.000 2576
3690.000 1846
3691.000 1686
3692.000 1981
3693.000 1726
3694.000 2264
3695.000 1176
3696.000 977
3697.000 902
3698.000 940
3699.000 1482
3700.000 2326
3701.000 1536
3702.000 2238
3703.000 2106
3704.000 2072
3705.000 1694
3706.000 2302
3707.000 1854
3708.000 1474
3709.000 2492
3710.000 2510
3711.000 1764
3712.000 1812
3713.000 1990
3714.000 1442
3715.000 2068
3716.000 1550
3717.000 2340
3718.000 1880
3719.000 2728
3720.000 2698
3721.000 1686
3722.000 1100
3723.000 1740
3724.000 2546
3725.000 1520
3726.000 1994
3727.000 1902
3728.000 1852
3729.000 2834
3730.000 2210
3731.000 2062
3732.000 2618
3733.000 1656
3734.000 1688
3735.000 2646
3736.000 1374
3737.000 2782
3738.000 2700
3739.000 2096
3740.000 2608
3741.000 1558
3742.000 2718
3743.000 2054
3744.000 2638
3745.000 1884
3746.000 2046
3747.000 1580
3748.000 1694
3749.000 2264
3750.000 2082
3751.000 940
3752.000 940
3753.000 940
3754.000 940
3755.000 902
3756.000 940
3757.000 864
3758.000 938
3759.000 940
3760.000 902
3761.000 940
3762.000 940
3763.000 902
3764.000 902
3765.000 940
3766.000 834
3767.000 902
3768.000 902
3769.000 940
3770.000 902
3771.000 902
3772.000 864
3773.000 977
3774.000 940
3775.000 940
3776.000 977
3777.000 940
3778.000 902
3779.000 940
3780.000 902
3781.000 902
3782.000 985
3783.000 940
3784.000 940
3785.000 940
3786.000 940
3787.000 910
3788.000 977
3789.000 902
3790.000 864
3791.000 994
3792.000 940
3793.000 940
3794.000 977
3795.000 938
3796.000 902
3797.000 985
3798.000 902
3799.000 902
3800.000 940
3801.000 902
3802.000 902
3803.000 977
3804.000 902
3805.000 940
3806.000 1016
3807.000 872
3808.000 1046
3809.000 940
3810.000 902
3811.000 864
3812.000 977
3813.000 902
3814.000 902
3815.000 977
3816.000 902
3817.000 977
3818.000 1010
3819.000 948
3820.000 940
3821.000 977
3822.000 902
3823.000 902
3824.000 940
3825.000 938
3826.000 1016
3827.000 940
3828.000 902
3829.000 864
3830.000 977
3831.000 864
3832.000 940
3833.000 977
3834.000 940
3835.000 940
3836.000 1442
3837.000 2126
3838.000 3176
3839.000 3086
3840.000 1984
3841.000 2404
3842.000 1382
3843.000 2714
3844.000 2608
3845.000 2120
3846.000 2098
3847.000 1542
3848.000 1710
3849.000 2312
3850.000 2502
3851.000 1962
3852.000 1092
3853.000 990
3854.000 902
3855.000 2606
3856.000 2776
3857.000 2886
3858.000 1746
3859.000 1800
3860.000 1506
3861.000 1016
3862.000 940
3863.000 1440
3864.000 1580
3865.000 1942
3866.000 1686
3867.000 2364
3868.000 1814
3869.000 1222
3870.000 1772
3871.000 2628
3872.000 977
3873.000 1062
3874.000 980
3875.000 1144
3876.000 1268
3877.000 1306
3878.000 1496
3879.000 977
3880.000 940
3881.000 1442
3882.000 1016
3883.000 864
3884.000 902
3885.000 948
3886.000 902
3887.000 902
3888.000 977
3889.000 940
3890.000 902
3891.000 872
3892.000 1544
3893.000 1584
3894.000 1442
3895.000 1482
3896.000 1792
3897.000 2622
3898.000 2198
3899.000 2790
3900.000 2182
3901.000 1376
3902.000 2542
3903.000 2736
3904.000 1824
3905.000 1588
3906.000 2358
3907.000 1574
3908.000 3202
3909.000 2020
3910.000 1376
3911.000 1146
3912.000 1802
3913.000 1322
3914.000 1991
3915.000 1900
3916.000 1458
3917.000 1398
3918.000 1344
3919.000 1936
3920.000 2226
3921.000 1626
3922.000 2094
3923.000 1680
3924.000 2562
3925.000 1054
3926.000 1178
3927.000 1054
3928.000 2060
3929.000 2376
3930.000 1366
3931.000 2644
3932.000 2090
3933.000 2464
3934.000 1878
3935.000 948
3936.000 1016
3937.000 2326
3938.000 1824
3939.000 2790
3940.000 2076
3941.000 2406
3942.000 2616
3943.000 2664
3944.000 3024
3945.000 2158
3946.000 2294
3947.000 2632
3948.000 2232
3949.000 2078
3950.000 2536
3951.000 1878
3952.000 2808
3953.000 1748
3954.000 1710
3955.000 2312
3956.000 2084
3957.000 2978
3958.000 3090
3959.000 2190
3960.000 1176
3961.000 3132
3962.000 2046
3963.000 2762
3964.000 2082
3965.000 2678
3966.000 1778
3967.000 1832
3968.000 2882
3969.000 1620
3970.000 3082
3971.000 3442
3972.000 2966
3973.000 2662
3974.000 2652
3975.000 2326
3976.000 1708
3977.000 2682
3978.000 2446
3979.000 2600
3980.000 2672
3981.000 1808
3982.000 1792
3983.000 1710
3984.000 1702
3985.000 2568
3986.000 2852
3987.000 2858
3988.000 2654
3989.000 1794
3990.000 1300
3991.000 2614
3992.000 2364
3993.000 2302
3994.000 1238
3995.000 2852
3996.000 1930
3997.000 2156
3998.000 2730
3999.000 2362
4000.000 2256
4001.000 1154
4002.000 2114
4003.000 3078
4004.000 2790
4005.000 2046
4006.000 1382
4007.000 1124
4008.000 2043
4009.000 2394
4010.000 2684
4011.000 2480
4012.000 1816
4013.000 2348
4014.000 2608
4015.000 2000
4016.000 2146
4017.000 2372
4018.000 1740
4019.000 2320
4020.000 2722
4021.000 2256
4022.000 2116
4023.000 1848
4024.000 1918
4025.000 1870
4026.000 2136
4027.000 1672
4028.000 2122
4029.000 1732
4030.000 2288
4031.000 977
4032.000 1542
4033.000 2432
4034.000 2990
4035.000 2212
4036.000 1176
4037.000 1056
4038.000 1314
4039.000 1648
4040.000 1968
4041.000 1550
4042.000 2144
4043.000 2074
4044.000 1382
4045.000 1398
4046.000 1748
4047.000 1748
4048.000 2022
4049.000 2043
4050.000 2554
4051.000 1610
4052.000 2326
4053.000 2402
4054.000 2526
4055.000 1306
4056.000 1306
4057.000 1542
4058.000 2288
4059.000 2980
4060.000 2326
4061.000 1740
4062.000 1284
4063.000 1354
4064.000 1314
4065.000 2740
4066.000 2058
4067.000 1260
4068.000 2484
4069.000 1398
4070.000 2560
4071.000 1726
4072.000 1260
4073.000 3438
4074.000 2540
4075.000 2136
4076.000 1952
4077.000 1846
4078.000 1802
4079.000 1898
4080.000 956
4081.000 2486
4082.000 2884
4083.000 2774
4084.000 2600
4085.000 2160
4086.000 1950
4087.000 1496
4088.000 1428
4089.000 1328
4090.000 1512
4091.000 2298
4092.000 1534
4093.000 1480
4094.000 2420
4095.000 2534
4096.000 1788
4097.000 2300
4098.000 3400
4099.000 1658
4100.000 1518
4101.000 1748
4102.000 1488
4103.000 1236
4104.000 2424
4105.000 2214
4106.000 2037
4107.000 2356
4108.000 1626
4109.000 1070
4110.000 2896
4111.000 2844
4112.000 2020
4113.000 1756
4114.000 1716
4115.000 2234
4116.000 1100
4117.000 2834
4118.000 1632
4119.000 2364
4120.000 2114
4121.000 1496
4122.000 1974
4123.000 2084
4124.000 1862
4125.000 2104
4126.000 1952
4127.000 2304
4128.000 1336
4129.000 1890
4130.000 1336
4131.000 1222
4132.000 940
4133.000 1054
4134.000 2043
4135.000 2706
4136.000 2188
4137.000 2394
4138.000 2850
4139.000 2274
4140.000 1694
4141.000 1981
4142.000 1998
4143.000 2128
4144.000 1566
4145.000 2072
4146.000 2708
4147.000 2266
4148.000 2236
4149.000 2996
4150.000 3162
4151.000 2552
4152.000 2710
4153.000 1634
4154.000 1390
4155.000 902
4156.000 948
4157.000 1892
4158.000 1922
4159.000 2204
4160.000 2784
4161.000 2280
4162.000 2342
4163.000 2206
4164.000 2880
4165.000 2982
4166.000 2250
4167.000 2516
4168.000 1634
4169.000 1824
4170.000 1214
4171.000 1162
4172.000 1108
4173.000 1260
4174.000 1580
4175.000 1748
4176.000 2768
4177.000 2016
4178.000 2304
4179.000 2022
4180.000 2760
4181.000 2006
4182.000 2974
4183.000 2950
4184.000 2378
4185.000 2900
4186.000 2754
4187.000 2312
4188.000 2114
4189.000 2288
4190.000 2676
4191.000 2412
4192.000 2192
4193.000 2876
4194.000 2144
4195.000 1944
4196.000 1252
4197.000 2348
4198.000 2912
4199.000 2548
4200.000 2136
4201.000 2152
4202.000 2326
4203.000 2374
4204.000 2746
4205.000 1818
4206.000 2540
4207.000 2492
4208.000 2894
4209.000 1642
4210.000 2226
4211.000 2206
4212.000 1290
4213.000 1802
4214.000 2298
4215.000 2672
4216.000 1930
4217.000 2560
4218.000 2220
4219.000 2646
4220.000 2122
4221.000 2108
4222.000 2788
4223.000 1748
4224.000 2030
4225.000 2424
4226.000 1770
4227.000 1906
4228.000 2584
4229.000 2592
4230.000 2564
4231.000 2474
4232.000 2316
4233.000 1368
4234.000 2304
4235.000 2136
4236.000 2190
4237.000 2586
4238.000 2730
4239.000 2050
4240.000 2182
4241.000 2166
4242.000 3170
4243.000 2158
4244.000 1986
4245.000 2182
4246.000 2378
4247.000 2746
4248.000 2420
4249.000 2196
4250.000 2386
4251.000 1968
4252.000 1226
4253.000 2626
4254.000 2910
4255.000 2408
4256.000 2508
4257.000 2022
4258.000 2534
4259.000 2520
4260.000 2494
4261.000 2130
4262.000 2418
4263.000 2240
4264.000 2226
4265.000 2228
4266.000 2120
4267.000 1774
4268.000 2386
4269.000 2130
4270.000 2152
4271.000 1534
4272.000 2292
4273.000 2442
4274.000 2562
4275.000 1458
4276.000 3132
4277.000 1802
4278.000 2426
4279.000 1824
4280.000 1698
4281.000 1748
4282.000 1334
4283.000 1794
4284.000 1162
4285.000 964
4286.000 1686
4287.000 1724
4288.000 1016
4289.000 1092
4290.000 1778
4291.000 2496
4292.000 1954
4293.000 1754
4294.000 2242
4295.000 1962
4296.000 1998
4297.000 3030
4298.000 2236
4299.000 1968
4300.000 2264
4301.000 2212
4302.000 1976
4303.000 2420
4304.000 2144
4305.000 2150
4306.000 2446
4307.000 2124
4308.000 2330
4309.000 2540
4310.000 1358
4311.000 1366
4312.000 2356
4313.000 1642
4314.000 1306
4315.000 1740
4316.000 2568
4317.000 2856
4318.000 1916
4319.000 2666
4320.000 2602
4321.000 2068
4322.000 1208
4323.000 2470
4324.000 2628
4325.000 2136
4326.000 3036
4327.000 3174
4328.000 2106
4329.000 1922
4330.000 1374
4331.000 1184
4332.000 1176
4333.000 1214
4334.000 1664
4335.000 1192
4336.000 1534
4337.000 1618
4338.000 2310
4339.000 2062
4340.000 2776
4341.000 2600
4342.000 2442
4343.000 2074
4344.000 3110
4345.000 2288
4346.000 2090
4347.000 2730
4348.000 2182
4349.000 1184
4350.000 1398
4351.000 3442
4352.000 2190
4353.000 2844
4354.000 2430
4355.000 2408
4356.000 1618
4357.000 1016
4358.000 2242
4359.000 2078
4360.000 2274
4361.000 2368
4362.000 3150
4363.000 2494
4364.000 1838
4365.000 2404
4366.000 1870
4367.000 2366
4368.000 1784
4369.000 2124
4370.000 1876
4371.000 2024
4372.000 3304
4373.000 1808
4374.000 2062
4375.000 2396
4376.000 3012
4377.000 2814
4378.000 2350
4379.000 1450
4380.000 2356
4381.000 1528
4382.000 1268
4383.000 2150
4384.000 1208
4385.000 2196
4386.000 2576
4387.000 2728
4388.000 2152
4389.000 1922
4390.000 2604
4391.000 1862
4392.000 2090
4393.000 1770
4394.000 2588
4395.000 2976
4396.000 1620
4397.000 2144
4398.000 3260
4399.000 1946
4400.000 1918
4401.000 2400
4402.000 2310
4403.000 2440
4404.000 2524
4405.000 1572
4406.000 2950
4407.000 2264
4408.000 1032
4409.000 1998
4410.000 2356
4411.000 1542
4412.000 1602
4413.000 2500
4414.000 1624
4415.000 1306
4416.000 1594
4417.000 2378
4418.000 2448
4419.000 2548
4420.000 2250
4421.000 2294
4422.000 1916
4423.000 2082
4424.000 2530
4425.000 1816
4426.000 1420
4427.000 2144
4428.000 2486
4429.000 1754
4430.000 1428
4431.000 1458
4432.000 1732
4433.000 1420
4434.000 1970
4435.000 2052
4436.000 1662
4437.000 2472
4438.000 1870
4439.000 1434
4440.000 796
4441.000 1168
4442.000 2882
4443.000 2190
4444.000 2450
4445.000 1016
4446.000 1981
4447.000 2646
4448.000 2676
4449.000 2606
4450.000 2320
4451.000 1016
4452.000 977
4453.000 940
4454.000 940
4455.000 938
4456.000 940
4457.000 940
4458.000 902
4459.000 940
4460.000 976
4461.000 1016
4462.000 2050
4463.000 1848
4464.000 2056
4465.000 2738
4466.000 2714
4467.000 2424
4468.000 2108
4469.000 1130
4470.000 1946
4471.000 2950
4472.000 2546
4473.000 2904
4474.000 1884
4475.000 1786
4476.000 1786
4477.000 1108
4478.000 940
4479.000 902
4480.000 1854
4481.000 1550
4482.000 902
4483.000 1032
4484.000 2432
4485.000 2188
4486.000 2632
4487.000 1856
4488.000 1244
4489.000 910
4490.000 1574
4491.000 2320
4492.000 2830
4493.000 1930
4494.000 1620
4495.000 2662
4496.000 1784
4497.000 1074
4498.000 1128
4499.000 910
4500.000 902
4501.000 1930
4502.000 864
4503.000 902
4504.000 940
4505.000 940
4506.000 902
4507.000 902
4508.000 902
4509.000 1276
4510.000 2894
4511.000 1558
4512.000 864
4513.000 977
4514.000 1984
4515.000 2508
4516.000 1496
4517.000 1260
4518.000 1648
4519.000 1542
4520.000 1924
4521.000 1970
4522.000 1382
4523.000 1162
4524.000 2064
4525.000 2640
4526.000 4913
4527.000 1710
4528.000 1807
4529.000 4007
4530.000 2204
4531.000 1260
4532.000 2806
4533.000 2508
4534.000 2690
4535.000 1626
4536.000 1870
4537.000 1958
4538.000 2545
4539.000 1800
4540.000 3092
4541.000 3105
4542.000 2714
4543.000 2180
4544.000 1056
4545.000 902
4546.000 1122
4547.000 1726
4548.000 2746
4549.000 2554
4550.000 2670
4551.000 3070
4552.000 2296
4553.000 1952
4554.000 2206
4555.000 2342
4556.000 2350
4557.000 1734
4558.000 3219
4559.000 2418
4560.000 2190
4561.000 1436
4562.000 2068
4563.000 2516
4564.000 3158
4565.000 2194
4566.000 1382
4567.000 2738
4568.000 1544
4569.000 2010
4570.000 1688
4571.000 1580
4572.000 2146
4573.000 2074
4574.000 1458
4575.000 1612
4576.000 2020
4577.000 1566
4578.000 2098
4579.000 1230
4580.000 1344
4581.000 2098
4582.000 3064
4583.000 1602
4584.000 2966
4585.000 1770
4586.000 1146
4587.000 1846
4588.000 2270
4589.000 2172
4590.000 2662
4591.000 1466
4592.000 2286
4593.000 2074
4594.000 1458
4595.000 1268
4596.000 1130
4597.000 1062
4598.000 2278
4599.000 1132
4600.000 2180
4601.000 1504
4602.000 1762
4603.000 2120
4604.000 1770
4605.000 2744
4606.000 1572
4607.000 1564
4608.000 1991
4609.000 1558
4610.000 2020
4611.000 1940
4612.000 1740
4613.000 2098
4614.000 2248
4615.000 1604
4616.000 1222
4617.000 2104
4618.000 1032
4619.000 1490
4620.000 1460
4621.000 1314
4622.000 2182
4623.000 1588
4624.000 1612
4625.000 1900
4626.000 3430
4627.000 1878
4628.000 2382
4629.000 1290
4630.000 1832
4631.000 2010
4632.000 1740
4633.000 2538
4634.000 1520
4635.000 2404
4636.000 2128
4637.000 1916
4638.000 1830
4639.000 1100
4640.000 1512
4641.000 1054
4642.000 902
4643.000 872
4644.000 940
4645.000 976
4646.000 902
4647.000 1010
4648.000 864
4649.000 942
4650.000 1100
4651.000 902
4652.000 977
4653.000 902
4654.000 902
4655.000 902
4656.000 902
4657.000 940
4658.000 942
4659.000 940
4660.000 902
4661.000 864
4662.000 948
4663.000 977
4664.000 940
4665.000 902
4666.000 940
4667.000 940
4668.000 940
4669.000 900
4670.000 902
4671.000 1138
4672.000 902
4673.000 977
4674.000 977
4675.000 758
4676.000 948
4677.000 1244
4678.000 2173
4679.000 910
4680.000 940
4681.000 977
4682.000 902
4683.000 977
4684.000 977
4685.000 940
4686.000 940
4687.000 1016
4688.000 902
4689.000 940
4690.000 940
4691.000 918
4692.000 864
4693.000 948
4694.000 948
4695.000 902
4696.000 918
4697.000 864
4698.000 902
4699.000 910
4700.000 902
4701.000 902
4702.000 985
4703.000 902
4704.000 940
4705.000 902
4706.000 940
4707.000 940
4708.000 940
4709.000 864
4710.000 1741
4711.000 1130
4712.000 940
4713.000 902
4714.000 940
4715.000 840
4716.000 1030
4717.000 940
4718.000 977
4719.000 864
4720.000 977
4721.000 940
4722.000 902
4723.000 940
4724.000 902
4725.000 977
4726.000 902
4727.000 940
4728.000 912
4729.000 940
4730.000 902
4731.000 902
4732.000 940
4733.000 940
4734.000 902
4735.000 985
4736.000 902
4737.000 902
4738.000 948
4739.000 910
4740.000 902
4741.000 940
4742.000 902
4743.000 940
4744.000 977
4745.000 872
4746.000 1783
4747.000 940
4748.000 910
4749.000 940
4750.000 1859
4751.000 872
4752.000 902
4753.000 977
4754.000 1084
4755.000 940
4756.000 1138
4757.000 888
4758.000 902
4759.000 940
4760.000 902
4761.000 880
4762.000 977
4763.000 940
4764.000 948
4765.000 948
4766.000 902
4767.000 940
4768.000 977
4769.000 902
4770.000 940
4771.000 977
4772.000 902
4773.000 902
4774.000 1008
4775.000 902
4776.000 940
4777.000 976
4778.000 864
4779.000 977
4780.000 977
4781.000 902
4782.000 788
4783.000 912
4784.000 1013
4785.000 948
4786.000 902
4787.000 1016
4788.000 864
4789.000 940
4790.000 940
4791.000 902
4792.000 902
4793.000 940
4794.000 940
4795.000 940
4796.000 902
4797.000 910
4798.000 902
4799.000 948
4800.000 902
4801.000 902
4802.000 940
4803.000 1414
4804.000 902
4805.000 977
4806.000 902
4807.000 940
4808.000 977
4809.000 902
4810.000 926
4811.000 977
4812.000 902
4813.000 902
4814.000 977
4815.000 940
4816.000 1190
4817.000 910
4818.000 910
4819.000 902
4820.000 940
4821.000 977
4822.000 864
4823.000 948
4824.000 940
4825.000 902
4826.000 1476
4827.000 902
4828.000 910
4829.000 977
4830.000 977
4831.000 902
4832.000 977
4833.000 940
4834.000 902
4835.000 940
4836.000 940
4837.000 828
4838.000 985
4839.000 872
4840.000 902
4841.000 940
4842.000 977
4843.000 872
4844.000 910
4845.000 968
4846.000 948
4847.000 977
4848.000 902
4849.000 864
4850.000 948
4851.000 902
4852.000 902
4853.000 1724
4854.000 2456
4855.000 1382
4856.000 1249
4857.000 940
4858.000 940
4859.000 994
4860.000 940
4861.000 940
4862.000 977
4863.000 940
4864.000 940
4865.000 918
4866.000 864
4867.000 902
4868.000 948
4869.000 902
4870.000 940
4871.000 977
4872.000 940
4873.000 902
4874.000 1016
4875.000 902
4876.000 977
4877.000 940
4878.000 940
4879.000 902
4880.000 940
4881.000 910
4882.000 940
4883.000 940
4884.000 940
4885.000 977
4886.000 940
4887.000 864
4888.000 940
4889.000 940
4890.000 977
4891.000 864
4892.000 940
4893.000 910
4894.000 910
4895.000 902
4896.000 948
4897.000 940
4898.000 940
4899.000 940
4900.000 796
4901.000 940
4902.000 910
4903.000 940
4904.000 976
4905.000 902
4906.000 826
4907.000 1156
4908.000 910
4909.000 902
4910.000 902
4911.000 940
4912.000 977
4913.000 902
4914.000 940
4915.000 977
4916.000 940
4917.000 872
4918.000 940
4919.000 936
4920.000 940
4921.000 864
4922.000 902
4923.000 918
4924.000 910
4925.000 964
4926.000 980
4927.000 864
4928.000 940
4929.000 940
4930.000 864
4931.000 902
4932.000 977
4933.000 902
4934.000 940
4935.000 940
4936.000 977
4937.000 1046
4938.000 940
4939.000 902
4940.000 910
4941.000 977
4942.000 977
4943.000 864
4944.000 902
4945.000 940
4946.000 902
4947.000 902
4948.000 902
4949.000 902
4950.000 902
4951.000 940
4952.000 866
4953.000 864
4954.000 977
4955.000 940
4956.000 977
4957.000 940
4958.000 902
4959.000 902
4960.000 977
4961.000 902
4962.000 1008
4963.000 977
4964.000 932
4965.000 938
4966.000 940
4967.000 940
4968.000 940
4969.000 977
4970.000 902
4971.000 902
4972.000 940
4973.000 902
4974.000 902
4975.000 977
4976.000 902
4977.000 902
4978.000 977
4979.000 910
4980.000 902
4981.000 977
4982.000 864
4983.000 2500
4984.000 1688
4985.000 977
4986.000 864
4987.000 985
4988.000 1008
4989.000 902
4990.000 977
4991.000 872
4992.000 902
4993.000 948
4994.000 864
4995.000 910
4996.000 940
4997.000 940
4998.000 910
4999.000 940
5000.000 902
5001.000 934
5002.000 938
5003.000 796
5004.000 910
5005.000 902
5006.000 977
5007.000 902
5008.000 940
5009.000 940
5010.000 976
5011.000 902
5012.000 940
5013.000 902
5014.000 902
5015.000 977
5016.000 864
5017.000 902
5018.000 948
5019.000 902
5020.000 902
5021.000 1024
5022.000 902
5023.000 864
5024.000 977
5025.000 902
5026.000 910
5027.000 977
5028.000 872
5029.000 902
5030.000 940
5031.000 910
5032.000 902
5033.000 977
5034.000 968
5035.000 1082
5036.000 940
5037.000 864
5038.000 910
5039.000 948
5040.000 910
5041.000 940
5042.000 910
5043.000 956
5044.000 902
5045.000 1046
5046.000 948
5047.000 940
5048.000 902
5049.000 910
5050.000 940
5051.000 940
5052.000 1008
5053.000 834
5054.000 940
5055.000 902
5056.000 992
5057.000 940
5058.000 864
5059.000 977
5060.000 902
5061.000 902
5062.000 910
5063.000 902
5064.000 940
5065.000 896
5066.000 940
5067.000 940
5068.000 948
5069.000 902
5070.000 1008
5071.000 940
5072.000 872
5073.000 934
5074.000 940
5075.000 902
5076.000 902
5077.000 948
5078.000 940
5079.000 902
5080.000 977
5081.000 902
5082.000 902
5083.000 1016
5084.000 902
5085.000 902
5086.000 1013
5087.000 902
5088.000 940
5089.000 1084
5090.000 902
5091.000 902
5092.000 977
5093.000 1016
5094.000 864
5095.000 940
5096.000 844
5097.000 902
5098.000 940
5099.000 910
5100.000 948
5101.000 940
5102.000 866
5103.000 902
5104.000 977
5105.000 910
5106.000 910
5107.000 940
5108.000 864
5109.000 1008
5110.000 977
5111.000 940
5112.000 864
5113.000 948
5114.000 902
5115.000 902
5116.000 977
5117.000 902
5118.000 902
5119.000 977
5120.000 940
5121.000 864
5122.000 940
5123.000 938
5124.000 977
5125.000 872
5126.000 902
5127.000 902
5128.000 1016
5129.000 864
5130.000 902
5131.000 948
5132.000 902
5133.000 902
5134.000 940
5135.000 940
5136.000 902
5137.000 940
5138.000 940
5139.000 902
5140.000 977
5141.000 902
5142.000 864
5143.000 1122
5144.000 872
5145.000 940
5146.000 940
5147.000 902
5148.000 902
5149.000 940
5150.000 940
5151.000 940
5152.000 977
5153.000 976
5154.000 902
5155.000 940
5156.000 940
5157.000 902
5158.000 796
5159.000 1054
5160.000 902
5161.000 864
5162.000 940
5163.000 902
5164.000 910
5165.000 977
5166.000 864
5167.000 948
5168.000 910
5169.000 902
5170.000 977
5171.000 940
5172.000 946
5173.000 910
5174.000 902
5175.000 940
5176.000 940
5177.000 910
5178.000 940
5179.000 940
5180.000 902
5181.000 896
5182.000 902
5183.000 940
5184.000 902
5185.000 902
5186.000 902
5187.000 934
5188.000 926
5189.000 910
5190.000 940
5191.000 977
5192.000 940
5193.000 940
5194.000 940
5195.000 940
5196.000 902
5197.000 984
5198.000 977
5199.000 902
5200.000 902
5201.000 994
5202.000 902
5203.000 864
5204.000 940
5205.000 902
5206.000 940
5207.000 940
5208.000 902
5209.000 902
5210.000 940
5211.000 904
5212.000 976
5213.000 874
5214.000 940
5215.000 910
5216.000 910
5217.000 902
5218.000 977
5219.000 1024
5220.000 902
5221.000 902
5222.000 940
5223.000 902
5224.000 934
5225.000 908
5226.000 902
5227.000 902
5228.000 1104
5229.000 940
5230.000 864
5231.000 940
5232.000 940
5233.000 940
5234.000 940
5235.000 902
5236.000 902
5237.000 940
5238.000 902
5239.000 864
5240.000 977
5241.000 940
5242.000 902
5243.000 940
5244.000 902
5245.000 948
5246.000 940
5247.000 940
5248.000 826
5249.000 1034
5250.000 902
5251.000 938
5252.000 977
5253.000 902
5254.000 985
5255.000 940
5256.000 902
5257.000 902
5258.000 948
5259.000 902
5260.000 902
5261.000 977
5262.000 940
5263.000 902
5264.000 902
5265.000 940
5266.000 948
5267.000 902
5268.000 985
5269.000 874
5270.000 796
5271.000 940
5272.000 940
5273.000 864
5274.000 940
5275.000 902
5276.000 948
5277.000 940
5278.000 940
5279.000 910
5280.000 1046
5281.000 940
5282.000 864
5283.000 948
5284.000 940
5285.000 977
5286.000 910
5287.000 902
5288.000 940
5289.000 977
5290.000 864
5291.000 940
5292.000 948
5293.000 910
5294.000 940
5295.000 940
5296.000 940
5297.000 902
5298.000 977
5299.000 864
5300.000 910
5301.000 940
5302.000 977
5303.000 864
5304.000 977
5305.000 977
5306.000 902
5307.000 948
5308.000 864
5309.000 938
5310.000 940
5311.000 970
5312.000 977
5313.000 872
5314.000 940
5315.000 918
5316.000 918
5317.000 872
5318.000 902
5319.000 1046
5320.000 902
5321.000 902
5322.000 884
5323.000 938
5324.000 902
5325.000 902
5326.000 940
5327.000 902
5328.000 977
5329.000 828
5330.000 985
5331.000 940
5332.000 902
5333.000 902
5334.000 902
5335.000 902
5336.000 940
5337.000 940
5338.000 1008
5339.000 985
5340.000 1016
5341.000 864
5342.000 902
5343.000 1314
5344.000 2592
5345.000 1960
5346.000 2214
5347.000 1748
5348.000 1830
5349.000 2510
5350.000 2792
5351.000 2526
5352.000 1146
5353.000 902
5354.000 910
5355.000 940
5356.000 940
5357.000 1146
5358.000 2098
5359.000 2608
5360.000 1618
5361.000 977
5362.000 1230
5363.000 910
5364.000 1580
5365.000 2320
5366.000 1328
5367.000 940
5368.000 1428
5369.000 2524
5370.000 2272
5371.000 2182
5372.000 1718
5373.000 1694
5374.000 1572
5375.000 902
5376.000 2196
5377.000 1716
5378.000 1834
5379.000 1770
5380.000 1480
5381.000 1168
5382.000 2100
5383.000 2052
5384.000 1854
5385.000 1854
5386.000 2702
5387.000 3008
5388.000 2280
5389.000 2694
5390.000 1780
5391.000 1876
5392.000 2306
5393.000 2542
5394.000 2074
5395.000 2868
5396.000 1740
5397.000 2020
5398.000 2904
5399.000 2090
5400.000 2204
5401.000 2572
5402.000 2198
5403.000 2676
5404.000 1398
5405.000 2260
5406.000 3032
5407.000 2720
5408.000 2380
5409.000 2662
5410.000 2076
5411.000 1740
5412.000 2808
5413.000 2470
5414.000 2456
5415.000 1666
5416.000 2538
5417.000 2814
5418.000 1968
5419.000 2582
5420.000 2538
5421.000 2594
5422.000 1970
5423.000 2738
5424.000 2364
5425.000 2800
5426.000 2220
5427.000 2508
5428.000 2752
5429.000 1856
5430.000 1804
5431.000 2340
5432.000 2616
5433.000 1748
5434.000 2090
5435.000 2574
5436.000 2404
5437.000 2512
5438.000 2274
5439.000 2796
5440.000 1718
5441.000 1790
5442.000 2098
5443.000 2640
5444.000 2350
5445.000 2484
5446.000 1990
5447.000 1818
5448.000 1778
5449.000 2938
5450.000 1998
5451.000 2360
5452.000 1528
5453.000 2428
5454.000 2612
5455.000 1946
5456.000 2940
5457.000 1596
5458.000 1420
5459.000 2130
5460.000 1986
5461.000 2114
5462.000 1886
5463.000 2600
5464.000 2150
5465.000 2312
5466.000 1988
5467.000 2556
5468.000 2526
5469.000 2348
5470.000 2584
5471.000 2650
5472.000 1968
5473.000 2646
5474.000 2640
5475.000 2952
5476.000 2220
5477.000 2043
5478.000 2858
5479.000 2584
5480.000 1634
5481.000 2574
5482.000 2716
5483.000 3100
5484.000 1854
5485.000 3238
5486.000 2890
5487.000 2478
5488.000 2342
5489.000 2822
5490.000 2534
5491.000 2252
5492.000 2440
5493.000 3002
5494.000 1352
5495.000 2180
5496.000 1534
5497.000 1930
5498.000 2654
5499.000 2644
5500.000 3200
5501.000 3058
5502.000 1650
5503.000 2600
5504.000 2656
5505.000 1952
5506.000 2478
5507.000 2360
5508.000 1952
5509.000 2640
5510.000 2760
5511.000 2706
5512.000 2062
5513.000 2432
5514.000 2584
5515.000 2660
5516.000 2000
5517.000 910
5518.000 2218
5519.000 1892
5520.000 2286
5521.000 2060
5522.000 910
5523.000 2242
5524.000 1352
5525.000 1648
5526.000 1930
5527.000 1092
5528.000 2460
5529.000 2022
5530.000 2106
5531.000 1952
5532.000 1898
5533.000 2068
5534.000 2260
5535.000 2364
5536.000 2830
5537.000 3136
5538.000 2112
5539.000 1740
5540.000 1786
5541.000 1642
5542.000 2340
5543.000 1981
5544.000 2656
5545.000 2492
5546.000 1938
5547.000 2220
5548.000 2578
5549.000 2698
5550.000 1602
5551.000 1588
5552.000 1954
5553.000 2288
5554.000 1862
5555.000 2318
5556.000 2158
5557.000 2092
5558.000 2630
5559.000 2052
5560.000 1756
5561.000 1770
5562.000 1442
5563.000 1734
5564.000 2238
5565.000 994
5566.000 1100
5567.000 1154
5568.000 1494
5569.000 1932
5570.000 1168
5571.000 1876
5572.000 2204
5573.000 1542
5574.000 1146
5575.000 1222
5576.000 1032
5577.000 977
5578.000 902
5579.000 910
5580.000 940
5581.000 910
5582.000 902
5583.000 940
5584.000 1116
5585.000 940
5586.000 977
5587.000 962
5588.000 940
5589.000 902
5590.000 902
5591.000 940
5592.000 977
5593.000 902
5594.000 910
5595.000 910
5596.000 940
5597.000 864
5598.000 940
5599.000 902
5600.000 902
5601.000 940
5602.000 977
5603.000 902
5604.000 977
5605.000 940
5606.000 864
5607.000 1052
5608.000 2070
5609.000 2456
5610.000 1012
5611.000 1680
5612.000 1580
5613.000 2168
5614.000 1998
5615.000 1358
5616.000 1924
5617.000 2378
5618.000 2668
5619.000 1962
5620.000 1640
5621.000 2234
5622.000 1108
5623.000 940
5624.000 2448
5625.000 2788
5626.000 1834
5627.000 2564
5628.000 2152
5629.000 2966
5630.000 2554
5631.000 2250
5632.000 2226
5633.000 2782
5634.000 1504
5635.000 1802
5636.000 2730
5637.000 2182
5638.000 2418
5639.000 2230
5640.000 2272
5641.000 2836
5642.000 2264
5643.000 1176
5644.000 1776
5645.000 1840
5646.000 1954
5647.000 2248
5648.000 1724
5649.000 1488
5650.000 1130
5651.000 964
5652.000 902
5653.000 977
5654.000 864
5655.000 2068
5656.000 1504
5657.000 902
5658.000 864
5659.000 1206
5660.000 2114
5661.000 1398
5662.000 2214
5663.000 2000
5664.000 2282
5665.000 1892
5666.000 2122
5667.000 2510
5668.000 2408
5669.000 1230
5670.000 1328
5671.000 1908
5672.000 1656
5673.000 2198
5674.000 1192
5675.000 1944
5676.000 1670
5677.000 1824
5678.000 2820
5679.000 1892
5680.000 1496
5681.000 2788
5682.000 1854
5683.000 2610
5684.000 2456
5685.000 1832
5686.000 2332
5687.000 2876
5688.000 2548
5689.000 1878
5690.000 2476
5691.000 2288
5692.000 2514
5693.000 1944
5694.000 2622
5695.000 1694
5696.000 2958
5697.000 2928
5698.000 2248
5699.000 1520
5700.000 1976
5701.000 1786
5702.000 1360
5703.000 1778
5704.000 1328
5705.000 1108
5706.000 1732
5707.000 1146
5708.000 2043
5709.000 2974
5710.000 2166
5711.000 2462
5712.000 1908
5713.000 2994
5714.000 2312
5715.000 2654
5716.000 1016
5717.000 940
5718.000 902
5719.000 2790
5720.000 1512
5721.000 940
5722.000 902
5723.000 940
5724.000 902
5725.000 1032
5726.000 1946
5727.000 2342
5728.000 1542
5729.000 2022
5730.000 2372
5731.000 1900
5732.000 2612
5733.000 2000
5734.000 1382
5735.000 1984
5736.000 902
5737.000 2188
5738.000 2702
5739.000 2592
5740.000 2046
5741.000 1954
5742.000 2630
5743.000 1664
5744.000 1854
5745.000 1314
5746.000 1670
5747.000 1664
5748.000 2646
5749.000 2150
5750.000 1046
5751.000 1016
5752.000 902
5753.000 902
5754.000 948
5755.000 1732
5756.000 2144
5757.000 2288
5758.000 1214
5759.000 1824
5760.000 2388
5761.000 3010
5762.000 2266
5763.000 2342
5764.000 2266
5765.000 2212
5766.000 2012
5767.000 2792
5768.000 1756
5769.000 2400
5770.000 2920
5771.000 3170
5772.000 2898
5773.000 1762
5774.000 1678
5775.000 2108
5776.000 2898
5777.000 2288
5778.000 2084
5779.000 1770
5780.000 2646
5781.000 1176
5782.000 1784
5783.000 2134
5784.000 2614
5785.000 1656
5786.000 2548
5787.000 2280
5788.000 2258
5789.000 2418
5790.000 2524
5791.000 2968
5792.000 2100
5793.000 3002
5794.000 1968
5795.000 2212
5796.000 2806
5797.000 1890
5798.000 1308
5799.000 2234
5800.000 2182
5801.000 2504
5802.000 2280
5803.000 1398
5804.000 2594
5805.000 2828
5806.000 2196
5807.000 1488
5808.000 2120
5809.000 2366
5810.000 1908
5811.000 2584
5812.000 2604
5813.000 2082
5814.000 2068
5815.000 2043
5816.000 1406
5817.000 1184
5818.000 1360
5819.000 1870
5820.000 1124
5821.000 2896
5822.000 2274
5823.000 2196
5824.000 2348
5825.000 2450
5826.000 1998
5827.000 1488
5828.000 2110
5829.000 1991
5830.000 2474
5831.000 2980
5832.000 2884
5833.000 1886
5834.000 1868
5835.000 1894
5836.000 1642
5837.000 2584
5838.000 3034
5839.000 2638
5840.000 1238
5841.000 1496
5842.000 1838
5843.000 2562
5844.000 2500
5845.000 1626
5846.000 2792
5847.000 2640
5848.000 2144
5849.000 2682
5850.000 1976
5851.000 1694
5852.000 2250
5853.000 2180
5854.000 2402
5855.000 1852
5856.000 948
5857.000 2037
5858.000 2264
5859.000 2394
5860.000 1976
5861.000 2912
5862.000 2524
5863.000 1580
5864.000 1886
5865.000 2226
5866.000 2098
5867.000 1580
5868.000 2256
5869.000 1252
5870.000 1816
5871.000 2372
5872.000 1618
5873.000 1908
5874.000 1868
5875.000 2190
5876.000 2868
5877.000 1558
5878.000 1564
5879.000 2434
5880.000 1774
5881.000 1981
5882.000 1838
5883.000 2334
5884.000 1536
5885.000 2484
5886.000 2472
5887.000 2434
5888.000 2402
5889.000 1778
5890.000 1878
5891.000 2462
5892.000 2176
5893.000 1138
5894.000 902
5895.000 1480
5896.000 2456
5897.000 2188
5898.000 1770
5899.000 1838
5900.000 1184
5901.000 1404
5902.000 2074
5903.000 1568
5904.000 1872
5905.000 2608
5906.000 1542
5907.000 2684
5908.000 1634
5909.000 1382
5910.000 2418
5911.000 2602
5912.000 1276
5913.000 2956
5914.000 2310
5915.000 1770
5916.000 2264
5917.000 1862
5918.000 1204
5919.000 1634
5920.000 2798
5921.000 2448
5922.000 1984
5923.000 1480
5924.000 2268
5925.000 2478
5926.000 2442
5927.000 2770
5928.000 2160
5929.000 1991
5930.000 2356
5931.000 2030
5932.000 2724
5933.000 2280
5934.000 1900
5935.000 1770
5936.000 2592
5937.000 2926
5938.000 2074
5939.000 2776
5940.000 2060
5941.000 2022
5942.000 1990
5943.000 1428
5944.000 2142
5945.000 2194
5946.000 2724
5947.000 2198
5948.000 2242
5949.000 2348
5950.000 3034
5951.000 2014
5952.000 2226
5953.000 1930
5954.000 2052
5955.000 2036
5956.000 2210
5957.000 2350
5958.000 1344
5959.000 2470
5960.000 2554
5961.000 1618
5962.000 1710
5963.000 2074
5964.000 1724
5965.000 2318
5966.000 1974
5967.000 2510
5968.000 1086
5969.000 2036
5970.000 2896
5971.000 1952
5972.000 2508
5973.000 1718
5974.000 2704
5975.000 2030
5976.000 2560
5977.000 2244
5978.000 1458
5979.000 1838
5980.000 3030
5981.000 2684
5982.000 2176
5983.000 1640
5984.000 1176
5985.000 940
5986.000 1572
5987.000 1254
5988.000 1648
5989.000 1440
5990.000 910
5991.000 2000
5992.000 2158
5993.000 2007
5994.000 1772
5995.000 2334
5996.000 2616
5997.000 2836
5998.000 2374
5999.000 2084
6000.000 2128
6001.000 2288
6002.000 2368
6003.000 1420
6004.000 1892
6005.000 2364
6006.000 2888
6007.000 2282
6008.000 1786
6009.000 2196
6010.000 3010
6011.000 2746
6012.000 3012
6013.000 2618
6014.000 2084
6015.000 2142
6016.000 2570
6017.000 2176
6018.000 1670
6019.000 2070
6020.000 2530
6021.000 2762
6022.000 1610
6023.000 2502
6024.000 1230
6025.000 2780
6026.000 2646
6027.000 3058
6028.000 1336
6029.000 2074
6030.000 866
6031.000 2118
6032.000 1770
6033.000 2306
6034.000 2656
6035.000 2640
6036.000 1954
6037.000 3256
6038.000 2142
6039.000 2174
6040.000 2522
6041.000 2648
6042.000 1986
6043.000 1588
6044.000 1778
6045.000 1480
6046.000 1016
6047.000 1800
6048.000 2396
6049.000 1808
6050.000 3216
6051.000 2906
6052.000 2998
6053.000 2058
6054.000 1536
6055.000 1238
6056.000 1512
6057.000 2722
6058.000 1656
6059.000 2616
6060.000 1700
6061.000 2212
6062.000 1422
6063.000 1618
6064.000 2842
6065.000 1634
6066.000 2822
6067.000 1268
6068.000 1390
6069.000 1512
6070.000 948
6071.000 1040
6072.000 1938
6073.000 2400
6074.000 2027
6075.000 1374
6076.000 1556
6077.000 2752
6078.000 2608
6079.000 2356
6080.000 1216
6081.000 1404
6082.000 1214
6083.000 1078
6084.000 3030
6085.000 2510
6086.000 2546
6087.000 2220
6088.000 2944
6089.000 1786
6090.000 2027
6091.000 1420
6092.000 2514
6093.000 2130
6094.000 2570
6095.000 2386
6096.000 2276
6097.000 1834
6098.000 1870
6099.000 1832
6100.000 1916
6101.000 1130
6102.000 1328
6103.000 1876
6104.000 1420
6105.000 1108
6106.000 918
6107.000 1260
6108.000 1124
6109.000 902
6110.000 977
6111.000 910
6112.000 2410
6113.000 1868
6114.000 2342
6115.000 1938
6116.000 1214
6117.000 1252
6118.000 977
6119.000 880
6120.000 1054
6121.000 1092
6122.000 940
6123.000 1100
6124.000 1528
6125.000 1466
6126.000 1634
6127.000 1108
6128.000 1358
6129.000 1404
6130.000 1100
6131.000 2120
6132.000 2844
6133.000 2182
6134.000 2806
6135.000 2226
6136.000 1740
6137.000 2342
6138.000 2854
6139.000 1650
6140.000 910
6141.000 940
6142.000 977
6143.000 910
6144.000 1444
6145.000 2410
6146.000 1214
6147.000 1108
6148.000 1788
6149.000 1534
6150.000 918
6151.000 940
6152.000 940
6153.000 864
6154.000 902
6155.000 950
6156.000 864
6157.000 902
6158.000 940
6159.000 940
6160.000 940
6161.000 940
6162.000 866
6163.000 910
6164.000 940
6165.000 940
6166.000 940
6167.000 940
6168.000 977
6169.000 902
6170.000 902
6171.000 910
6172.000 910
6173.000 977
6174.000 872
6175.000 864
6176.000 1062
6177.000 902
6178.000 938
6179.000 956
6180.000 910
6181.000 902
6182.000 1016
6183.000 1922
6184.000 1534
6185.000 1250
6186.000 1016
6187.000 1808
6188.000 1634
6189.000 1282
6190.000 1162
6191.000 1404
6192.000 1412
6193.000 1382
6194.000 1458
6195.000 910
6196.000 985
6197.000 985
6198.000 902
6199.000 902
6200.000 977
6201.000 902
6202.000 1008
6203.000 977
6204.000 1032
6205.000 940
6206.000 940
6207.000 902
6208.000 940
6209.000 1008
6210.000 902
6211.000 910
6212.000 977
6213.000 864
6214.000 940
6215.000 948
6216.000 902
6217.000 864
6218.000 940
6219.000 902
6220.000 977
6221.000 758
6222.000 1572
6223.000 902
6224.000 902
6225.000 910
6226.000 902
6227.000 902
6228.000 940
6229.000 872
6230.000 940
6231.000 910
6232.000 940
6233.000 902
6234.000 940
6235.000 940
6236.000 902
6237.000 948
6238.000 940
6239.000 940
6240.000 1138
6241.000 1786
6242.000 2302
6243.000 2312
6244.000 2988
6245.000 1314
6246.000 1558
6247.000 2248
6248.000 2328
6249.000 1732
6250.000 1902
6251.000 1542
6252.000 1558
6253.000 2130
6254.000 2212
6255.000 2014
6256.000 3092
6257.000 2308
6258.000 2012
6259.000 1100
6260.000 1032
6261.000 2076
6262.000 1610
6263.000 1916
6264.000 1824
6265.000 1718
6266.000 2202
6267.000 1328
6268.000 2572
6269.000 1996
6270.000 1708
6271.000 1230
6272.000 1398
6273.000 1054
6274.000 1990
6275.000 1054
6276.000 1786
6277.000 1670
6278.000 1206
6279.000 2040
6280.000 2448
6281.000 1360
6282.000 1100
6283.000 1016
6284.000 1078
6285.000 1932
6286.000 1716
6287.000 1778
6288.000 2066
6289.000 2182
6290.000 2190
6291.000 977
6292.000 1656
6293.000 1282
6294.000 1708
6295.000 2516
6296.000 1756
6297.000 3218
6298.000 2954
6299.000 3246
6300.000 2160
6301.000 1550
6302.000 2424
6303.000 2412
6304.000 1092
6305.000 2394
6306.000 1892
6307.000 1986
6308.000 1458
6309.000 1762
6310.000 1528
6311.000 1740
6312.000 1108
6313.000 2264
6314.000 1702
6315.000 1206
6316.000 1390
6317.000 1734
6318.000 1344
6319.000 1946
6320.000 1976
6321.000 2570
6322.000 1978
6323.000 2124
6324.000 1686
6325.000 1032
6326.000 1398
6327.000 2027
6328.000 1404
6329.000 1884
6330.000 2220
6331.000 2043
6332.000 1954
6333.000 2340
6334.000 2508
6335.000 1756
6336.000 2686
6337.000 2960
6338.000 2888
6339.000 2690
6340.000 2510
6341.000 2578
6342.000 2374
6343.000 2036
6344.000 1344
6345.000 1991
6346.000 1032
6347.000 1458
6348.000 1602
6349.000 3278
6350.000 2494
6351.000 2510
6352.000 3088
6353.000 2850
6354.000 2228
6355.000 2740
6356.000 2036
6357.000 2046
6358.000 2830
6359.000 2366
6360.000 2716
6361.000 3156
6362.000 1884
6363.000 1954
6364.000 2043
6365.000 2114
6366.000 1954
6367.000 2456
6368.000 2280
6369.000 2158
6370.000 2494
6371.000 1406
6372.000 1206
6373.000 2292
6374.000 2532
6375.000 1810
6376.000 1610
6377.000 2590
6378.000 1908
6379.000 2210
6380.000 1900
6381.000 2602
6382.000 2616
6383.000 2386
6384.000 2944
6385.000 2480
6386.000 3398
6387.000 2568
6388.000 2130
6389.000 2043
6390.000 2826
6391.000 2158
6392.000 2026
6393.000 2456
6394.000 1648
6395.000 2037
6396.000 2220
6397.000 2134
6398.000 1808
6399.000 2608
6400.000 3126
6401.000 2608
6402.000 2516
6403.000 3362
6404.000 3076
6405.000 3134
6406.000 2366
6407.000 2136
6408.000 1852
6409.000 1504
6410.000 940
6411.000 2150
6412.000 3096
6413.000 2506
6414.000 2136
6415.000 2656
6416.000 2988
6417.000 2518
6418.000 2266
6419.000 2626
6420.000 2748
6421.000 2888
6422.000 2250
6423.000 2862
6424.000 3020
6425.000 2740
6426.000 3026
6427.000 2924
6428.000 2214
6429.000 3034
6430.000 2914
6431.000 2152
6432.000 2000
6433.000 2334
6434.000 2190
6435.000 1788
6436.000 1860
6437.000 1902
6438.000 1054
6439.000 1586
6440.000 1458
6441.000 2336
6442.000 1490
6443.000 1626
6444.000 2260
6445.000 1468
6446.000 2782
6447.000 1536
6448.000 2906
6449.000 2092
6450.000 2108
6451.000 2684
6452.000 1504
6453.000 1124
6454.000 1764
6455.000 2096
6456.000 2054
6457.000 2424
6458.000 3052
6459.000 2364
6460.000 2896
6461.000 2836
6462.000 1564
6463.000 2508
6464.000 1902
6465.000 2486
6466.000 1648
6467.000 1366
6468.000 1302
6469.000 1566
6470.000 2060
6471.000 2014
6472.000 2100
6473.000 1138
6474.000 1040
6475.000 1724
6476.000 1184
6477.000 1016
6478.000 1146
6479.000 1656
6480.000 956
6481.000 1450
6482.000 3262
6483.000 2494
6484.000 1740
6485.000 1526
6486.000 2734
6487.000 2022
6488.000 1878
6489.000 2478
6490.000 1762
6491.000 1740
6492.000 2836
6493.000 2090
6494.000 1688
6495.000 2964
6496.000 2570
6497.000 2528
6498.000 2882
6499.000 1960
6500.000 1542
6501.000 2106
6502.000 2784
6503.000 1930
6504.000 1840
6505.000 2312
6506.000 2814
6507.000 2556
6508.000 2088
6509.000 2856
6510.000 2112
6511.000 2738
6512.000 2524
6513.000 2088
6514.000 1838
6515.000 2334
6516.000 2290
6517.000 2752
6518.000 2656
6519.000 2168
6520.000 2066
6521.000 2918
6522.000 3126
6523.000 2624
6524.000 2732
6525.000 2462
6526.000 2692
6527.000 2860
6528.000 2250
6529.000 2274
6530.000 1946
6531.000 3166
6532.000 2568
6533.000 2090
6534.000 2578
6535.000 2602
6536.000 2600
6537.000 1870
6538.000 1550
6539.000 1860
6540.000 1816
6541.000 2418
6542.000 3384
6543.000 2502
6544.000 2462
6545.000 3068
6546.000 2440
6547.000 2568
6548.000 2648
6549.000 2450
6550.000 1648
6551.000 2994
6552.000 1824
6553.000 2744
6554.000 2280
6555.000 2106
6556.000 2490
6557.000 2304
6558.000 1924
6559.000 2638
6560.000 1696
6561.000 2076
6562.000 2242
6563.000 2768
6564.000 2442
6565.000 2886
6566.000 1778
6567.000 1856
6568.000 1518
6569.000 1518
6570.000 2444
6571.000 1726
6572.000 1800
6573.000 1702
6574.000 1602
6575.000 1984
6576.000 2978
6577.000 2128
6578.000 2548
6579.000 2052
6580.000 2234
6581.000 2274
6582.000 1940
6583.000 2570
6584.000 2456
6585.000 3074
6586.000 3036
6587.000 2896
6588.000 2730
6589.000 2854
6590.000 3152
6591.000 2598
6592.000 2546
6593.000 2412
6594.000 3056
6595.000 2752
6596.000 3112
6597.000 3492
6598.000 2532
6599.000 2456
6600.000 2158
6601.000 1786
6602.000 1870
6603.000 2278
6604.000 2398
6605.000 1268
6606.000 2188
6607.000 1708
6608.000 1954
6609.000 2082
6610.000 1900
6611.000 1648
6612.000 1746
6613.000 1824
6614.000 2348
6615.000 1954
6616.000 2796
6617.000 2462
6618.000 2770
6619.000 3012
6620.000 2418
6621.000 2410
6622.000 1032
6623.000 1596
6624.000 2412
6625.000 2454
6626.000 1672
6627.000 1924
6628.000 1936
6629.000 940
6630.000 1168
6631.000 1998
6632.000 2804
6633.000 2236
6634.000 2592
6635.000 2678
6636.000 1808
6637.000 2742
6638.000 3118
6639.000 2326
6640.000 1746
6641.000 1496
6642.000 1756
6643.000 1100
6644.000 1838
6645.000 1594
6646.000 1398
6647.000 1474
6648.000 1168
6649.000 1132
6650.000 1268
6651.000 2043
6652.000 1268
6653.000 2164
6654.000 1388
6655.000 1648
6656.000 1420
6657.000 1276
6658.000 1130
6659.000 1238
6660.000 1200
6661.000 1824
6662.000 1336
6663.000 1124
6664.000 1198
6665.000 1282
6666.000 1184
6667.000 1108
6668.000 1162
6669.000 1100
6670.000 1252
6671.000 1900
6672.000 1040
6673.000 1738
6674.000 1032
6675.000 2036
6676.000 1070
6677.000 1314
6678.000 1062
6679.000 1222
6680.000 1580
6681.000 1068
6682.000 1062
6683.000 1186
6684.000 1672
6685.000 2456
6686.000 2450
6687.000 2722
6688.000 2844
6689.000 2206
6690.000 1398
6691.000 902
6692.000 1108
6693.000 2720
6694.000 2242
6695.000 1108
6696.000 1998
6697.000 2220
6698.000 1360
6699.000 1862
6700.000 1944
6701.000 1746
6702.000 1108
6703.000 1420
6704.000 977
6705.000 1396
6706.000 1154
6707.000 1976
6708.000 1830
6709.000 940
6710.000 918
6711.000 1420
6712.000 868
6713.000 1176
6714.000 2736
6715.000 2928
6716.000 2622
6717.000 1800
6718.000 1908
6719.000 2182
6720.000 1656
6721.000 1390
6722.000 1338
6723.000 1998
6724.000 1534
6725.000 1268
6726.000 2242
6727.000 1548
6728.000 1740
6729.000 1564
6730.000 2142
6731.000 1024
6732.000 1458
6733.000 2096
6734.000 2428
6735.000 1054
6736.000 1580
6737.000 1572
6738.000 1692
6739.000 1024
6740.000 948
6741.000 940
6742.000 980
6743.000 902
6744.000 1092
6745.000 1428
6746.000 864
6747.000 910
6748.000 956
6749.000 902
6750.000 902
6751.000 977
6752.000 902
6753.000 1138
6754.000 1260
6755.000 1078
6756.000 2480
6757.000 2518
6758.000 1542
6759.000 2076
6760.000 940
6761.000 940
6762.000 1306
6763.000 2128
6764.000 3414
6765.000 2738
6766.000 1268
6767.000 1648
6768.000 956
6769.000 977
6770.000 940
6771.000 948
6772.000 977
6773.000 985
6774.000 1062
6775.000 1314
6776.000 872
6777.000 902
6778.000 902
6779.000 940
6780.000 910
6781.000 948
6782.000 940
6783.000 932
6784.000 828
6785.000 948
6786.000 902
6787.000 977
6788.000 902
6789.000 977
6790.000 940
6791.000 902
6792.000 1016
6793.000 902
6794.000 902
6795.000 940
6796.000 940
6797.000 910
6798.000 1016
6799.000 864
6800.000 940
6801.000 948
6802.000 938
6803.000 940
6804.000 948
6805.000 940
6806.000 1092
6807.000 1428
6808.000 2586
6809.000 1146
6810.000 1260
6811.000 1054
6812.000 1070
6813.000 940
6814.000 1092
6815.000 940
6816.000 940
6817.000 902
6818.000 902
6819.000 977
6820.000 977
6821.000 904
6822.000 1016
6823.000 977
6824.000 940
6825.000 1024
6826.000 976
6827.000 1130
6828.000 1116
6829.000 977
6830.000 940
6831.000 1268
6832.000 2356
6833.000 1656
6834.000 972
6835.000 902
6836.000 902
6837.000 985
6838.000 902
6839.000 902
6840.000 880
6841.000 940
6842.000 902
6843.000 1618
6844.000 1230
6845.000 948
6846.000 1092
6847.000 940
6848.000 940
6849.000 940
6850.000 940
6851.000 918
6852.000 1566
6853.000 2370
6854.000 910
6855.000 910
6856.000 977
6857.000 864
6858.000 910
6859.000 1320
6860.000 1680
6861.000 2092
6862.000 902
6863.000 1726
6864.000 902
6865.000 977
6866.000 3062
6867.000 1184
6868.000 948
6869.000 977
6870.000 1116
6871.000 1594
6872.000 1328
6873.000 1168
6874.000 985
6875.000 910
6876.000 1290
6877.000 2754
6878.000 2108
6879.000 902
6880.000 1844
6881.000 1070
6882.000 1138
6883.000 1046
6884.000 890
6885.000 952
6886.000 902
6887.000 948
6888.000 864
6889.000 948
6890.000 910
6891.000 1024
6892.000 902
6893.000 940
6894.000 940
6895.000 948
6896.000 902
6897.000 902
6898.000 940
6899.000 940
6900.000 994
6901.000 940
6902.000 910
6903.000 940
6904.000 910
6905.000 977
6906.000 940
6907.000 902
6908.000 900
6909.000 985
6910.000 940
6911.000 970
6912.000 1124
6913.000 902
6914.000 940
6915.000 2584
6916.000 2866
6917.000 1838
6918.000 1382
6919.000 2822
6920.000 2676
6921.000 3048
6922.000 2088
6923.000 1602
6924.000 2482
6925.000 2844
6926.000 1884
6927.000 985
6928.000 902
6929.000 1054
6930.000 2462
6931.000 1420
6932.000 2244
6933.000 1404
6934.000 902
6935.000 902
6936.000 977
6937.000 1078
6938.000 1534
6939.000 2542
6940.000 1488
6941.000 2306
6942.000 2267
6943.000 3140
6944.000 2405
6945.000 5930
6946.000 1412
6947.000 1054
6948.000 1716
6949.000 2320
6950.000 1638
