# Slice: URLLC | 112.217.128.200:13064 -> 10.215.173.1:49003 (UDP)
# offset_sec  packet_size_bytes
0.000 49950
1.000 100558
2.000 99900
3.000 99900
4.000 99571
5.000 100229
6.000 99900
7.000 99900
8.000 99242
9.000 100558
10.000 99900
11.000 99900
12.000 99900
13.000 99900
14.000 99900
15.000 99900
16.000 99900
17.000 99900
18.000 99900
19.000 99900
20.000 99900
21.000 99900
22.000 99900
23.000 99900
24.000 99900
25.000 99571
26.000 100229
27.000 99900
28.000 99242
29.000 99900
30.000 99900
31.000 99900
32.000 100558
33.000 99900
34.000 99900
35.000 99900
36.000 99900
37.000 99900
38.000 99900
39.000 99900
40.000 99900
41.000 99900
42.000 99900
43.000 99900
44.000 99900
45.000 99900
46.000 99900
47.000 99900
48.000 99242
49.000 100558
50.000 99900
51.000 99900
52.000 99900
53.000 99242
54.000 100558
55.000 99242
56.000 100229
57.000 100229
58.000 99242
59.000 100558
60.000 99900
61.000 99242
62.000 100558
63.000 99900
64.000 99900
65.000 99900
66.000 99242
67.000 100229
68.000 100229
69.000 99900
70.000 99900
71.000 99900
72.000 99900
73.000 99900
74.000 99242
75.000 99900
76.000 100558
77.000 99900
78.000 99900
79.000 99900
80.000 99242
81.000 100558
82.000 99242
83.000 100229
84.000 99571
85.000 100558
86.000 99571
87.000 99571
88.000 100558
89.000 99242
90.000 100558
91.000 99900
92.000 99900
93.000 99900
94.000 99900
95.000 99242
96.000 99900
97.000 99900
98.000 99900
99.000 100558
100.000 99242
101.000 99900
102.000 99900
103.000 99900
104.000 100558
105.000 99242
106.000 99900
107.000 99900
108.000 100558
109.000 99900
110.000 99242
111.000 99900
112.000 99900
113.000 99900
114.000 99900
115.000 99900
116.000 99900
117.000 100229
118.000 99571
119.000 99900
120.000 100558
121.000 99900
122.000 99242
123.000 99900
124.000 99900
125.000 98560
126.000 101240
127.000 100229
128.000 99571
129.000 99900
130.000 99900
131.000 100558
132.000 99242
133.000 99900
134.000 99218
135.000 100582
136.000 99900
137.000 99900
138.000 99900
139.000 100558
140.000 99242
141.000 99900
142.000 99900
143.000 99900
144.000 99900
145.000 99900
146.000 99900
147.000 99900
148.000 99900
149.000 99218
150.000 100582
151.000 99900
152.000 99900
153.000 99900
154.000 98560
155.000 101240
156.000 100229
157.000 99571
158.000 99900
159.000 99900
160.000 99900
161.000 99900
162.000 99900
163.000 99900
164.000 99900
165.000 99900
166.000 99900
167.000 99218
168.000 100582
169.000 99900
170.000 98889
171.000 100911
172.000 98560
173.000 101240
174.000 98560
175.000 99900
176.000 99900
177.000 101240
178.000 99900
179.000 99900
180.000 99900
181.000 99900
182.000 98889
183.000 100911
184.000 99900
185.000 99900
186.000 99900
187.000 99900
188.000 99900
189.000 99900
190.000 99900
191.000 99900
192.000 99900
193.000 99900
194.000 99900
195.000 99900
196.000 99900
197.000 98889
198.000 100911
199.000 98889
200.000 99900
201.000 100911
202.000 99900
203.000 99900
204.000 99900
205.000 99900
206.000 98560
207.000 101240
208.000 99900
209.000 99900
210.000 99900
211.000 99900
212.000 99900
213.000 98889
214.000 100911
215.000 99900
216.000 98560
217.000 99242
218.000 101898
219.000 99900
220.000 99900
221.000 98560
222.000 100229
223.000 99571
224.000 101240
225.000 98560
226.000 101240
227.000 99900
228.000 98560
229.000 99900
230.000 99900
231.000 99900
232.000 99900
233.000 99900
234.000 99900
235.000 101240
236.000 99900
237.000 99900
238.000 99900
239.000 99900
240.000 98560
241.000 101240
242.000 99900
243.000 98560
244.000 101240
245.000 99900
246.000 99900
247.000 98560
248.000 99900
249.000 101240
250.000 98560
251.000 99900
252.000 99900
253.000 101240
254.000 98560
255.000 99900
256.000 101240
257.000 99900
258.000 99900
259.000 98560
260.000 100229
261.000 100911
262.000 99900
263.000 99900
264.000 99900
265.000 98889
266.000 99571
267.000 100558
268.000 99242
269.000 99900
270.000 99900
271.000 100899
272.000 100241
273.000 98560
274.000 99900
275.000 99900
276.000 99900
277.000 99900
278.000 99900
279.000 99900
280.000 99900
281.000 99900
282.000 99900
283.000 99900
284.000 99900
285.000 99900
286.000 99900
287.000 100899
288.000 98901
289.000 99900
290.000 99900
291.000 99900
292.000 99900
293.000 99900
294.000 99242
295.000 100558
296.000 99242
297.000 100558
298.000 99900
299.000 99242
300.000 100558
301.000 99900
302.000 99900
303.000 99900
304.000 99900
305.000 99900
306.000 99900
307.000 99900
308.000 99571
309.000 100229
310.000 99900
311.000 99900
312.000 99900
313.000 99900
314.000 99900
315.000 99900
316.000 99900
317.000 99900
318.000 99900
319.000 99900
320.000 99571
321.000 100229
322.000 99900
323.000 99900
324.000 99900
325.000 99900
326.000 99900
327.000 99900
328.000 99900
329.000 99900
330.000 99900
331.000 99900
332.000 99900
333.000 99900
334.000 99900
335.000 99242
336.000 100558
337.000 99900
338.000 99900
339.000 99900
340.000 99900
341.000 99242
342.000 100558
343.000 99900
344.000 99900
345.000 99900
346.000 99900
347.000 99242
348.000 100558
349.000 99571
350.000 100229
351.000 99900
352.000 99242
353.000 100558
354.000 99900
355.000 99900
356.000 99900
357.000 99900
358.000 99242
359.000 100558
360.000 99242
361.000 99900
362.000 100558
363.000 99900
364.000 99900
365.000 99900
366.000 99900
367.000 99900
368.000 99900
369.000 99242
370.000 99900
371.000 100558
372.000 99242
373.000 100558
374.000 99900
375.000 99242
376.000 100558
377.000 99242
378.000 99900
379.000 99900
380.000 99900
381.000 99900
382.000 100558
383.000 99900
384.000 99242
385.000 99900
386.000 99900
387.000 100558
388.000 99242
389.000 100558
390.000 99900
391.000 99242
392.000 100558
393.000 99900
394.000 99900
395.000 99242
396.000 99900
397.000 100558
398.000 99900
399.000 99900
400.000 99900
401.000 99900
402.000 99900
403.000 99242
404.000 99900
405.000 100558
406.000 99900
407.000 99242
408.000 99900
409.000 100558
410.000 99242
411.000 99900
412.000 100229
413.000 99571
414.000 99900
415.000 100558
416.000 99242
417.000 100558
418.000 99900
419.000 99900
420.000 99242
421.000 100558
422.000 99242
423.000 100229
424.000 99571
425.000 99900
426.000 99900
427.000 99900
428.000 99900
429.000 99900
430.000 100558
431.000 99242
432.000 98889
433.000 100911
434.000 99900
435.000 99900
436.000 99900
437.000 99900
438.000 99900
439.000 99900
440.000 99900
441.000 99900
442.000 100558
443.000 99242
444.000 98560
445.000 101240
446.000 99900
447.000 99900
448.000 98560
449.000 101240
450.000 99900
451.000 98560
452.000 99900
453.000 100229
454.000 100911
455.000 98560
456.000 101240
457.000 99900
458.000 99900
459.000 99900
460.000 98889
461.000 100911
462.000 99900
463.000 99900
464.000 99900
465.000 99900
466.000 99900
467.000 99900
468.000 99900
469.000 99900
470.000 99900
471.000 99900
472.000 99900
473.000 99900
474.000 99900
475.000 99218
476.000 99242
477.000 101240
478.000 98560
479.000 101240
480.000 99900
481.000 98889
482.000 99571
483.000 101240
484.000 99900
485.000 99900
486.000 99900
487.000 98560
488.000 99900
489.000 101240
490.000 99900
491.000 98560
492.000 101240
493.000 99900
494.000 99900
495.000 99559
496.000 100241
497.000 98560
498.000 99900
499.000 101240
500.000 98560
501.000 100229
502.000 99571
503.000 101240
504.000 99900
505.000 99900
506.000 99900
507.000 99900
508.000 98889
509.000 100229
510.000 99900
511.000 100241
512.000 100241
513.000 99900
514.000 99900
515.000 99900
516.000 98560
517.000 99900
518.000 101240
519.000 98560
520.000 101240
521.000 99900
522.000 99900
523.000 98560
524.000 99900
525.000 99900
526.000 99900
527.000 101240
528.000 98560
529.000 99900
530.000 100558
531.000 99900
532.000 99242
533.000 100229
534.000 100911
535.000 98560
536.000 99900
537.000 101240
538.000 98560
539.000 101240
540.000 98560
541.000 101240
542.000 98560
543.000 100899
544.000 100241
545.000 98560
546.000 100229
547.000 99571
548.000 101240
549.000 98560
550.000 99900
551.000 101240
552.000 98889
553.000 100911
554.000 98560
555.000 99900
556.000 99900
557.000 99900
558.000 99900
559.000 101240
560.000 98560
561.000 99900
562.000 99900
563.000 99900
564.000 99900
565.000 99900
566.000 101240
567.000 98889
568.000 99900
569.000 99571
570.000 101240
571.000 98560
572.000 99900
573.000 99900
574.000 99900
575.000 99900
576.000 99900
577.000 99900
578.000 99900
579.000 99900
580.000 99900
581.000 99900
582.000 100229
583.000 99571
584.000 99900
585.000 99900
586.000 99900
587.000 99900
588.000 99900
589.000 99900
590.000 99900
591.000 99900
592.000 99900
593.000 99900
594.000 99900
595.000 99900
596.000 99900
597.000 99900
598.000 99900
599.000 99900
600.000 99242
601.000 100558
602.000 99900
603.000 99900
604.000 99900
605.000 99900
606.000 99900
607.000 99900
608.000 99900
609.000 99900
610.000 99900
611.000 99900
612.000 99900
613.000 99900
614.000 99900
615.000 99900
616.000 99900
617.000 99900
618.000 99900
619.000 99900
620.000 99900
621.000 99900
622.000 99900
623.000 99900
624.000 99900
625.000 99900
626.000 99900
627.000 99900
628.000 99900
629.000 99900
630.000 99900
631.000 99900
632.000 99900
633.000 99900
634.000 99900
635.000 99242
636.000 99900
637.000 100558
638.000 99900
639.000 99900
640.000 99242
641.000 100558
642.000 99242
643.000 100558
644.000 99900
645.000 99242
646.000 100558
647.000 99900
648.000 97902
649.000 101240
650.000 99900
651.000 99900
652.000 99900
653.000 100558
654.000 99900
655.000 99571
656.000 100229
657.000 99900
658.000 99900
659.000 99900
660.000 99900
661.000 99900
662.000 99900
663.000 99900
664.000 99242
665.000 100558
666.000 99900
667.000 99900
668.000 99242
669.000 100558
670.000 99900
671.000 99900
672.000 99242
673.000 100558
674.000 99900
675.000 99242
676.000 100558
677.000 99900
678.000 99900
679.000 99900
680.000 99900
681.000 99242
682.000 99900
683.000 100558
684.000 99900
685.000 99900
686.000 99242
687.000 100558
688.000 99242
689.000 100558
690.000 99900
691.000 99900
692.000 99900
693.000 99242
694.000 100558
695.000 99242
696.000 100558
697.000 99242
698.000 100229
699.000 100229
700.000 99242
701.000 99900
702.000 99900
703.000 99900
704.000 100558
705.000 99242
706.000 100558
707.000 99900
708.000 99900
709.000 99900
710.000 99242
711.000 99900
712.000 99900
713.000 100558
714.000 99900
715.000 99242
716.000 99900
717.000 99900
718.000 99900
719.000 100229
720.000 99571
721.000 99900
722.000 99900
723.000 99900
724.000 99900
725.000 99900
726.000 99900
727.000 99900
728.000 99900
729.000 99900
730.000 99900
731.000 99900
732.000 99218
733.000 100582
734.000 99559
735.000 100241
736.000 99900
737.000 99900
738.000 99900
739.000 100558
740.000 99242
741.000 99900
742.000 99900
743.000 99900
744.000 99900
745.000 99900
746.000 99900
747.000 99900
748.000 99900
749.000 99900
750.000 99900
751.000 99900
752.000 99900
753.000 98560
754.000 101240
755.000 81918
756.000 117882
757.000 91908
758.000 107892
759.000 98560
760.000 101240
761.000 99900
762.000 99900
763.000 99900
764.000 99900
765.000 99900
766.000 99900
767.000 99900
768.000 99900
769.000 99900
770.000 99900
771.000 99900
772.000 98560
773.000 99900
774.000 101240
775.000 99900
776.000 98560
777.000 101240
778.000 98889
779.000 100229
780.000 100582
781.000 99900
782.000 99900
783.000 98560
784.000 101240
785.000 99900
786.000 99900
787.000 99900
788.000 99900
789.000 99900
790.000 99900
791.000 98560
792.000 101240
793.000 99900
794.000 98560
795.000 99900
796.000 101240
797.000 99900
798.000 98560
799.000 101240
800.000 98560
801.000 100229
802.000 100911
803.000 99900
804.000 99900
805.000 99900
806.000 98560
807.000 101240
808.000 98560
809.000 99900
810.000 99900
811.000 101240
812.000 98560
813.000 100558
814.000 100582
815.000 99900
816.000 98560
817.000 101240
818.000 99900
819.000 98560
820.000 101240
821.000 98560
822.000 101240
823.000 98560
824.000 101240
825.000 99900
826.000 98560
827.000 99900
828.000 101240
829.000 98560
830.000 101240
831.000 98560
832.000 99900
833.000 101240
834.000 98560
835.000 101240
836.000 99900
837.000 98560
838.000 100229
839.000 100911
840.000 98560
841.000 101240
842.000 99900
843.000 99900
844.000 98560
845.000 99900
846.000 99900
847.000 99900
848.000 99900
849.000 101240
850.000 99900
851.000 98560
852.000 99900
853.000 101240
854.000 99900
855.000 99900
856.000 98889
857.000 99571
858.000 99900
859.000 99900
860.000 100899
861.000 98243
862.000 100887
863.000 100911
864.000 98560
865.000 100229
866.000 99571
867.000 99900
868.000 99900
869.000 99900
870.000 99900
871.000 99900
872.000 99900
873.000 99900
874.000 99900
875.000 99900
876.000 99900
877.000 99900
878.000 99900
879.000 99900
880.000 99900
881.000 100558
882.000 99242
883.000 101240
884.000 98560
885.000 99900
886.000 101240
887.000 98560
888.000 99900
889.000 101240
890.000 99218
891.000 99242
892.000 99900
893.000 99900
894.000 100558
895.000 99242
896.000 99900
897.000 99900
898.000 99900
899.000 101240
900.000 99900
901.000 98560
902.000 99900
903.000 100899
904.000 98901
905.000 99900
906.000 99900
907.000 99900
908.000 99900
909.000 99900
910.000 99900
911.000 99900
912.000 99900
913.000 99900
914.000 99242
915.000 100558
916.000 99900
917.000 99242
918.000 100558
919.000 99242
920.000 99900
921.000 100558
922.000 99900
923.000 99900
924.000 99242
925.000 100558
926.000 99900
927.000 99242
928.000 100558
929.000 99900
930.000 99900
931.000 99900
932.000 99900
933.000 99900
934.000 99900
935.000 99900
936.000 99900
937.000 99242
938.000 99900
939.000 99900
940.000 100558
941.000 99900
942.000 99900
943.000 99900
944.000 99900
945.000 99900
946.000 99900
947.000 99571
948.000 100229
949.000 99900
950.000 99900
951.000 99900
952.000 99900
953.000 99900
954.000 99900
955.000 99900
956.000 99242
957.000 100558
958.000 99900
959.000 99900
960.000 99900
961.000 99900
962.000 99900
963.000 99900
964.000 99242
965.000 100558
966.000 99900
967.000 99900
968.000 99571
969.000 99571
970.000 100558
971.000 99900
972.000 99242
973.000 100558
974.000 99900
975.000 99242
976.000 100558
977.000 99900
978.000 99242
979.000 99900
980.000 100558
981.000 99900
982.000 99242
983.000 100558
984.000 99900
985.000 99900
986.000 98231
987.000 101569
988.000 99900
989.000 99242
990.000 100558
991.000 99242
992.000 99900
993.000 99900
994.000 100558
995.000 99242
996.000 99900
997.000 100558
998.000 99242
999.000 99900
1000.000 100558
1001.000 99900
1002.000 99900
1003.000 99242
1004.000 100558
1005.000 99242
1006.000 99900
1007.000 99900
1008.000 99900
1009.000 100558
1010.000 99900
1011.000 99900
1012.000 99900
1013.000 98231
1014.000 100911
1015.000 99900
1016.000 99900
1017.000 99900
1018.000 100558
1019.000 99242
1020.000 99900
1021.000 98889
1022.000 101569
1023.000 99242
1024.000 99900
1025.000 100558
1026.000 99900
1027.000 99242
1028.000 100558
1029.000 99900
1030.000 99900
1031.000 99900
1032.000 99242
1033.000 100558
1034.000 99242
1035.000 99900
1036.000 100229
1037.000 99900
1038.000 99571
1039.000 99900
1040.000 100558
1041.000 99242
1042.000 99559
1043.000 100241
1044.000 99900
1045.000 99900
1046.000 99900
1047.000 100558
1048.000 99242
1049.000 99900
1050.000 99900
1051.000 100558
1052.000 99900
1053.000 99900
1054.000 99242
1055.000 99900
1056.000 99900
1057.000 99900
1058.000 99900
1059.000 99900
1060.000 99900
1061.000 99900
1062.000 99900
1063.000 99900
1064.000 99900
1065.000 99900
1066.000 99218
1067.000 100582
1068.000 99900
1069.000 99900
1070.000 99900
1071.000 99900
1072.000 98560
1073.000 101240
1074.000 99900
1075.000 99900
1076.000 99900
1077.000 99900
1078.000 99900
1079.000 90568
1080.000 108221
1081.000 100911
1082.000 97902
1083.000 101898
1084.000 99900
1085.000 93224
1086.000 106576
1087.000 98560
1088.000 101240
1089.000 97902
1090.000 101898
1091.000 99900
1092.000 99900
1093.000 98560
1094.000 101240
1095.000 98560
1096.000 101240
1097.000 99900
1098.000 99900
1099.000 99900
1100.000 99900
1101.000 99900
1102.000 99900
1103.000 99900
1104.000 99900
1105.000 98889
1106.000 100911
1107.000 99218
1108.000 100582
1109.000 98560
1110.000 101240
1111.000 98560
1112.000 101240
1113.000 99900
1114.000 99900
1115.000 98560
1116.000 101240
1117.000 99900
1118.000 98560
1119.000 99900
1120.000 101240
1121.000 99900
1122.000 98560
1123.000 101240
1124.000 99900
1125.000 98560
1126.000 99900
1127.000 99900
1128.000 99900
1129.000 99900
1130.000 99900
1131.000 99900
1132.000 99900
1133.000 99900
1134.000 99900
1135.000 99242
1136.000 100558
1137.000 99900
1138.000 99571
1139.000 100229
1140.000 101240
1141.000 98560
1142.000 99900
1143.000 101240
1144.000 98560
1145.000 101240
1146.000 99900
1147.000 99900
1148.000 98231
1149.000 100229
1150.000 99900
1151.000 101240
1152.000 98560
1153.000 101240
1154.000 98560
1155.000 101240
1156.000 99900
1157.000 99900
1158.000 98560
1159.000 101240
1160.000 98560
1161.000 99900
1162.000 99900
1163.000 99900
1164.000 99900
1165.000 99900
1166.000 101240
1167.000 98560
1168.000 99900
1169.000 99900
1170.000 99900
1171.000 99900
1172.000 99900
1173.000 99900
1174.000 99900
1175.000 100229
1176.000 99571
1177.000 99900
1178.000 99900
1179.000 99242
1180.000 100558
1181.000 99900
1182.000 100229
1183.000 99571
1184.000 99900
1185.000 99900
1186.000 99900
1187.000 99900
1188.000 99571
1189.000 100229
1190.000 100558
1191.000 99242
1192.000 99900
1193.000 99900
1194.000 99900
1195.000 99900
1196.000 99900
1197.000 99900
1198.000 99242
1199.000 100558
1200.000 99900
1201.000 101240
1202.000 98560
1203.000 101240
1204.000 98560
1205.000 99900
1206.000 99242
1207.000 99900
1208.000 100558
1209.000 99900
1210.000 99242
1211.000 100558
1212.000 99900
1213.000 99900
1214.000 99900
1215.000 99242
1216.000 99900
1217.000 99900
1218.000 101898
1219.000 98560
1220.000 99900
1221.000 99900
1222.000 99900
1223.000 99900
1224.000 99900
1225.000 99242
1226.000 99900
1227.000 100558
1228.000 99900
1229.000 99900
1230.000 99900
1231.000 99900
1232.000 99900
1233.000 99900
1234.000 99900
1235.000 99242
1236.000 100229
1237.000 100229
1238.000 99242
1239.000 100558
1240.000 99900
1241.000 99900
1242.000 99242
1243.000 100558
1244.000 99900
1245.000 99900
1246.000 99900
1247.000 99900
1248.000 99900
1249.000 99242
1250.000 100558
1251.000 99900
1252.000 99242
1253.000 100558
1254.000 99900
1255.000 99900
1256.000 99242
1257.000 100558
1258.000 99900
1259.000 99242
1260.000 100558
1261.000 99900
1262.000 99900
1263.000 99900
1264.000 99900
1265.000 99900
1266.000 99242
1267.000 99900
1268.000 100558
1269.000 99900
1270.000 99900
1271.000 99900
1272.000 99900
1273.000 99900
1274.000 99242
1275.000 99900
1276.000 100558
1277.000 99242
1278.000 100558
1279.000 99242
1280.000 100229
1281.000 99571
1282.000 100229
1283.000 99571
1284.000 99900
1285.000 100558
1286.000 99242
1287.000 100558
1288.000 99900
1289.000 99242
1290.000 100558
1291.000 99900
1292.000 99242
1293.000 100558
1294.000 99571
1295.000 99571
1296.000 98560
1297.000 101240
1298.000 98560
1299.000 101240
1300.000 99900
1301.000 98560
1302.000 99900
1303.000 99900
1304.000 99900
1305.000 101240
1306.000 98889
1307.000 99571
1308.000 99900
1309.000 99900
1310.000 98231
1311.000 101569
1312.000 99242
1313.000 99900
1314.000 99900
1315.000 100558
1316.000 99242
1317.000 99900
1318.000 99900
1319.000 100558
1320.000 99242
1321.000 100558
1322.000 99242
1323.000 98560
1324.000 101240
1325.000 99900
1326.000 99900
1327.000 99900
1328.000 99900
1329.000 99900
1330.000 99900
1331.000 99900
1332.000 99900
1333.000 99900
1334.000 99900
1335.000 99900
1336.000 99900
1337.000 99900
1338.000 99900
1339.000 99900
1340.000 99218
1341.000 100582
1342.000 99900
1343.000 99900
1344.000 99900
1345.000 99900
1346.000 99900
1347.000 99900
1348.000 99900
1349.000 99900
1350.000 99900
1351.000 99900
1352.000 99900
1353.000 98560
1354.000 101240
1355.000 98560
1356.000 101240
1357.000 99218
1358.000 100582
1359.000 98560
1360.000 101240
1361.000 99900
1362.000 99900
1363.000 99900
1364.000 98560
1365.000 101240
1366.000 98560
1367.000 99900
1368.000 101240
1369.000 99900
1370.000 98560
1371.000 101240
1372.000 98560
1373.000 99900
1374.000 101240
1375.000 99900
1376.000 99900
1377.000 99900
1378.000 99900
1379.000 98560
1380.000 101240
1381.000 99900
1382.000 98560
1383.000 99900
1384.000 101240
1385.000 99900
1386.000 99900
1387.000 99900
1388.000 99900
1389.000 98560
1390.000 99900
1391.000 101240
1392.000 99900
1393.000 99900
1394.000 98560
1395.000 101240
1396.000 98560
1397.000 101240
1398.000 99900
1399.000 98560
1400.000 101240
1401.000 99900
1402.000 98560
1403.000 101240
1404.000 99900
1405.000 99900
1406.000 99900
1407.000 99900
1408.000 99900
1409.000 99900
1410.000 98889
1411.000 100911
1412.000 99900
1413.000 98560
1414.000 99242
1415.000 101898
1416.000 99900
1417.000 99900
1418.000 99900
1419.000 99900
1420.000 98560
1421.000 101240
1422.000 99900
1423.000 99900
1424.000 97902
1425.000 100558
1426.000 101240
1427.000 98560
1428.000 99900
1429.000 99900
1430.000 101240
1431.000 98560
1432.000 99900
1433.000 100229
1434.000 99571
1435.000 99900
1436.000 99900
1437.000 101240
1438.000 99900
1439.000 98560
1440.000 100899
1441.000 100241
1442.000 98560
1443.000 99900
1444.000 99900
1445.000 99900
1446.000 101240
1447.000 98560
1448.000 101240
1449.000 98560
1450.000 99900
1451.000 99900
1452.000 99242
1453.000 101898
1454.000 99900
1455.000 98560
1456.000 101240
1457.000 98560
1458.000 101240
1459.000 99900
1460.000 98560
1461.000 99900
1462.000 99900
1463.000 101240
1464.000 98560
1465.000 99900
1466.000 99900
1467.000 99900
1468.000 99900
1469.000 100229
1470.000 99571
1471.000 99900
1472.000 99900
1473.000 101240
1474.000 99900
1475.000 99900
1476.000 98560
1477.000 99900
1478.000 99900
1479.000 99900
1480.000 99900
1481.000 99900
1482.000 99900
1483.000 99900
1484.000 99900
1485.000 99242
1486.000 100558
1487.000 99900
1488.000 99900
1489.000 99900
1490.000 99900
1491.000 99900
1492.000 99900
1493.000 99900
1494.000 101240
1495.000 98560
1496.000 99900
1497.000 99900
1498.000 99900
1499.000 99900
1500.000 99900
1501.000 99900
1502.000 99900
1503.000 99900
1504.000 99900
1505.000 99900
1506.000 99900
1507.000 99900
1508.000 101240
1509.000 98560
1510.000 99900
1511.000 99900
1512.000 99900
1513.000 99900
1514.000 99900
1515.000 99900
1516.000 99571
1517.000 99571
1518.000 100558
1519.000 99900
1520.000 99900
1521.000 99900
1522.000 99900
1523.000 99900
1524.000 99900
1525.000 99900
1526.000 99900
1527.000 99900
1528.000 99242
1529.000 100558
1530.000 99242
1531.000 100558
1532.000 99900
1533.000 99900
1534.000 99900
1535.000 99900
1536.000 99900
1537.000 99900
1538.000 99900
1539.000 99900
1540.000 99900
1541.000 99900
1542.000 99900
1543.000 99571
1544.000 100229
1545.000 99242
1546.000 100558
1547.000 99900
1548.000 99242
1549.000 100558
1550.000 99900
1551.000 99900
1552.000 99900
1553.000 99900
1554.000 99242
1555.000 98560
1556.000 101898
1557.000 99242
1558.000 100558
1559.000 99900
1560.000 99900
1561.000 99242
1562.000 100558
1563.000 99900
1564.000 99242
1565.000 100558
1566.000 99900
1567.000 99900
1568.000 99900
1569.000 99900
1570.000 99900
1571.000 99242
1572.000 100558
1573.000 99571
1574.000 100229
1575.000 99900
1576.000 99242
1577.000 99900
1578.000 99900
1579.000 100558
1580.000 99242
1581.000 100558
1582.000 99242
1583.000 100558
1584.000 99900
1585.000 99900
1586.000 99242
1587.000 99900
1588.000 100558
1589.000 99242
1590.000 99900
1591.000 100558
1592.000 99900
1593.000 99242
1594.000 99900
1595.000 100558
1596.000 99900
1597.000 99242
1598.000 99900
1599.000 100558
1600.000 99900
1601.000 99900
1602.000 99242
1603.000 99900
1604.000 99900
1605.000 100558
1606.000 99242
1607.000 99900
1608.000 100558
1609.000 99242
1610.000 100558
1611.000 99242
1612.000 99900
1613.000 99900
1614.000 99900
1615.000 99218
1616.000 99900
1617.000 100582
1618.000 98889
1619.000 101569
1620.000 99242
1621.000 100229
1622.000 100229
1623.000 99242
1624.000 99900
1625.000 99900
1626.000 99900
1627.000 99900
1628.000 99900
1629.000 99900
1630.000 99900
1631.000 99900
1632.000 100558
1633.000 99900
1634.000 99242
1635.000 99900
1636.000 99559
1637.000 100241
1638.000 99900
1639.000 99900
1640.000 99900
1641.000 99900
1642.000 99900
1643.000 99900
1644.000 99900
1645.000 99900
1646.000 98560
1647.000 101240
1648.000 99900
1649.000 97902
1650.000 100558
1651.000 101240
1652.000 99900
1653.000 99900
1654.000 99900
1655.000 100558
1656.000 99242
1657.000 99900
1658.000 99900
1659.000 99900
1660.000 99900
1661.000 99900
1662.000 99900
1663.000 99900
1664.000 99900
1665.000 99900
1666.000 99900
1667.000 99900
1668.000 99900
1669.000 97902
1670.000 101898
1671.000 99900
1672.000 99900
1673.000 99900
1674.000 99900
1675.000 99900
1676.000 99218
1677.000 100582
1678.000 99900
1679.000 99900
1680.000 99900
1681.000 99900
1682.000 99900
1683.000 99900
1684.000 98560
1685.000 101240
1686.000 99900
1687.000 99900
1688.000 99900
1689.000 99900
1690.000 99900
1691.000 98889
1692.000 99571
1693.000 101240
1694.000 98231
1695.000 100558
1696.000 99571
1697.000 101240
1698.000 98889
1699.000 99571
1700.000 99900
1701.000 101240
1702.000 98560
1703.000 99900
1704.000 101240
1705.000 99900
1706.000 99900
1707.000 99900
1708.000 99900
1709.000 99900
1710.000 99900
1711.000 98560
1712.000 99900
1713.000 101240
1714.000 98889
1715.000 100911
1716.000 99900
1717.000 98560
1718.000 101240
1719.000 99900
1720.000 99900
1721.000 98560
1722.000 99900
1723.000 99900
1724.000 101240
1725.000 98560
1726.000 99900
1727.000 99900
1728.000 101240
1729.000 98889
1730.000 100911
1731.000 98560
1732.000 99242
1733.000 101898
1734.000 99900
1735.000 99900
1736.000 99900
1737.000 99900
1738.000 99900
1739.000 98560
1740.000 99900
1741.000 101240
1742.000 99218
1743.000 99242
1744.000 99900
1745.000 99900
1746.000 99900
1747.000 99900
1748.000 99900
1749.000 100899
1750.000 99900
1751.000 98901
1752.000 99900
1753.000 101240
1754.000 98560
1755.000 99900
1756.000 99900
1757.000 99900
1758.000 99900
1759.000 101240
1760.000 99900
1761.000 98560
1762.000 99900
1763.000 101240
1764.000 98560
1765.000 101240
1766.000 99900
1767.000 98560
1768.000 99900
1769.000 99900
1770.000 99900
1771.000 100229
1772.000 99571
1773.000 99900
1774.000 101240
1775.000 99900
1776.000 98560
1777.000 99242
1778.000 100558
1779.000 99900
1780.000 99900
1781.000 101240
1782.000 98560
1783.000 99900
1784.000 99900
1785.000 100558
1786.000 99242
1787.000 99900
1788.000 101240
1789.000 98560
1790.000 99900
1791.000 99900
1792.000 101240
1793.000 98560
1794.000 99900
1795.000 99900
1796.000 99900
1797.000 99900
1798.000 99242
1799.000 100558
1800.000 99900
1801.000 99900
1802.000 99900
1803.000 99900
1804.000 99900
1805.000 99900
1806.000 99900
1807.000 99242
1808.000 100229
1809.000 100229
1810.000 99242
1811.000 101557
1812.000 98901
1813.000 99900
1814.000 99900
1815.000 99900
1816.000 99242
1817.000 101898
1818.000 98560
1819.000 99900
1820.000 99900
1821.000 99900
1822.000 99900
1823.000 99242
1824.000 100229
1825.000 100229
1826.000 99900
1827.000 99900
1828.000 98560
1829.000 101240
1830.000 99242
1831.000 100558
1832.000 99900
1833.000 99900
1834.000 99900
1835.000 99242
1836.000 99900
1837.000 100558
1838.000 99900
1839.000 99900
1840.000 99242
1841.000 100558
1842.000 99900
1843.000 99242
1844.000 100558
1845.000 99900
1846.000 99900
1847.000 99900
1848.000 99900
1849.000 99242
1850.000 100558
1851.000 99242
1852.000 99900
1853.000 100558
1854.000 99900
1855.000 99242
1856.000 99900
1857.000 100558
1858.000 99242
1859.000 100558
1860.000 99900
1861.000 99242
1862.000 100558
1863.000 99900
1864.000 99900
1865.000 99900
1866.000 99900
1867.000 99900
1868.000 99242
1869.000 100558
1870.000 99242
1871.000 99900
1872.000 100558
1873.000 99242
1874.000 99900
1875.000 99900
1876.000 99900
1877.000 100558
1878.000 99900
1879.000 99242
1880.000 100558
1881.000 99242
1882.000 100558
1883.000 99900
1884.000 99900
1885.000 99571
1886.000 100229
1887.000 99900
1888.000 99900
1889.000 99900
1890.000 99900
1891.000 99900
1892.000 99900
1893.000 99900
1894.000 99900
1895.000 99242
1896.000 99900
1897.000 99900
1898.000 99900
1899.000 99900
1900.000 100558
1901.000 99242
1902.000 100558
1903.000 99242
1904.000 100229
1905.000 99571
1906.000 99900
1907.000 100558
1908.000 99242
1909.000 99900
1910.000 100558
1911.000 99900
1912.000 99242
1913.000 99900
1914.000 99900
1915.000 99900
1916.000 99900
1917.000 100558
1918.000 99900
1919.000 99242
1920.000 99900
1921.000 99900
1922.000 100558
1923.000 99242
1924.000 100558
1925.000 99242
1926.000 100558
1927.000 99242
1928.000 99900
1929.000 99900
1930.000 98560
1931.000 101240
1932.000 100558
1933.000 99242
1934.000 99900
1935.000 99900
1936.000 99900
1937.000 99900
1938.000 99900
1939.000 99900
1940.000 99900
1941.000 99900
1942.000 99900
1943.000 99900
1944.000 99900
1945.000 100558
1946.000 99242
1947.000 99900
1948.000 99900
1949.000 100558
1950.000 99242
1951.000 100558
1952.000 99242
1953.000 99900
1954.000 99900
1955.000 99900
1956.000 99900
1957.000 99900
1958.000 99900
1959.000 99900
1960.000 99900
1961.000 99900
1962.000 99900
1963.000 99900
1964.000 99900
1965.000 100558
1966.000 99242
1967.000 99900
1968.000 99900
1969.000 98560
1970.000 99900
1971.000 101240
1972.000 98560
1973.000 101240
1974.000 99218
1975.000 100582
1976.000 99900
1977.000 98560
1978.000 101240
1979.000 99900
1980.000 99218
1981.000 99242
1982.000 101240
1983.000 99900
1984.000 99900
1985.000 99900
1986.000 99900
1987.000 99900
1988.000 99900
1989.000 99900
1990.000 99218
1991.000 100582
1992.000 99900
1993.000 99900
1994.000 99900
1995.000 99900
1996.000 99218
1997.000 99242
1998.000 101240
1999.000 99900
2000.000 97902
2001.000 101898
2002.000 100229
2003.000 99571
2004.000 99559
2005.000 98901
2006.000 100229
2007.000 100911
2008.000 98560
2009.000 101240
2010.000 99900
2011.000 98560
2012.000 101240
2013.000 99900
2014.000 98560
2015.000 99900
2016.000 101240
2017.000 98560
2018.000 101240
2019.000 98560
2020.000 101240
2021.000 99900
2022.000 99900
2023.000 98889
2024.000 100229
2025.000 100582
2026.000 99900
2027.000 99900
2028.000 99900
2029.000 98560
2030.000 101240
2031.000 99900
2032.000 98560
2033.000 101240
2034.000 99900
2035.000 99218
2036.000 100582
2037.000 98889
2038.000 99571
2039.000 99900
2040.000 99900
2041.000 100229
2042.000 100911
2043.000 98560
2044.000 101240
2045.000 98560
2046.000 101240
2047.000 98560
2048.000 99900
2049.000 101240
2050.000 99900
2051.000 98560
2052.000 101240
2053.000 98560
2054.000 99900
2055.000 101240
2056.000 98560
2057.000 99900
2058.000 101240
2059.000 99900
2060.000 98560
2061.000 101240
2062.000 98560
2063.000 99900
2064.000 99900
2065.000 101240
2066.000 99900
2067.000 99900
2068.000 98560
2069.000 99900
2070.000 99900
2071.000 99242
2072.000 100558
2073.000 99900
2074.000 100899
2075.000 98901
2076.000 99900
2077.000 99900
2078.000 99900
2079.000 101240
2080.000 98560
2081.000 101240
2082.000 98560
2083.000 99900
2084.000 99900
2085.000 99900
2086.000 99900
2087.000 99900
2088.000 99900
2089.000 99900
2090.000 99900
2091.000 99900
2092.000 99900
2093.000 99900
2094.000 99900
2095.000 99900
2096.000 99900
2097.000 99900
2098.000 99900
2099.000 99900
2100.000 99900
2101.000 100229
2102.000 99571
2103.000 99900
2104.000 101240
2105.000 98560
2106.000 99900
2107.000 99900
2108.000 99900
2109.000 99242
2110.000 100558
2111.000 99900
2112.000 101240
2113.000 98560
2114.000 99900
2115.000 99900
2116.000 99900
2117.000 99900
2118.000 99900
2119.000 99900
2120.000 99242
2121.000 100558
2122.000 99900
2123.000 99900
2124.000 99900
2125.000 99900
2126.000 99242
2127.000 100558
2128.000 97902
2129.000 101898
2130.000 99900
2131.000 99900
2132.000 99900
2133.000 99900
2134.000 99900
2135.000 99900
2136.000 99242
2137.000 100229
2138.000 100229
2139.000 99900
2140.000 99900
2141.000 99900
2142.000 99242
2143.000 100558
2144.000 99900
2145.000 99900
2146.000 99900
2147.000 99900
2148.000 99900
2149.000 99900
2150.000 99900
2151.000 99900
2152.000 99242
2153.000 100558
2154.000 99571
2155.000 100229
2156.000 99571
2157.000 100229
2158.000 99900
2159.000 99900
2160.000 99242
2161.000 100558
2162.000 99900
2163.000 99900
2164.000 99571
2165.000 100229
2166.000 99900
2167.000 99900
2168.000 99900
2169.000 99242
2170.000 100229
2171.000 100229
2172.000 99900
2173.000 99900
2174.000 99900
2175.000 99242
2176.000 99900
2177.000 100558
2178.000 99242
2179.000 100558
2180.000 99900
2181.000 99900
2182.000 99571
2183.000 99571
2184.000 100558
2185.000 99242
2186.000 99900
2187.000 99900
2188.000 100558
2189.000 99242
2190.000 99900
2191.000 100558
2192.000 99242
2193.000 99900
2194.000 99900
2195.000 99900
2196.000 100229
2197.000 99571
2198.000 100558
2199.000 99900
2200.000 99242
2201.000 100558
2202.000 99242
2203.000 99900
2204.000 99900
2205.000 100558
2206.000 99242
2207.000 99900
2208.000 100558
2209.000 99242
2210.000 99900
2211.000 100558
2212.000 99242
2213.000 99900
2214.000 100558
2215.000 99900
2216.000 99242
2217.000 100558
2218.000 99242
2219.000 99900
2220.000 100558
2221.000 99242
2222.000 99900
2223.000 99900
2224.000 99900
2225.000 100558
2226.000 99900
2227.000 97902
2228.000 101240
2229.000 99900
2230.000 100558
2231.000 99242
2232.000 42616
2233.000 20979
2234.000 52289
2235.000 164494
2236.000 217782
2237.000 101898
2238.000 99242
2239.000 98560
2240.000 99900
2241.000 99900
2242.000 99571
2243.000 99900
2244.000 100229
2245.000 99900
2246.000 101898
2247.000 98560
2248.000 100582
2249.000 100558
2250.000 99571
2251.000 99571
2252.000 100558
2253.000 99242
2254.000 100558
2255.000 97902
2256.000 99900
2257.000 101240
2258.000 100558
2259.000 97902
2260.000 99900
2261.000 101240
2262.000 99900
2263.000 99900
2264.000 99900
2265.000 99559
2266.000 100241
2267.000 96562
2268.000 103238
2269.000 98560
2270.000 99242
2271.000 101898
2272.000 98889
2273.000 100911
2274.000 99900
2275.000 99900
2276.000 97902
2277.000 91908
2278.000 109890
2279.000 97902
2280.000 101898
2281.000 99900
2282.000 100229
2283.000 99571
2284.000 98560
2285.000 101240
2286.000 100229
2287.000 99230
2288.000 100241
2289.000 99900
2290.000 99900
2291.000 99900
2292.000 97902
2293.000 100887
2294.000 100911
2295.000 99900
2296.000 97902
2297.000 97902
2298.000 101898
2299.000 99900
2300.000 100558
2301.000 101898
2302.000 95904
2303.000 103238
2304.000 100558
2305.000 97902
2306.000 99900
2307.000 100229
2308.000 98913
2309.000 96562
2310.000 104895
2311.000 98243
2312.000 100558
2313.000 99571
2314.000 101569
2315.000 100229
2316.000 98231
2317.000 100558
2318.000 100582
2319.000 99900
2320.000 99900
2321.000 99900
2322.000 99900
2323.000 97902
2324.000 101898
2325.000 98889
2326.000 99571
2327.000 101240
2328.000 99900
2329.000 98560
2330.000 100558
2331.000 99242
2332.000 99900
2333.000 101240
2334.000 99900
2335.000 97902
2336.000 95904
2337.000 103896
2338.000 98560
2339.000 103238
2340.000 99900
2341.000 99900
2342.000 98560
2343.000 101240
2344.000 99218
2345.000 100582
2346.000 99900
2347.000 99900
2348.000 99900
2349.000 99900
2350.000 98560
2351.000 99900
2352.000 99900
2353.000 100229
2354.000 99571
2355.000 100558
2356.000 96586
2357.000 103896
2358.000 96562
2359.000 95904
2360.000 105236
2361.000 100558
2362.000 99242
2363.000 101898
2364.000 98560
2365.000 101240
2366.000 99900
2367.000 98560
2368.000 99900
2369.000 99242
2370.000 100558
2371.000 101240
2372.000 99900
2373.000 94564
2374.000 105236
2375.000 99900
2376.000 99900
2377.000 98560
2378.000 99900
2379.000 99900
2380.000 97902
2381.000 103238
2382.000 98560
2383.000 101240
2384.000 98560
2385.000 100558
2386.000 99242
2387.000 99900
2388.000 101240
2389.000 98560
2390.000 101240
2391.000 98889
2392.000 99571
2393.000 99900
2394.000 93906
2395.000 93248
2396.000 110548
2397.000 81918
2398.000 109232
2399.000 108550
2400.000 101898
2401.000 95246
2402.000 104554
2403.000 99242
2404.000 97902
2405.000 100558
2406.000 99571
2407.000 99571
2408.000 100229
2409.000 101569
2410.000 99900
2411.000 101898
2412.000 97902
2413.000 98889
2414.000 101569
2415.000 98231
2416.000 101569
2417.000 99900
2418.000 99900
2419.000 99900
2420.000 99900
2421.000 99242
2422.000 99218
2423.000 88594
2424.000 99242
2425.000 99900
2426.000 100558
2427.000 99900
2428.000 99900
2429.000 99900
2430.000 99242
2431.000 100558
2432.000 99900
2433.000 99900
2434.000 99900
2435.000 99900
2436.000 99900
2437.000 99900
2438.000 99900
2439.000 99900
2440.000 99900
2441.000 99242
2442.000 100229
2443.000 100229
2444.000 99242
2445.000 100558
2446.000 99900
2447.000 99900
2448.000 99242
2449.000 100558
2450.000 99900
2451.000 99242
2452.000 100558
2453.000 99900
2454.000 99900
2455.000 99900
2456.000 99900
2457.000 99900
2458.000 99900
2459.000 99900
2460.000 99242
2461.000 99900
2462.000 99900
2463.000 100558
2464.000 99242
2465.000 100558
2466.000 99900
2467.000 99900
2468.000 99900
2469.000 99900
2470.000 99242
2471.000 100558
2472.000 99900
2473.000 99242
2474.000 100558
2475.000 99242
2476.000 100558
2477.000 99900
2478.000 99571
2479.000 100229
2480.000 99242
2481.000 100229
2482.000 100229
2483.000 99571
2484.000 100229
2485.000 99242
2486.000 100558
2487.000 99242
2488.000 100558
2489.000 99900
2490.000 99242
2491.000 100558
2492.000 99900
2493.000 99242
2494.000 99900
2495.000 100558
2496.000 99900
2497.000 99900
2498.000 99900
2499.000 99242
2500.000 100558
2501.000 99242
2502.000 100558
2503.000 99242
2504.000 99900
2505.000 99900
2506.000 100558
2507.000 99900
2508.000 99900
2509.000 99900
2510.000 99900
2511.000 99242
2512.000 99900
2513.000 100558
2514.000 99900
2515.000 98231
2516.000 101569
2517.000 98231
2518.000 100911
2519.000 99900
2520.000 99900
2521.000 99900
2522.000 100558
2523.000 99900
2524.000 99242
2525.000 99218
2526.000 100911
2527.000 99571
2528.000 99900
2529.000 99900
2530.000 99900
2531.000 100229
2532.000 99571
2533.000 99900
2534.000 100558
2535.000 99242
2536.000 99900
2537.000 99900
2538.000 99900
2539.000 99900
2540.000 99900
2541.000 100558
2542.000 99242
2543.000 99900
2544.000 99900
2545.000 99900
2546.000 99900
2547.000 99900
2548.000 99900
2549.000 99900
2550.000 99900
2551.000 99900
2552.000 99900
2553.000 100229
2554.000 99571
2555.000 100229
2556.000 99571
2557.000 100558
2558.000 99242
2559.000 99900
2560.000 99900
2561.000 99900
2562.000 99900
2563.000 99900
2564.000 99900
2565.000 99900
2566.000 100558
2567.000 99242
2568.000 99900
2569.000 99900
2570.000 99900
2571.000 99900
2572.000 99900
2573.000 99900
2574.000 99900
2575.000 99900
2576.000 99900
2577.000 99900
2578.000 99900
2579.000 99900
2580.000 100558
2581.000 99242
2582.000 99900
2583.000 99900
2584.000 98889
2585.000 100911
2586.000 99900
2587.000 99900
2588.000 100558
2589.000 99242
2590.000 99218
2591.000 100582
2592.000 98889
2593.000 100911
2594.000 99900
2595.000 98560
2596.000 99900
2597.000 99900
2598.000 101240
2599.000 99900
2600.000 98560
2601.000 100229
2602.000 99571
2603.000 99900
2604.000 101240
2605.000 99900
2606.000 98560
2607.000 101240
2608.000 99900
2609.000 99900
2610.000 98560
2611.000 99900
2612.000 101240
2613.000 98889
2614.000 99571
2615.000 99900
2616.000 101240
2617.000 99900
2618.000 99900
2619.000 99900
2620.000 98560
2621.000 99900
2622.000 100229
2623.000 100911
2624.000 99900
2625.000 98560
2626.000 99900
2627.000 99900
2628.000 99900
2629.000 101240
2630.000 99900
2631.000 98560
2632.000 101240
2633.000 97902
2634.000 101898
2635.000 98560
2636.000 99900
2637.000 101240
2638.000 99900
2639.000 98889
2640.000 100911
2641.000 98560
2642.000 101240
2643.000 98560
2644.000 99900
2645.000 101240
2646.000 98560
2647.000 99900
2648.000 101240
2649.000 99900
2650.000 98560
2651.000 101240
2652.000 99900
2653.000 98560
2654.000 101240
2655.000 98560
2656.000 101240
2657.000 99900
2658.000 98560
2659.000 99900
2660.000 99900
2661.000 99900
2662.000 99900
2663.000 101240
2664.000 98560
2665.000 101240
2666.000 98889
2667.000 99571
2668.000 99900
2669.000 101240
2670.000 98560
2671.000 99900
2672.000 101240
2673.000 97902
2674.000 100558
2675.000 100229
2676.000 100911
2677.000 98560
2678.000 101240
2679.000 98560
2680.000 99900
2681.000 99900
2682.000 99900
2683.000 99900
2684.000 99900
2685.000 99900
2686.000 99571
2687.000 100229
2688.000 100558
2689.000 100582
2690.000 98560
2691.000 99900
2692.000 99900
2693.000 99900
2694.000 99900
2695.000 99900
2696.000 99900
2697.000 99900
2698.000 99900
2699.000 99900
2700.000 99900
2701.000 101240
2702.000 98889
2703.000 99571
2704.000 101240
2705.000 98560
2706.000 99900
2707.000 99900
2708.000 99242
2709.000 100558
2710.000 99900
2711.000 99900
2712.000 99900
2713.000 99900
2714.000 99900
2715.000 99900
2716.000 101240
2717.000 98560
2718.000 99900
2719.000 99900
2720.000 99900
2721.000 99900
2722.000 99900
2723.000 101240
2724.000 98560
2725.000 99900
2726.000 99900
2727.000 99900
2728.000 99900
2729.000 99900
2730.000 99900
2731.000 100229
2732.000 98231
2733.000 101240
2734.000 99900
2735.000 99900
2736.000 99900
2737.000 99242
2738.000 100558
2739.000 99900
2740.000 99242
2741.000 100558
2742.000 99900
2743.000 99242
2744.000 100558
2745.000 99900
2746.000 99900
2747.000 99900
2748.000 99900
2749.000 99242
2750.000 100558
2751.000 99900
2752.000 99900
2753.000 99900
2754.000 99900
2755.000 99242
2756.000 100558
2757.000 99900
2758.000 99900
2759.000 99242
2760.000 100558
2761.000 99900
2762.000 99242
2763.000 100558
2764.000 99242
2765.000 100558
2766.000 99900
2767.000 99900
2768.000 99242
2769.000 100558
2770.000 99900
2771.000 99571
2772.000 100229
2773.000 99900
2774.000 99571
2775.000 100229
2776.000 99900
2777.000 99900
2778.000 99900
2779.000 99242
2780.000 100558
2781.000 99900
2782.000 99900
2783.000 99900
2784.000 99242
2785.000 100558
2786.000 99900
2787.000 99900
2788.000 99242
2789.000 100558
2790.000 99900
2791.000 99900
2792.000 99900
2793.000 99900
2794.000 99242
2795.000 100229
2796.000 100229
2797.000 99900
2798.000 99900
2799.000 99900
2800.000 99900
2801.000 99900
2802.000 99242
2803.000 100558
2804.000 99571
2805.000 99900
2806.000 99230
2807.000 100241
2808.000 100558
2809.000 99900
2810.000 99242
2811.000 99900
2812.000 99900
2813.000 99900
2814.000 99900
2815.000 100558
2816.000 99242
2817.000 99900
2818.000 99900
2819.000 100558
2820.000 99900
2821.000 99900
2822.000 99242
2823.000 99900
2824.000 99900
2825.000 99900
2826.000 99900
2827.000 99900
2828.000 99900
2829.000 98560
2830.000 101240
2831.000 98560
2832.000 101569
2833.000 99571
2834.000 100558
2835.000 98231
2836.000 101569
2837.000 99242
2838.000 100229
2839.000 100229
2840.000 99242
2841.000 100558
2842.000 99242
2843.000 100558
2844.000 99242
2845.000 99900
2846.000 99900
2847.000 100558
2848.000 99242
2849.000 99900
2850.000 100558
2851.000 99900
2852.000 99242
2853.000 100558
2854.000 99900
2855.000 99242
2856.000 100558
2857.000 99242
2858.000 99900
2859.000 100558
2860.000 99242
2861.000 99900
2862.000 100558
2863.000 99242
2864.000 99900
2865.000 99900
2866.000 99900
2867.000 99900
2868.000 99900
2869.000 100229
2870.000 99571
2871.000 99900
2872.000 99900
2873.000 99900
2874.000 100558
2875.000 97902
2876.000 101240
2877.000 99900
2878.000 99900
2879.000 99900
2880.000 99900
2881.000 98889
2882.000 100229
2883.000 100582
2884.000 98560
2885.000 100899
2886.000 100241
2887.000 99900
2888.000 99900
2889.000 99900
2890.000 99900
2891.000 99900
2892.000 99900
2893.000 99900
2894.000 99900
2895.000 98560
2896.000 99900
2897.000 101240
2898.000 99900
2899.000 99900
2900.000 99900
2901.000 99900
2902.000 99900
2903.000 99900
2904.000 99900
2905.000 99900
2906.000 99900
2907.000 99900
2908.000 99900
2909.000 99900
2910.000 99900
2911.000 99900
2912.000 99900
2913.000 99900
2914.000 99900
2915.000 99900
2916.000 99900
2917.000 100558
2918.000 99242
2919.000 99218
2920.000 100582
2921.000 99900
2922.000 98560
2923.000 101240
2924.000 99900
2925.000 99900
2926.000 99900
2927.000 99900
2928.000 99900
2929.000 99900
2930.000 98560
2931.000 101240
2932.000 99218
2933.000 99900
2934.000 100582
2935.000 99900
2936.000 99900
2937.000 99900
2938.000 99900
2939.000 98560
2940.000 101240
2941.000 99900
2942.000 98560
2943.000 101240
2944.000 99900
2945.000 99900
2946.000 99900
2947.000 98560
2948.000 101240
2949.000 99900
2950.000 99900
2951.000 99900
2952.000 99900
2953.000 98560
2954.000 100558
2955.000 100582
2956.000 99900
2957.000 99900
2958.000 98560
2959.000 101240
2960.000 99900
2961.000 98560
2962.000 99900
2963.000 99900
2964.000 101240
2965.000 99900
2966.000 98560
2967.000 99900
2968.000 99900
2969.000 99900
2970.000 99900
2971.000 101240
2972.000 98560
2973.000 101240
2974.000 98560
2975.000 99900
2976.000 101240
2977.000 99900
2978.000 98560
2979.000 99900
2980.000 99900
2981.000 101240
2982.000 99900
2983.000 98560
2984.000 101240
2985.000 99900
2986.000 99900
2987.000 99900
2988.000 98560
2989.000 100229
2990.000 99571
2991.000 101240
2992.000 98560
2993.000 101240
2994.000 98560
2995.000 100229
2996.000 99571
2997.000 99242
2998.000 101898
2999.000 98560
3000.000 99900
3001.000 99900
3002.000 99900
3003.000 99900
3004.000 99900
3005.000 99900
3006.000 100229
3007.000 99571
3008.000 99900
3009.000 99900
3010.000 99900
3011.000 99900
3012.000 99900
3013.000 100229
3014.000 99571
3015.000 99900
3016.000 99900
3017.000 99242
3018.000 100558
3019.000 99900
3020.000 99900
3021.000 99900
3022.000 99900
3023.000 99571
3024.000 100229
3025.000 99900
3026.000 99242
3027.000 100558
3028.000 99900
3029.000 99242
3030.000 100558
3031.000 99900
3032.000 99242
3033.000 100558
3034.000 101240
3035.000 97902
3036.000 100558
3037.000 99900
3038.000 99900
3039.000 99900
3040.000 99900
3041.000 99242
3042.000 100558
3043.000 99900
3044.000 99242
3045.000 100558
3046.000 99900
3047.000 99900
3048.000 99900
3049.000 99900
3050.000 99900
3051.000 99242
3052.000 100558
3053.000 99900
3054.000 99900
3055.000 99900
3056.000 99242
3057.000 100558
3058.000 99900
3059.000 99900
3060.000 99900
3061.000 99900
3062.000 99900
3063.000 99900
3064.000 99900
3065.000 99900
3066.000 99900
3067.000 99900
3068.000 99242
3069.000 100558
3070.000 99900
3071.000 99900
3072.000 99900
3073.000 99900
3074.000 99900
3075.000 99900
3076.000 99900
3077.000 99242
3078.000 100558
3079.000 99900
3080.000 99900
3081.000 99900
3082.000 99242
3083.000 100558
3084.000 99900
3085.000 99242
3086.000 100558
3087.000 99900
3088.000 99900
3089.000 99900
3090.000 99242
3091.000 100558
3092.000 99900
3093.000 99900
3094.000 99900
3095.000 99900
3096.000 99900
3097.000 99242
3098.000 99900
3099.000 99900
3100.000 100558
3101.000 99571
3102.000 100229
3103.000 99571
3104.000 100229
3105.000 99900
3106.000 99242
3107.000 100229
3108.000 98231
3109.000 100558
3110.000 100582
3111.000 100558
3112.000 99242
3113.000 99900
3114.000 100229
3115.000 99900
3116.000 99571
3117.000 100558
3118.000 99242
3119.000 99900
3120.000 100558
3121.000 99900
3122.000 99242
3123.000 100558
3124.000 99900
3125.000 99900
3126.000 99900
3127.000 99242
3128.000 99900
3129.000 99900
3130.000 99900
3131.000 99900
3132.000 99900
3133.000 100558
3134.000 99242
3135.000 100558
3136.000 99242
3137.000 99900
3138.000 100558
3139.000 99242
3140.000 99900
3141.000 99900
3142.000 100558
3143.000 99571
3144.000 100229
3145.000 99242
3146.000 99900
3147.000 81918
3148.000 117882
3149.000 99900
3150.000 98560
3151.000 101898
3152.000 99242
3153.000 99900
3154.000 100558
3155.000 99242
3156.000 100558
3157.000 99242
3158.000 99900
3159.000 99900
3160.000 100558
3161.000 99900
3162.000 99242
3163.000 98560
3164.000 101898
3165.000 99242
3166.000 100558
3167.000 99242
3168.000 99218
3169.000 100911
3170.000 100229
3171.000 99242
3172.000 93906
3173.000 105894
3174.000 99900
3175.000 99900
3176.000 100229
3177.000 99900
3178.000 99571
3179.000 99900
3180.000 100558
3181.000 99242
3182.000 99900
3183.000 99900
3184.000 99900
3185.000 99559
3186.000 100570
3187.000 99571
3188.000 98889
3189.000 100911
3190.000 100229
3191.000 99571
3192.000 99900
3193.000 99900
3194.000 99900
3195.000 100558
3196.000 99900
3197.000 99242
3198.000 99900
3199.000 99900
3200.000 100558
3201.000 99242
3202.000 99900
3203.000 99900
3204.000 100558
3205.000 97902
3206.000 101240
3207.000 99900
3208.000 98560
3209.000 99242
3210.000 98560
3211.000 101898
3212.000 101240
3213.000 98560
3214.000 95904
3215.000 103896
3216.000 99900
3217.000 99242
3218.000 101898
3219.000 99218
3220.000 100582
3221.000 99900
3222.000 97902
3223.000 101898
3224.000 99900
3225.000 99900
3226.000 99900
3227.000 99900
3228.000 99900
3229.000 99900
3230.000 99900
3231.000 99900
3232.000 99900
3233.000 99900
3234.000 98560
3235.000 99900
3236.000 99900
3237.000 101240
3238.000 99900
3239.000 99900
3240.000 98560
3241.000 101240
3242.000 98560
3243.000 99900
3244.000 101240
3245.000 99900
3246.000 99900
3247.000 100229
3248.000 99571
3249.000 99218
3250.000 99242
3251.000 101240
3252.000 98560
3253.000 98231
3254.000 102909
3255.000 98889
3256.000 100570
3257.000 100241
3258.000 98560
3259.000 99242
3260.000 101898
3261.000 98560
3262.000 99242
3263.000 96562
3264.000 103238
3265.000 100558
3266.000 99242
3267.000 99900
3268.000 100229
3269.000 101569
3270.000 98560
3271.000 101240
3272.000 99900
3273.000 99900
3274.000 98560
3275.000 99571
3276.000 101569
3277.000 97902
3278.000 100558
3279.000 101240
3280.000 98560
3281.000 101240
3282.000 97902
3283.000 93906
3284.000 106223
3285.000 98560
3286.000 101569
3287.000 100229
3288.000 99900
3289.000 98913
3290.000 100558
3291.000 99242
3292.000 98560
3293.000 101240
3294.000 101898
3295.000 99218
3296.000 99900
3297.000 99242
3298.000 99900
3299.000 95904
3300.000 103896
3301.000 97902
3302.000 101240
3303.000 99900
3304.000 99900
3305.000 91908
3306.000 102556
3307.000 105894
3308.000 95904
3309.000 95246
3310.000 108550
3311.000 98560
3312.000 99571
3313.000 101569
3314.000 101240
3315.000 98560
3316.000 99900
3317.000 99900
3318.000 101240
3319.000 98560
3320.000 101240
3321.000 99218
3322.000 99242
3323.000 99900
3324.000 99900
3325.000 99242
3326.000 100558
3327.000 101240
3328.000 99900
3329.000 98560
3330.000 99242
3331.000 100887
3332.000 98913
3333.000 100558
3334.000 99900
3335.000 99242
3336.000 99900
3337.000 100558
3338.000 99242
3339.000 99900
3340.000 99900
3341.000 99900
3342.000 96562
3343.000 99900
3344.000 101898
3345.000 97902
3346.000 103238
3347.000 100229
3348.000 98231
3349.000 101898
3350.000 98231
3351.000 99900
3352.000 101569
3353.000 99242
3354.000 100558
3355.000 99242
3356.000 96562
3357.000 103238
3358.000 100558
3359.000 99242
3360.000 100558
3361.000 97902
3362.000 99242
3363.000 101898
3364.000 99900
3365.000 99900
3366.000 100558
3367.000 99900
3368.000 99900
3369.000 99242
3370.000 100558
3371.000 99900
3372.000 99900
3373.000 99900
3374.000 99900
3375.000 99900
3376.000 99900
3377.000 99900
3378.000 99571
3379.000 100229
3380.000 93906
3381.000 105894
3382.000 99900
3383.000 89252
3384.000 110548
3385.000 99242
3386.000 97902
3387.000 100558
3388.000 99900
3389.000 99900
3390.000 101240
3391.000 88570
3392.000 107234
3393.000 97902
3394.000 96562
3395.000 109890
3396.000 99242
3397.000 99900
3398.000 96562
3399.000 102556
3400.000 101240
3401.000 93906
3402.000 105236
3403.000 100558
3404.000 99242
3405.000 99900
3406.000 99900
3407.000 100558
3408.000 99242
3409.000 56602
3410.000 81589
3411.000 159840
3412.000 99900
3413.000 99900
3414.000 99900
3415.000 100558
3416.000 99242
3417.000 100558
3418.000 97902
3419.000 101898
3420.000 99242
3421.000 99900
3422.000 100558
3423.000 99242
3424.000 100558
3425.000 99242
3426.000 99900
3427.000 100558
3428.000 99242
3429.000 99900
3430.000 98560
3431.000 101898
3432.000 99242
3433.000 99900
3434.000 99900
3435.000 100558
3436.000 99571
3437.000 99571
3438.000 99900
3439.000 99900
3440.000 99900
3441.000 100558
3442.000 98231
3443.000 99571
3444.000 100229
3445.000 100911
3446.000 100558
3447.000 99900
3448.000 99571
3449.000 99571
3450.000 99900
3451.000 99900
3452.000 99900
3453.000 100558
3454.000 99242
3455.000 99900
3456.000 98560
3457.000 101240
3458.000 99900
3459.000 99900
3460.000 99900
3461.000 99900
3462.000 100558
3463.000 99242
3464.000 99900
3465.000 99900
3466.000 99900
3467.000 99900
3468.000 100558
3469.000 99242
3470.000 99900
3471.000 99900
3472.000 99900
3473.000 99900
3474.000 99900
3475.000 99900
3476.000 100558
3477.000 99242
3478.000 99900
3479.000 99900
3480.000 99900
3481.000 99900
3482.000 100558
3483.000 99242
3484.000 99900
3485.000 99900
3486.000 99900
3487.000 99900
3488.000 99900
3489.000 99900
3490.000 100229
3491.000 99571
3492.000 98560
3493.000 99900
3494.000 101240
3495.000 99900
3496.000 99218
3497.000 101240
3498.000 99242
3499.000 99900
3500.000 99900
3501.000 99900
3502.000 99900
3503.000 98560
3504.000 101240
3505.000 99900
3506.000 99900
3507.000 99900
3508.000 98560
3509.000 101240
3510.000 99900
3511.000 99900
3512.000 98560
3513.000 101240
3514.000 658
