# Slice: URLLC | 112.217.128.200:322 -> 10.215.173.1:48626 (TCP)
# offset_sec  packet_size_bytes
0.000 408
1.000 80
2.000 64
4.000 64
6.000 64
8.000 64
10.000 64
12.000 64
14.000 64
16.000 64
18.000 64
20.000 64
22.000 64
24.000 64
26.000 64
28.000 64
30.000 64
32.000 64
34.000 64
36.000 64
38.000 64
40.000 64
42.000 64
44.000 64
46.000 64
48.000 64
50.000 64
52.000 64
54.000 64
56.000 64
58.000 64
60.000 64
62.000 64
64.000 64
66.000 64
68.000 64
70.000 64
72.000 64
74.000 64
76.000 64
78.000 64
80.000 64
82.000 64
84.000 64
86.000 64
88.000 64
90.000 64
92.000 64
94.000 64
96.000 64
98.000 64
100.000 64
102.000 64
104.000 64
106.000 64
108.000 64
110.000 64
112.000 64
114.000 64
116.000 64
118.000 64
120.000 64
122.000 64
124.000 64
126.000 64
128.000 64
130.000 64
132.000 64
134.000 64
136.000 64
138.000 64
140.000 64
142.000 64
144.000 64
146.000 64
148.000 64
150.000 64
152.000 64
154.000 64
156.000 64
158.000 64
160.000 64
162.000 64
164.000 64
166.000 64
168.000 64
170.000 64
172.000 64
174.000 64
176.000 64
178.000 64
180.000 64
182.000 64
184.000 64
186.000 64
188.000 64
190.000 64
192.000 64
194.000 64
196.000 64
198.000 64
200.000 64
202.000 64
204.000 64
206.000 64
208.000 64
210.000 64
212.000 64
214.000 64
216.000 64
218.000 64
220.000 64
222.000 64
224.000 64
226.000 64
228.000 64
230.000 64
232.000 64
234.000 64
236.000 64
238.000 64
240.000 64
242.000 64
244.000 64
246.000 64
248.000 64
250.000 64
252.000 64
254.000 64
256.000 64
258.000 64
260.000 64
262.000 64
264.000 64
266.000 64
268.000 64
270.000 64
272.000 64
274.000 64
276.000 64
278.000 64
280.000 64
282.000 64
284.000 64
286.000 64
288.000 64
290.000 64
292.000 64
294.000 64
296.000 64
298.000 64
300.000 64
302.000 64
304.000 64
306.000 64
308.000 64
310.000 64
312.000 64
314.000 64
316.000 64
318.000 64
320.000 64
322.000 64
324.000 64
326.000 64
328.000 64
330.000 64
332.000 64
334.000 64
336.000 64
338.000 64
340.000 64
342.000 64
344.000 64
346.000 64
348.000 64
350.000 64
352.000 64
354.000 64
356.000 64
358.000 64
360.000 64
362.000 64
364.000 64
366.000 64
368.000 64
370.000 64
372.000 64
374.000 64
376.000 64
378.000 64
380.000 64
382.000 64
384.000 64
386.000 64
388.000 64
390.000 64
392.000 64
394.000 64
396.000 64
398.000 64
400.000 64
402.000 64
404.000 64
406.000 64
408.000 64
410.000 64
412.000 64
414.000 64
416.000 64
418.000 64
420.000 64
422.000 64
424.000 64
426.000 64
428.000 64
430.000 64
432.000 64
434.000 64
436.000 64
438.000 64
440.000 64
442.000 64
444.000 64
446.000 64
448.000 64
450.000 64
452.000 64
454.000 64
456.000 64
458.000 64
460.000 64
462.000 64
464.000 64
466.000 64
468.000 64
470.000 64
472.000 64
474.000 64
476.000 64
478.000 64
480.000 64
482.000 64
484.000 64
486.000 64
488.000 64
490.000 64
492.000 64
494.000 64
496.000 64
498.000 64
500.000 64
502.000 64
504.000 64
506.000 64
508.000 64
510.000 64
512.000 64
514.000 64
516.000 64
518.000 64
520.000 64
522.000 64
524.000 64
526.000 64
528.000 64
530.000 64
532.000 64
534.000 64
536.000 64
538.000 64
540.000 64
542.000 64
544.000 64
546.000 64
548.000 64
550.000 64
552.000 64
554.000 64
556.000 64
558.000 64
560.000 64
562.000 64
564.000 64
566.000 64
568.000 64
570.000 64
572.000 64
574.000 64
576.000 64
578.000 64
580.000 64
582.000 64
584.000 64
586.000 64
588.000 64
590.000 64
592.000 64
594.000 64
596.000 64
598.000 64
600.000 64
602.000 64
604.000 64
606.000 64
608.000 64
610.000 64
612.000 64
614.000 64
616.000 64
618.000 64
620.000 64
622.000 64
624.000 64
626.000 64
628.000 64
630.000 64
632.000 64
634.000 64
636.000 64
638.000 64
640.000 64
642.000 64
644.000 64
646.000 64
648.000 64
650.000 64
652.000 64
654.000 64
656.000 64
658.000 64
660.000 64
662.000 64
664.000 64
666.000 64
668.000 64
670.000 64
672.000 64
674.000 64
676.000 64
678.000 64
680.000 64
682.000 64
684.000 64
686.000 64
688.000 64
690.000 64
692.000 64
694.000 64
696.000 64
698.000 64
700.000 64
702.000 64
704.000 64
706.000 64
708.000 64
710.000 64
712.000 64
714.000 64
716.000 64
718.000 64
720.000 64
722.000 64
724.000 64
726.000 64
728.000 64
730.000 64
732.000 64
734.000 64
736.000 64
738.000 64
740.000 64
742.000 64
744.000 64
746.000 64
748.000 64
750.000 64
752.000 64
754.000 64
756.000 64
758.000 64
760.000 64
762.000 64
764.000 64
766.000 64
768.000 64
770.000 64
772.000 64
774.000 64
776.000 64
778.000 64
780.000 64
782.000 64
784.000 64
786.000 64
788.000 64
790.000 64
792.000 64
794.000 64
796.000 64
798.000 64
800.000 64
802.000 64
804.000 64
806.000 64
808.000 64
810.000 64
812.000 64
814.000 64
816.000 64
818.000 64
820.000 64
822.000 64
824.000 64
826.000 64
828.000 64
830.000 64
832.000 64
834.000 64
836.000 64
838.000 64
840.000 64
842.000 64
844.000 64
846.000 64
848.000 64
850.000 64
852.000 64
854.000 64
856.000 64
858.000 64
860.000 64
862.000 64
864.000 64
866.000 64
868.000 64
870.000 64
872.000 64
874.000 64
876.000 64
878.000 64
880.000 64
882.000 64
884.000 64
886.000 64
888.000 64
890.000 64
892.000 64
894.000 64
896.000 64
898.000 64
900.000 64
902.000 64
904.000 64
906.000 64
908.000 64
910.000 64
912.000 64
914.000 64
916.000 64
918.000 64
920.000 64
922.000 64
924.000 64
926.000 64
928.000 64
930.000 64
932.000 64
934.000 64
936.000 64
938.000 64
940.000 64
942.000 64
944.000 64
946.000 64
948.000 64
950.000 64
952.000 64
954.000 64
956.000 64
958.000 64
960.000 64
962.000 64
964.000 64
966.000 64
968.000 64
970.000 64
972.000 64
974.000 64
976.000 64
978.000 64
980.000 64
982.000 64
984.000 64
986.000 64
988.000 64
990.000 64
992.000 64
994.000 64
996.000 64
998.000 64
1000.000 64
1002.000 64
1004.000 64
1006.000 64
1008.000 64
1010.000 64
1012.000 64
1014.000 64
1016.000 64
1018.000 64
1020.000 64
1022.000 64
1024.000 64
1026.000 64
1028.000 64
1030.000 64
1032.000 64
1034.000 64
1036.000 64
1038.000 64
1040.000 64
1042.000 64
1044.000 64
1046.000 64
1048.000 64
1050.000 64
1052.000 64
1054.000 64
1056.000 64
1058.000 64
1060.000 64
1062.000 64
1064.000 64
1066.000 64
1068.000 64
1070.000 64
1072.000 64
1074.000 64
1076.000 64
1078.000 64
1080.000 64
1082.000 64
1084.000 64
1086.000 64
1088.000 64
1090.000 64
1092.000 64
1094.000 64
1096.000 64
1098.000 64
1100.000 64
1102.000 64
1104.000 64
1106.000 64
1108.000 64
1110.000 64
1112.000 64
1114.000 64
1116.000 64
1118.000 64
1120.000 64
1122.000 64
1124.000 64
1126.000 64
1128.000 64
1130.000 64
1132.000 64
1134.000 64
1136.000 64
1138.000 64
1140.000 64
1142.000 64
1144.000 64
1146.000 64
1148.000 64
1150.000 64
1152.000 64
1154.000 64
1156.000 64
1158.000 64
1160.000 64
1162.000 64
1164.000 64
1166.000 64
1168.000 64
1170.000 64
1172.000 64
1174.000 64
1176.000 64
1178.000 64
1180.000 64
1182.000 64
1184.000 64
1186.000 64
1188.000 64
1190.000 64
1192.000 64
1194.000 64
1196.000 64
1198.000 64
1200.000 64
1202.000 64
1204.000 64
1206.000 64
1208.000 64
1210.000 64
1212.000 64
1214.000 64
1216.000 64
1218.000 64
1220.000 64
1222.000 64
1224.000 64
1226.000 64
1228.000 64
1230.000 64
1232.000 64
1234.000 64
1236.000 64
1238.000 64
1240.000 64
1242.000 64
1244.000 64
1246.000 64
1248.000 64
1250.000 64
1252.000 64
1254.000 64
1256.000 64
1258.000 64
1260.000 64
1262.000 64
1264.000 64
1266.000 64
1268.000 64
1270.000 64
1272.000 64
1274.000 64
1276.000 64
1278.000 64
1280.000 64
1282.000 64
1284.000 64
1286.000 64
1288.000 64
1290.000 64
1292.000 64
1294.000 64
1296.000 64
1298.000 64
1300.000 64
1302.000 64
1304.000 64
1306.000 64
1308.000 64
1310.000 64
1312.000 64
1314.000 64
1316.000 64
1318.000 64
1320.000 64
1322.000 64
1324.000 64
1326.000 64
1328.000 64
1330.000 64
1332.000 64
1334.000 64
1336.000 64
1338.000 64
1340.000 64
1342.000 64
1344.000 64
1346.000 64
1348.000 64
1350.000 64
1352.000 64
1354.000 64
1356.000 64
1358.000 64
1360.000 64
1362.000 64
1364.000 64
1366.000 64
1368.000 64
1370.000 64
1372.000 64
1374.000 64
1376.000 64
1378.000 64
1380.000 64
1382.000 64
1384.000 64
1386.000 64
1388.000 64
1390.000 64
1392.000 64
1394.000 64
1396.000 64
1398.000 64
1400.000 64
1402.000 64
1404.000 64
1406.000 64
1408.000 64
1410.000 64
1412.000 64
1414.000 64
1416.000 64
1418.000 64
1420.000 64
1422.000 64
1424.000 64
1426.000 64
1428.000 64
1430.000 64
1432.000 64
1434.000 64
1436.000 64
1438.000 64
1440.000 64
1442.000 64
1444.000 64
1446.000 64
1448.000 64
1450.000 64
1452.000 64
1454.000 64
1456.000 64
1458.000 64
1460.000 64
1462.000 64
1464.000 64
1466.000 64
1468.000 64
1470.000 64
1472.000 64
1474.000 64
1476.000 64
1478.000 64
1480.000 64
1482.000 64
1484.000 64
1486.000 64
1488.000 64
1490.000 64
1492.000 64
1494.000 64
1496.000 64
1498.000 64
1500.000 64
1502.000 64
1504.000 64
1506.000 64
1508.000 64
1510.000 64
1512.000 64
1514.000 64
1516.000 64
1518.000 64
1520.000 64
1522.000 64
1524.000 64
1526.000 64
1528.000 64
1530.000 64
1532.000 64
1534.000 64
1536.000 64
1538.000 64
1540.000 64
1542.000 64
1544.000 64
1546.000 64
1548.000 64
1550.000 64
1552.000 64
1554.000 64
1556.000 64
1558.000 64
1560.000 64
1562.000 64
1564.000 64
1566.000 64
1568.000 64
1570.000 64
1572.000 64
1574.000 64
1576.000 64
1578.000 64
1580.000 64
1582.000 64
1584.000 64
1586.000 64
1588.000 64
1590.000 64
1593.000 64
1595.000 64
1597.000 64
1599.000 64
1601.000 64
1603.000 64
1605.000 64
1607.000 64
1609.000 64
1611.000 64
1613.000 64
1615.000 64
1617.000 64
1619.000 64
1621.000 64
1623.000 64
1625.000 64
1627.000 64
1629.000 64
1631.000 64
1633.000 64
1635.000 64
1637.000 64
1639.000 64
1641.000 64
1643.000 64
1645.000 64
1647.000 64
1649.000 64
1651.000 64
1653.000 64
1655.000 64
1657.000 64
1659.000 64
1661.000 64
1663.000 64
1665.000 64
1667.000 64
1669.000 64
1671.000 64
1673.000 64
1675.000 64
1677.000 64
1679.000 64
1681.000 64
1683.000 64
1685.000 64
1687.000 64
1689.000 64
1691.000 64
1693.000 64
1695.000 64
1697.000 64
1699.000 64
1701.000 64
1703.000 64
1705.000 64
1707.000 64
1709.000 64
1711.000 64
1713.000 64
1715.000 64
1717.000 64
1719.000 64
1721.000 64
1723.000 64
1725.000 64
1727.000 64
1729.000 64
1731.000 64
1733.000 64
1735.000 64
1737.000 64
1739.000 64
1741.000 64
1743.000 64
1745.000 64
1747.000 64
1749.000 64
1751.000 64
1753.000 64
1755.000 64
1757.000 64
1759.000 64
1761.000 64
1763.000 64
1765.000 64
1767.000 64
1769.000 64
1771.000 64
1773.000 64
1775.000 64
1777.000 64
1779.000 64
1781.000 64
1783.000 64
1785.000 64
1787.000 64
1789.000 64
1791.000 64
1793.000 64
1795.000 64
1797.000 64
1799.000 64
1801.000 64
1803.000 64
1805.000 64
1807.000 64
1809.000 64
1811.000 64
1813.000 64
1815.000 64
1817.000 64
1819.000 64
1821.000 64
1823.000 64
1825.000 64
1827.000 64
1829.000 64
1831.000 64
1833.000 64
1835.000 64
1837.000 64
1839.000 64
1841.000 64
1843.000 64
1845.000 64
1847.000 64
1849.000 64
1851.000 64
1853.000 64
1855.000 64
1857.000 64
1859.000 64
1861.000 64
1863.000 64
1865.000 64
1867.000 64
1869.000 64
1871.000 64
1873.000 64
1875.000 64
1877.000 64
1879.000 64
1881.000 64
1883.000 64
1885.000 64
1887.000 64
1889.000 64
1891.000 64
1893.000 64
1895.000 64
1897.000 64
1899.000 64
1901.000 64
1903.000 64
1905.000 64
1907.000 64
1909.000 64
1911.000 64
1913.000 64
1915.000 64
1917.000 64
1919.000 64
1921.000 64
1923.000 64
1925.000 64
1927.000 64
1929.000 64
1931.000 64
1933.000 64
1935.000 64
1937.000 64
1939.000 64
1941.000 64
1943.000 64
1945.000 64
1947.000 64
1949.000 64
1951.000 64
1953.000 64
1955.000 64
1957.000 64
1959.000 64
1961.000 64
1963.000 64
1965.000 64
1967.000 64
1969.000 64
1971.000 64
1973.000 64
1975.000 64
1977.000 64
1979.000 64
1981.000 64
1983.000 64
1985.000 64
1987.000 64
1989.000 64
1991.000 64
1993.000 64
1995.000 64
1997.000 64
1999.000 64
2001.000 64
2003.000 64
2005.000 64
2007.000 64
2009.000 64
2011.000 64
2013.000 64
2015.000 64
2017.000 64
2019.000 64
2021.000 64
2023.000 64
2025.000 64
2027.000 64
2029.000 64
2031.000 64
2033.000 64
2035.000 64
2037.000 64
2039.000 64
2041.000 64
2043.000 64
2045.000 64
2047.000 64
2049.000 64
2051.000 64
2053.000 64
2055.000 64
2057.000 64
2059.000 64
2061.000 64
2063.000 64
2065.000 64
2067.000 64
2069.000 64
2071.000 64
2073.000 64
2075.000 64
2077.000 64
2079.000 64
2081.000 64
2083.000 64
2085.000 64
2087.000 64
2089.000 64
2091.000 64
2093.000 64
2095.000 64
2097.000 64
2099.000 64
2101.000 64
2103.000 64
2105.000 64
2107.000 64
2109.000 64
2111.000 64
2113.000 64
2115.000 64
2117.000 64
2119.000 64
2121.000 64
2123.000 64
2125.000 64
2127.000 64
2129.000 64
2131.000 64
2133.000 64
2135.000 64
2137.000 64
2139.000 64
2141.000 64
2143.000 64
2145.000 64
2147.000 64
2149.000 64
2151.000 64
2153.000 64
2155.000 64
2157.000 64
2159.000 64
2161.000 64
2163.000 64
2165.000 64
2167.000 64
2169.000 64
2171.000 64
2173.000 64
2175.000 64
2177.000 64
2179.000 64
2181.000 64
2183.000 64
2185.000 64
2187.000 64
2189.000 64
2191.000 64
2193.000 64
2195.000 64
2197.000 64
2199.000 64
2201.000 64
2203.000 64
2205.000 64
2207.000 64
2209.000 64
2211.000 64
2213.000 64
2215.000 64
2217.000 64
2219.000 64
2221.000 64
2223.000 64
2225.000 64
2227.000 64
2229.000 64
2231.000 64
2233.000 64
2235.000 64
2237.000 64
2239.000 64
2241.000 64
2243.000 64
2245.000 64
2247.000 64
2249.000 64
2251.000 64
2253.000 64
2255.000 64
2257.000 64
2259.000 64
2261.000 64
2263.000 64
2265.000 64
2267.000 64
2269.000 64
2271.000 64
2273.000 64
2275.000 64
2277.000 64
2279.000 64
2281.000 64
2283.000 64
2285.000 64
2287.000 64
2289.000 64
2291.000 64
2293.000 64
2295.000 64
2297.000 64
2299.000 64
2301.000 64
2303.000 64
2305.000 64
2307.000 64
2309.000 64
2311.000 64
2313.000 64
2315.000 64
2317.000 64
2319.000 64
2321.000 64
2323.000 64
2325.000 64
2327.000 64
2329.000 64
2331.000 64
2333.000 64
2335.000 64
2337.000 64
2339.000 64
2341.000 64
2343.000 64
2345.000 64
2347.000 64
2349.000 64
2351.000 64
2353.000 64
2355.000 64
2357.000 64
2359.000 64
2361.000 64
2363.000 64
2365.000 64
2367.000 64
2369.000 64
2371.000 64
2373.000 64
2375.000 64
2377.000 64
2379.000 64
2381.000 64
2383.000 64
2385.000 64
2387.000 64
2389.000 64
2391.000 64
2393.000 64
2395.000 64
2397.000 64
2399.000 64
2401.000 64
2403.000 64
2405.000 64
2407.000 64
2409.000 64
2411.000 64
2413.000 64
2415.000 64
2417.000 64
2419.000 64
2421.000 64
2423.000 64
2425.000 64
2427.000 64
2429.000 64
2431.000 64
2433.000 64
2435.000 64
2437.000 64
2439.000 64
2441.000 64
2443.000 64
2445.000 64
2447.000 64
2449.000 64
2451.000 64
2453.000 64
2455.000 64
2457.000 64
2459.000 64
2461.000 64
2463.000 64
2465.000 64
2467.000 64
2469.000 64
2471.000 64
2473.000 64
2475.000 64
2477.000 64
2479.000 64
2481.000 64
2483.000 64
2485.000 64
2487.000 64
2489.000 64
2491.000 64
2493.000 64
2495.000 64
2497.000 64
2499.000 64
2501.000 64
2503.000 64
2505.000 64
2507.000 64
2509.000 64
2511.000 64
2513.000 64
2515.000 64
2517.000 64
2519.000 64
2521.000 64
2523.000 64
2525.000 64
2527.000 64
2529.000 64
2531.000 64
2533.000 64
2535.000 64
2537.000 64
2539.000 64
2541.000 64
2543.000 64
2545.000 64
2547.000 64
2549.000 64
2551.000 64
2553.000 64
2555.000 64
2557.000 64
2559.000 64
2561.000 64
2563.000 64
2565.000 64
2567.000 64
2569.000 64
2571.000 64
2573.000 64
2575.000 64
2577.000 64
2579.000 64
2581.000 64
2583.000 64
2585.000 64
2587.000 64
2589.000 64
2591.000 64
2593.000 64
2595.000 64
2597.000 64
2599.000 64
2601.000 64
2603.000 64
2605.000 64
2607.000 64
2609.000 64
2611.000 64
2613.000 64
2615.000 64
2617.000 64
2619.000 64
2621.000 64
2623.000 64
2625.000 64
2627.000 64
2629.000 64
2631.000 64
2633.000 64
2635.000 64
2637.000 64
2639.000 64
2641.000 64
2643.000 64
2645.000 64
2647.000 64
2649.000 64
2651.000 64
2653.000 64
2655.000 64
2657.000 64
2659.000 64
2661.000 64
2663.000 64
2665.000 64
2667.000 64
2669.000 64
2671.000 64
2673.000 64
2675.000 64
2677.000 64
2679.000 64
2681.000 64
2683.000 64
2685.000 64
2687.000 64
2689.000 64
2691.000 64
2693.000 64
2695.000 64
2697.000 64
2699.000 64
2701.000 64
2703.000 64
2705.000 64
2707.000 64
2709.000 64
2711.000 64
2713.000 64
2715.000 64
2717.000 64
2719.000 64
2721.000 64
2723.000 64
2725.000 64
2727.000 64
2729.000 64
2731.000 64
2733.000 64
2735.000 64
2737.000 64
2739.000 64
2741.000 64
2743.000 64
2745.000 64
2747.000 64
2749.000 64
2751.000 64
2753.000 64
2755.000 64
2757.000 64
2759.000 64
2761.000 64
2763.000 64
2765.000 64
2767.000 64
2769.000 64
2771.000 64
2773.000 64
2775.000 64
2777.000 64
2779.000 64
2781.000 64
2783.000 64
2785.000 64
2787.000 64
2789.000 64
2791.000 64
2793.000 64
2795.000 64
2797.000 64
2799.000 64
2801.000 64
2803.000 64
2805.000 64
2807.000 64
2809.000 64
2811.000 64
2813.000 64
2815.000 64
2817.000 64
2819.000 64
2821.000 64
2823.000 64
2825.000 64
2827.000 64
2829.000 64
2831.000 64
2833.000 64
2835.000 64
2837.000 64
2839.000 64
2841.000 64
2843.000 64
2845.000 64
2847.000 64
2849.000 64
2851.000 64
2853.000 64
2855.000 64
2857.000 64
2859.000 64
2861.000 64
2863.000 64
2865.000 64
2867.000 64
2869.000 64
2871.000 64
2873.000 64
2875.000 64
2877.000 64
2879.000 64
2881.000 64
2883.000 64
2885.000 64
2887.000 64
2889.000 64
2891.000 64
2893.000 64
2895.000 64
2897.000 64
2899.000 64
2901.000 64
2903.000 64
2905.000 64
2907.000 64
2909.000 64
2911.000 64
2913.000 64
2915.000 64
2917.000 64
2919.000 64
2921.000 64
2923.000 64
2925.000 64
2927.000 64
2929.000 64
2931.000 64
2933.000 64
2935.000 64
2937.000 64
2939.000 64
2941.000 64
2943.000 64
2945.000 64
2947.000 64
2949.000 64
2951.000 64
2953.000 64
2955.000 64
2957.000 64
2959.000 64
2961.000 64
2963.000 64
2965.000 64
2967.000 64
2969.000 64
2971.000 64
2973.000 64
2975.000 64
2977.000 64
2979.000 64
2981.000 64
2983.000 64
2985.000 64
2987.000 64
2989.000 64
2991.000 64
2993.000 64
2995.000 64
2997.000 64
2999.000 64
3001.000 64
3003.000 64
3005.000 64
3007.000 64
3009.000 64
3011.000 64
3013.000 64
3015.000 64
3017.000 64
3019.000 64
3021.000 64
3023.000 64
3025.000 64
3027.000 64
3029.000 64
3031.000 64
3033.000 64
3035.000 64
3037.000 64
3039.000 64
3041.000 64
3043.000 64
3045.000 64
3047.000 64
3049.000 64
3051.000 64
3053.000 64
3055.000 64
3057.000 64
3059.000 64
3061.000 64
3063.000 64
3065.000 64
3067.000 64
3069.000 64
3071.000 64
3073.000 64
3075.000 64
3077.000 64
3079.000 64
3081.000 64
3083.000 64
3085.000 64
3087.000 64
3089.000 64
3091.000 64
3093.000 64
3095.000 64
3097.000 64
3099.000 64
3101.000 64
3103.000 64
3105.000 64
3107.000 64
3109.000 64
3111.000 64
3113.000 64
3115.000 64
3117.000 64
3119.000 64
3121.000 64
3123.000 64
3125.000 64
3127.000 64
3129.000 64
3131.000 64
3133.000 64
3135.000 64
3137.000 64
3139.000 64
3141.000 64
3143.000 64
3145.000 64
3147.000 64
3149.000 64
3151.000 64
3153.000 64
3155.000 64
3157.000 64
3159.000 64
3161.000 64
3163.000 64
3165.000 64
3167.000 64
3169.000 64
3171.000 64
3173.000 64
3175.000 64
3177.000 64
3179.000 64
3181.000 64
3183.000 64
3185.000 64
3187.000 64
3189.000 64
3191.000 64
3193.000 64
3195.000 64
3197.000 64
3199.000 64
3201.000 64
3203.000 64
3205.000 64
3207.000 64
3209.000 64
3211.000 64
3213.000 64
3215.000 64
3217.000 64
3219.000 64
3221.000 64
3223.000 64
3225.000 64
3227.000 64
3229.000 64
3231.000 64
3233.000 64
3235.000 64
3237.000 64
3239.000 64
3241.000 64
3243.000 64
3245.000 64
3247.000 64
3249.000 64
3251.000 64
3253.000 64
3255.000 64
3257.000 64
3259.000 64
3261.000 64
3263.000 64
3265.000 64
3267.000 64
3269.000 64
3271.000 64
3273.000 64
3275.000 64
3277.000 64
3279.000 64
3281.000 64
3283.000 64
3285.000 64
3287.000 64
3289.000 64
3291.000 64
3293.000 64
3295.000 64
3297.000 64
3299.000 64
3301.000 64
3303.000 64
3305.000 64
3307.000 64
3309.000 64
3311.000 64
3313.000 64
3315.000 64
3317.000 64
3319.000 64
3321.000 64
3323.000 64
3325.000 64
3327.000 64
3329.000 64
3331.000 64
3333.000 64
3335.000 64
3337.000 64
3339.000 64
3341.000 64
3343.000 64
3345.000 64
3347.000 64
3349.000 64
3351.000 64
3353.000 64
3355.000 64
3357.000 64
3359.000 64
3361.000 64
3363.000 64
3365.000 64
3367.000 64
3369.000 64
3371.000 64
3373.000 64
3375.000 64
3377.000 64
3379.000 64
3381.000 64
3383.000 64
3385.000 64
3387.000 64
3389.000 64
3391.000 64
3393.000 64
3395.000 64
3397.000 64
3399.000 64
3401.000 64
3403.000 64
3405.000 64
3407.000 64
3409.000 64
3411.000 64
3413.000 64
3415.000 64
3417.000 64
3419.000 64
3421.000 64
3423.000 64
3425.000 64
3427.000 64
3429.000 64
3431.000 64
3433.000 64
3435.000 64
3437.000 64
3439.000 64
3441.000 64
3443.000 64
3445.000 64
3447.000 64
3449.000 64
3451.000 64
3453.000 64
3455.000 64
3457.000 64
3459.000 64
3461.000 64
3463.000 64
3465.000 64
3467.000 64
3469.000 64
3471.000 64
3473.000 64
3475.000 64
3477.000 64
3479.000 64
3481.000 64
3483.000 64
3485.000 64
3487.000 64
3489.000 64
3491.000 64
3493.000 64
3495.000 64
3497.000 64
3499.000 64
3501.000 64
3503.000 64
3505.000 64
3507.000 64
3509.000 64
3511.000 64
3513.000 64
3515.000 64
3517.000 64
3519.000 64
3521.000 64
3523.000 64
3525.000 64
3527.000 64
3529.000 64
3531.000 64
3533.000 64
3535.000 64
3537.000 64
3539.000 64
3541.000 64
3543.000 64
3545.000 64
3547.000 64
3549.000 64
3551.000 64
3553.000 64
3555.000 64
3557.000 64
3559.000 64
3561.000 64
3563.000 64
3565.000 64
3567.000 64
3569.000 64
3571.000 64
3573.000 64
3575.000 64
3577.000 64
3579.000 64
3581.000 64
3583.000 64
3585.000 64
3587.000 64
3589.000 64
3591.000 64
3593.000 64
3595.000 64
3597.000 64
3599.000 64
3601.000 64
3603.000 64
3605.000 64
3607.000 64
3609.000 64
3611.000 64
3613.000 64
3615.000 64
3617.000 64
3619.000 64
3621.000 64
3623.000 64
3625.000 64
3627.000 64
3629.000 64
3631.000 64
3633.000 64
3635.000 64
3637.000 64
3639.000 64
3641.000 64
3643.000 64
3645.000 64
3647.000 64
3649.000 64
3651.000 64
3653.000 64
3655.000 64
3657.000 64
3659.000 64
3661.000 64
3663.000 64
3665.000 64
3667.000 64
3669.000 64
3671.000 64
3673.000 64
3675.000 64
3677.000 64
3679.000 64
3681.000 64
3683.000 64
3685.000 64
3687.000 64
3689.000 64
3691.000 64
3693.000 64
3695.000 64
3697.000 64
3699.000 64
3701.000 64
3703.000 64
3705.000 64
3707.000 64
3709.000 64
3711.000 64
3713.000 64
3715.000 64
3717.000 64
3719.000 64
3721.000 64
3723.000 64
3725.000 64
3727.000 64
3729.000 64
3731.000 64
3733.000 64
3735.000 64
3737.000 64
3739.000 64
3741.000 64
3743.000 64
3745.000 64
3747.000 64
3749.000 64
3751.000 64
3753.000 64
3755.000 64
3757.000 64
3759.000 64
3761.000 64
3763.000 64
3765.000 64
3767.000 64
3769.000 64
3771.000 64
3773.000 64
3775.000 64
3777.000 64
3779.000 64
3781.000 64
3783.000 64
3785.000 64
3787.000 64
3789.000 64
3791.000 64
3793.000 64
3795.000 64
3797.000 64
3799.000 64
3801.000 64
3803.000 64
3805.000 64
3807.000 64
3809.000 64
3811.000 64
3813.000 64
3815.000 64
3817.000 64
3819.000 64
3821.000 64
3823.000 64
3825.000 64
3827.000 64
3829.000 64
3831.000 64
3833.000 64
3835.000 64
3837.000 64
3839.000 64
3841.000 64
3843.000 64
3845.000 64
3847.000 64
3849.000 64
3851.000 64
3853.000 64
3855.000 64
3857.000 64
3859.000 64
3861.000 64
3863.000 64
3865.000 64
3867.000 64
3869.000 64
3871.000 64
3873.000 64
3875.000 64
3877.000 64
3879.000 64
3881.000 64
3883.000 64
3885.000 64
3887.000 64
3889.000 64
3891.000 64
3893.000 64
3895.000 64
3897.000 64
3899.000 64
3901.000 64
3903.000 64
3905.000 64
3907.000 64
3909.000 64
3911.000 64
3913.000 64
3915.000 64
3917.000 64
3919.000 64
3921.000 64
3923.000 64
3925.000 64
3927.000 64
3929.000 64
3931.000 64
3933.000 64
3935.000 64
3937.000 64
3939.000 64
3941.000 64
3943.000 64
3945.000 64
3947.000 64
3949.000 64
3951.000 64
3953.000 64
3955.000 64
3957.000 64
3959.000 64
3961.000 64
3963.000 64
3965.000 64
3967.000 64
3969.000 64
3971.000 64
3973.000 64
3975.000 64
3977.000 64
3979.000 64
3981.000 64
3983.000 64
3985.000 64
3987.000 64
3989.000 64
3991.000 64
3993.000 64
3995.000 64
3997.000 64
3999.000 64
4001.000 64
4003.000 64
4005.000 64
4007.000 64
4009.000 64
4011.000 64
4013.000 64
4015.000 64
4017.000 64
4019.000 64
4021.000 64
4023.000 64
4025.000 64
4027.000 64
4029.000 64
4031.000 64
4033.000 64
4035.000 64
4037.000 64
4039.000 64
4041.000 64
4043.000 64
4045.000 64
4047.000 64
4049.000 64
4051.000 64
4053.000 64
4055.000 64
4057.000 64
4059.000 64
4061.000 64
4063.000 64
4065.000 64
4067.000 64
4069.000 64
4071.000 64
4073.000 64
4075.000 64
4077.000 64
4079.000 64
4081.000 64
4083.000 64
4085.000 64
4087.000 64
4089.000 64
4091.000 64
4093.000 64
4095.000 64
4097.000 64
4099.000 64
4101.000 64
4103.000 64
4105.000 64
4107.000 64
4109.000 64
4111.000 64
4113.000 64
4115.000 64
4117.000 64
4119.000 64
4121.000 64
4123.000 64
4125.000 64
4127.000 64
4129.000 64
4131.000 64
4133.000 64
4135.000 64
4137.000 64
4139.000 64
4141.000 64
4143.000 64
4145.000 64
4147.000 64
4149.000 64
4151.000 64
4153.000 64
4155.000 64
4157.000 64
4159.000 64
4161.000 64
4163.000 64
4165.000 64
4167.000 64
4169.000 64
4171.000 64
4173.000 64
4175.000 64
4177.000 64
4179.000 64
4181.000 64
4183.000 64
4185.000 64
4187.000 64
4189.000 64
4191.000 64
4193.000 64
4195.000 64
4197.000 64
4199.000 64
4201.000 64
4203.000 64
4205.000 64
4207.000 64
4209.000 64
4211.000 64
4213.000 64
4215.000 64
4217.000 64
4219.000 64
4221.000 64
4223.000 64
4225.000 64
4227.000 64
4229.000 64
4231.000 64
4233.000 64
4235.000 64
4237.000 64
4239.000 64
4241.000 64
4243.000 64
4245.000 64
4247.000 64
4249.000 64
4251.000 64
4253.000 64
4255.000 64
4257.000 64
4259.000 64
4261.000 64
4263.000 64
4265.000 64
4267.000 64
4269.000 64
4271.000 64
4273.000 64
4275.000 64
4277.000 64
4279.000 64
4281.000 64
4283.000 64
4285.000 64
4287.000 64
4289.000 64
4291.000 64
4293.000 64
4295.000 64
4297.000 64
4299.000 64
4301.000 64
4303.000 64
4305.000 64
4307.000 64
4309.000 64
4311.000 64
4313.000 64
4315.000 64
4317.000 64
4319.000 64
4321.000 64
4323.000 64
4325.000 64
4327.000 64
4329.000 64
4331.000 64
4333.000 64
4335.000 64
4337.000 64
4339.000 64
4341.000 64
4343.000 64
4345.000 64
4347.000 64
4349.000 64
4351.000 64
4353.000 64
4355.000 64
4357.000 64
4359.000 64
4361.000 64
4363.000 64
4365.000 64
4367.000 64
4369.000 64
4371.000 64
4373.000 64
4375.000 64
4377.000 64
4379.000 64
4381.000 64
4383.000 64
4385.000 64
4387.000 64
4389.000 64
4391.000 64
4393.000 64
4395.000 64
4397.000 64
4399.000 64
4401.000 64
4403.000 64
4405.000 64
4407.000 64
4409.000 64
4411.000 64
4413.000 64
4415.000 64
4417.000 64
4419.000 64
4421.000 64
4423.000 64
4425.000 64
4427.000 64
4429.000 64
4431.000 64
4433.000 64
4435.000 64
4437.000 64
4439.000 64
4441.000 64
4443.000 64
4445.000 64
4447.000 64
4449.000 64
4451.000 64
4453.000 64
4455.000 64
4457.000 64
4459.000 64
4461.000 64
4463.000 64
4465.000 64
4467.000 64
