# Slice: URLLC | 10.215.173.1:49003 -> 112.217.128.202:17028 (UDP)
# offset_sec  packet_size_bytes
0.000 64
1.000 128
2.000 128
3.000 128
4.000 128
5.000 128
6.000 128
7.000 128
8.000 128
9.000 128
10.000 128
11.000 128
12.000 128
13.000 128
14.000 128
15.000 128
16.000 128
17.000 128
18.000 128
19.000 128
20.000 128
21.000 128
22.000 128
23.000 128
24.000 128
25.000 128
26.000 128
27.000 128
28.000 128
29.000 128
30.000 128
31.000 128
32.000 128
33.000 128
34.000 128
35.000 64
36.000 128
37.000 128
38.000 128
39.000 128
40.000 128
41.000 128
42.000 128
43.000 128
44.000 128
45.000 128
46.000 128
47.000 128
48.000 128
49.000 128
50.000 128
51.000 128
52.000 128
53.000 128
54.000 128
55.000 128
56.000 128
57.000 128
58.000 128
59.000 64
60.000 128
61.000 128
62.000 128
63.000 128
64.000 128
65.000 128
66.000 128
67.000 128
68.000 128
69.000 128
70.000 128
71.000 128
72.000 128
73.000 128
74.000 128
75.000 128
76.000 128
77.000 128
78.000 128
79.000 128
80.000 128
81.000 128
82.000 128
83.000 128
84.000 128
85.000 128
86.000 128
87.000 128
88.000 128
89.000 128
90.000 128
91.000 128
92.000 128
93.000 128
94.000 128
95.000 128
96.000 128
97.000 128
98.000 128
99.000 128
100.000 128
101.000 64
102.000 128
103.000 128
104.000 128
105.000 128
106.000 128
107.000 128
108.000 128
109.000 128
110.000 128
111.000 128
112.000 128
113.000 128
114.000 128
115.000 128
116.000 128
117.000 128
118.000 128
119.000 128
120.000 128
121.000 128
122.000 128
123.000 128
124.000 128
125.000 128
126.000 128
127.000 128
128.000 128
129.000 128
130.000 128
131.000 128
132.000 128
133.000 128
134.000 128
135.000 128
136.000 128
137.000 128
138.000 128
139.000 128
140.000 128
141.000 128
142.000 128
143.000 128
144.000 128
145.000 128
146.000 128
147.000 128
148.000 128
149.000 128
150.000 128
151.000 128
152.000 128
153.000 128
154.000 128
155.000 128
156.000 128
157.000 128
158.000 128
159.000 128
160.000 128
161.000 128
162.000 128
163.000 64
164.000 128
165.000 128
166.000 128
167.000 128
168.000 128
169.000 128
170.000 128
171.000 128
172.000 128
173.000 128
174.000 128
175.000 128
176.000 128
177.000 128
178.000 128
179.000 128
180.000 128
181.000 128
182.000 128
183.000 128
184.000 128
185.000 128
186.000 128
187.000 128
188.000 128
189.000 128
190.000 128
191.000 128
192.000 128
193.000 128
194.000 128
195.000 128
196.000 128
197.000 128
198.000 128
199.000 128
200.000 128
201.000 128
202.000 128
203.000 128
204.000 128
205.000 128
206.000 128
207.000 128
208.000 128
209.000 128
210.000 128
211.000 128
212.000 128
213.000 128
214.000 128
215.000 128
216.000 128
217.000 128
218.000 128
219.000 128
220.000 128
221.000 128
222.000 64
223.000 128
224.000 128
225.000 128
226.000 128
227.000 128
228.000 128
229.000 128
230.000 128
231.000 64
232.000 128
233.000 128
234.000 128
235.000 128
236.000 128
237.000 128
238.000 128
239.000 128
240.000 64
241.000 128
242.000 128
243.000 128
244.000 128
245.000 128
246.000 128
247.000 128
248.000 128
249.000 128
250.000 128
251.000 128
252.000 128
253.000 128
254.000 128
255.000 128
256.000 128
257.000 128
258.000 128
259.000 128
260.000 128
261.000 128
262.000 128
263.000 128
264.000 128
265.000 128
266.000 128
267.000 128
268.000 128
269.000 128
270.000 128
271.000 128
272.000 128
273.000 128
274.000 128
275.000 128
276.000 128
277.000 128
278.000 128
279.000 128
280.000 128
281.000 64
282.000 128
283.000 128
284.000 128
285.000 128
286.000 128
287.000 128
288.000 128
289.000 128
290.000 128
291.000 128
292.000 128
293.000 128
294.000 128
295.000 128
296.000 128
297.000 128
298.000 128
299.000 128
300.000 128
301.000 128
302.000 128
303.000 128
304.000 128
305.000 128
306.000 128
307.000 128
308.000 128
309.000 128
310.000 128
311.000 128
312.000 128
313.000 128
314.000 64
315.000 128
316.000 128
317.000 128
318.000 128
319.000 128
320.000 128
321.000 128
322.000 128
323.000 128
324.000 128
325.000 128
326.000 128
327.000 128
328.000 128
329.000 128
330.000 128
331.000 128
332.000 128
333.000 128
334.000 128
335.000 128
336.000 128
337.000 128
338.000 128
339.000 128
340.000 128
341.000 128
342.000 128
343.000 128
344.000 64
345.000 128
346.000 128
347.000 128
348.000 128
349.000 128
350.000 128
351.000 128
352.000 128
353.000 128
354.000 128
355.000 128
356.000 128
357.000 128
358.000 128
359.000 128
360.000 128
361.000 128
362.000 128
363.000 128
364.000 128
365.000 128
366.000 128
367.000 128
368.000 128
369.000 128
370.000 128
371.000 128
372.000 128
373.000 128
374.000 128
375.000 128
376.000 128
377.000 128
378.000 128
379.000 128
380.000 128
381.000 128
382.000 128
383.000 128
384.000 128
385.000 128
386.000 128
387.000 128
388.000 128
389.000 128
390.000 128
391.000 128
392.000 128
393.000 128
394.000 128
395.000 128
396.000 128
397.000 128
398.000 64
399.000 128
400.000 128
401.000 128
402.000 128
403.000 128
404.000 128
405.000 128
406.000 128
407.000 128
408.000 128
409.000 128
410.000 128
411.000 128
412.000 128
413.000 128
414.000 128
415.000 128
416.000 128
417.000 128
418.000 128
419.000 128
420.000 128
421.000 128
422.000 128
423.000 128
424.000 128
425.000 128
426.000 128
427.000 128
428.000 128
429.000 128
430.000 128
431.000 128
432.000 128
433.000 128
434.000 128
435.000 128
436.000 128
437.000 128
438.000 128
439.000 128
440.000 128
441.000 128
442.000 128
443.000 128
444.000 128
445.000 128
446.000 128
447.000 128
448.000 128
449.000 128
450.000 128
451.000 128
452.000 128
453.000 128
454.000 128
455.000 128
456.000 128
457.000 128
458.000 64
459.000 128
460.000 128
461.000 128
462.000 128
463.000 128
464.000 128
465.000 128
466.000 128
467.000 128
468.000 128
469.000 128
470.000 128
471.000 128
472.000 128
473.000 128
474.000 128
475.000 128
476.000 128
477.000 128
478.000 128
479.000 128
480.000 128
481.000 128
482.000 128
483.000 128
484.000 128
485.000 128
486.000 128
487.000 128
488.000 128
489.000 128
490.000 128
491.000 128
492.000 128
493.000 128
494.000 128
495.000 128
496.000 128
497.000 128
498.000 128
499.000 128
500.000 128
501.000 128
502.000 128
503.000 128
504.000 128
505.000 128
506.000 128
507.000 128
508.000 128
509.000 128
510.000 128
511.000 128
512.000 128
513.000 128
514.000 128
515.000 128
516.000 128
517.000 128
518.000 128
519.000 128
520.000 128
521.000 128
522.000 128
523.000 128
524.000 64
525.000 128
526.000 128
527.000 128
528.000 128
529.000 128
530.000 128
531.000 128
532.000 128
533.000 128
534.000 128
535.000 128
536.000 128
537.000 128
538.000 128
539.000 128
540.000 128
541.000 128
542.000 128
543.000 128
544.000 128
545.000 128
546.000 128
547.000 128
548.000 128
549.000 128
550.000 128
551.000 128
552.000 128
553.000 128
554.000 128
555.000 128
556.000 128
557.000 128
558.000 128
559.000 128
560.000 128
561.000 128
562.000 128
563.000 128
564.000 128
565.000 128
566.000 128
567.000 128
568.000 128
569.000 128
570.000 128
571.000 128
572.000 128
573.000 128
574.000 128
575.000 128
576.000 64
577.000 128
578.000 128
579.000 128
580.000 128
581.000 128
582.000 64
583.000 128
584.000 128
585.000 128
586.000 128
587.000 128
588.000 128
589.000 128
590.000 128
591.000 128
592.000 128
593.000 128
594.000 128
595.000 128
596.000 128
597.000 128
598.000 128
599.000 128
600.000 128
601.000 128
602.000 128
603.000 128
604.000 128
605.000 128
606.000 128
607.000 128
608.000 128
609.000 128
610.000 128
611.000 128
612.000 128
613.000 128
614.000 128
615.000 128
616.000 128
617.000 128
618.000 128
619.000 128
620.000 128
621.000 128
622.000 128
623.000 128
624.000 128
625.000 128
626.000 128
627.000 128
628.000 128
629.000 128
630.000 128
631.000 128
632.000 128
633.000 128
634.000 128
635.000 128
636.000 128
637.000 128
638.000 128
639.000 128
640.000 128
641.000 128
642.000 128
643.000 128
644.000 128
645.000 128
646.000 128
647.000 64
648.000 128
649.000 128
650.000 128
651.000 128
652.000 128
653.000 128
654.000 128
655.000 128
656.000 128
657.000 128
658.000 128
659.000 128
660.000 64
661.000 128
662.000 128
663.000 128
664.000 128
665.000 128
666.000 128
667.000 128
668.000 128
669.000 128
670.000 128
671.000 128
672.000 128
673.000 128
674.000 128
675.000 128
676.000 128
677.000 128
678.000 128
679.000 128
680.000 128
681.000 128
682.000 128
683.000 128
684.000 128
685.000 128
686.000 128
687.000 128
688.000 128
689.000 128
690.000 128
691.000 128
692.000 128
693.000 128
694.000 128
695.000 128
696.000 128
697.000 128
698.000 128
699.000 128
700.000 128
701.000 128
702.000 128
703.000 128
704.000 128
705.000 128
706.000 128
707.000 128
708.000 64
709.000 128
710.000 128
711.000 128
712.000 128
713.000 128
714.000 128
715.000 128
716.000 128
717.000 128
718.000 128
719.000 128
720.000 128
721.000 128
722.000 128
723.000 128
724.000 128
725.000 128
726.000 128
727.000 128
728.000 128
729.000 128
730.000 128
731.000 128
732.000 128
733.000 128
734.000 128
735.000 128
736.000 128
737.000 128
738.000 128
739.000 128
740.000 128
741.000 128
742.000 128
743.000 128
744.000 128
745.000 128
746.000 128
747.000 128
748.000 128
749.000 128
750.000 128
751.000 128
752.000 128
753.000 128
754.000 128
755.000 128
756.000 128
757.000 128
758.000 128
759.000 128
760.000 128
761.000 128
762.000 128
763.000 128
764.000 128
765.000 128
766.000 128
767.000 128
768.000 128
769.000 128
770.000 128
771.000 64
772.000 128
773.000 64
774.000 128
775.000 128
776.000 128
777.000 128
778.000 128
779.000 128
780.000 128
781.000 128
782.000 128
783.000 128
784.000 128
785.000 128
786.000 128
787.000 128
788.000 128
789.000 128
790.000 128
791.000 128
792.000 128
793.000 128
794.000 128
795.000 128
796.000 128
797.000 128
798.000 128
799.000 128
800.000 128
801.000 128
802.000 128
803.000 128
804.000 128
805.000 128
806.000 128
807.000 128
808.000 128
809.000 128
810.000 128
811.000 128
812.000 128
813.000 128
814.000 128
815.000 128
816.000 128
817.000 128
818.000 128
819.000 128
820.000 128
821.000 128
822.000 128
823.000 128
824.000 128
825.000 128
826.000 64
827.000 128
828.000 128
829.000 128
830.000 128
831.000 128
832.000 128
833.000 128
834.000 128
835.000 128
836.000 128
837.000 128
838.000 128
839.000 128
840.000 128
841.000 128
842.000 128
843.000 128
844.000 128
845.000 128
846.000 128
847.000 128
848.000 128
849.000 128
850.000 128
851.000 128
852.000 128
853.000 128
854.000 128
855.000 128
856.000 128
857.000 128
858.000 128
859.000 128
860.000 128
861.000 128
862.000 128
863.000 128
864.000 128
865.000 128
866.000 128
867.000 128
868.000 128
869.000 128
870.000 128
871.000 128
872.000 128
873.000 128
874.000 128
875.000 128
876.000 128
877.000 128
878.000 128
879.000 128
880.000 128
881.000 128
882.000 128
883.000 128
884.000 128
885.000 128
886.000 128
887.000 128
888.000 128
889.000 128
890.000 64
891.000 128
892.000 128
893.000 128
894.000 128
895.000 128
896.000 128
897.000 128
898.000 128
899.000 128
900.000 128
901.000 128
902.000 128
903.000 128
904.000 128
905.000 128
906.000 128
907.000 128
908.000 128
909.000 128
910.000 128
911.000 128
912.000 128
913.000 128
914.000 128
915.000 128
916.000 128
917.000 128
918.000 128
919.000 128
920.000 128
921.000 128
922.000 128
923.000 128
924.000 128
925.000 128
926.000 128
927.000 128
928.000 128
929.000 128
930.000 128
931.000 128
932.000 128
933.000 128
934.000 128
935.000 128
936.000 128
937.000 128
938.000 128
939.000 128
940.000 128
941.000 128
942.000 128
943.000 128
944.000 128
945.000 128
946.000 128
947.000 128
948.000 128
949.000 128
950.000 128
951.000 64
952.000 128
953.000 128
954.000 128
955.000 128
956.000 128
957.000 128
958.000 128
959.000 128
960.000 128
961.000 128
962.000 128
963.000 128
964.000 128
965.000 128
966.000 128
967.000 128
968.000 128
969.000 128
970.000 128
971.000 128
972.000 128
973.000 128
974.000 128
975.000 128
976.000 128
977.000 128
978.000 128
979.000 128
980.000 64
981.000 128
982.000 128
983.000 128
984.000 128
985.000 128
986.000 128
987.000 128
988.000 128
989.000 128
990.000 128
991.000 128
992.000 128
993.000 128
994.000 128
995.000 128
996.000 128
997.000 128
998.000 128
999.000 128
1000.000 128
1001.000 128
1002.000 128
1003.000 128
1004.000 128
1005.000 128
1006.000 128
1007.000 128
1008.000 128
1009.000 128
1010.000 128
1011.000 128
1012.000 64
1013.000 128
1014.000 128
1015.000 128
1016.000 128
1017.000 128
1018.000 128
1019.000 128
1020.000 128
1021.000 128
1022.000 128
1023.000 128
1024.000 128
1025.000 128
1026.000 128
1027.000 128
1028.000 128
1029.000 128
1030.000 128
1031.000 128
1032.000 128
1033.000 128
1034.000 128
1035.000 128
1036.000 128
1037.000 128
1038.000 128
1039.000 128
1040.000 128
1041.000 128
1042.000 128
1043.000 128
1044.000 128
1045.000 128
1046.000 128
1047.000 128
1048.000 128
1049.000 128
1050.000 128
1051.000 128
1052.000 128
1053.000 128
1054.000 128
1055.000 128
1056.000 128
1057.000 128
1058.000 128
1059.000 128
1060.000 128
1061.000 128
1062.000 128
1063.000 128
1064.000 128
1065.000 128
1066.000 128
1067.000 128
1068.000 128
1069.000 64
1070.000 128
1071.000 128
1072.000 128
1073.000 128
1074.000 128
1075.000 128
1076.000 128
1077.000 128
1078.000 128
1079.000 128
1080.000 128
1081.000 128
1082.000 128
1083.000 128
1084.000 128
1085.000 128
1086.000 128
1087.000 128
1088.000 128
1089.000 128
1090.000 128
1091.000 128
1092.000 128
1093.000 128
1094.000 128
1095.000 128
1096.000 128
1097.000 128
1098.000 128
1099.000 128
1100.000 128
1101.000 128
1102.000 128
1103.000 128
1104.000 128
1105.000 128
1106.000 128
1107.000 128
1108.000 128
1109.000 128
1110.000 128
1111.000 128
1112.000 128
1113.000 128
1114.000 128
1115.000 128
1116.000 128
1117.000 128
1118.000 128
1119.000 128
1120.000 128
1121.000 128
1122.000 128
1123.000 128
1124.000 128
1125.000 128
1126.000 128
1127.000 128
1128.000 128
1129.000 128
1130.000 128
1131.000 128
1132.000 128
1133.000 64
1134.000 128
1135.000 128
1136.000 128
1137.000 128
1138.000 128
1139.000 64
1140.000 128
1141.000 128
1142.000 128
1143.000 128
1144.000 128
1145.000 128
1146.000 128
1147.000 128
1148.000 128
1149.000 128
1150.000 128
1151.000 128
1152.000 128
1153.000 128
1154.000 128
1155.000 128
1156.000 128
1157.000 128
1158.000 128
1159.000 128
1160.000 128
1161.000 128
1162.000 128
1163.000 128
1164.000 128
1165.000 128
1166.000 64
1167.000 128
1168.000 128
1169.000 128
1170.000 128
1171.000 128
1172.000 128
1173.000 128
1174.000 128
1175.000 128
1176.000 128
1177.000 128
1178.000 128
1179.000 128
1180.000 128
1181.000 128
1182.000 128
1183.000 128
1184.000 128
1185.000 128
1186.000 128
1187.000 128
1188.000 128
1189.000 128
1190.000 128
1191.000 64
1192.000 128
1193.000 128
1194.000 128
1195.000 128
1196.000 128
1197.000 128
1198.000 128
1199.000 128
1200.000 128
1201.000 128
1202.000 128
1203.000 128
1204.000 128
1205.000 128
1206.000 128
1207.000 128
1208.000 128
1209.000 128
1210.000 128
1211.000 64
1212.000 128
1213.000 128
1214.000 128
1215.000 128
1216.000 128
1217.000 128
1218.000 128
1219.000 128
1220.000 128
1221.000 128
1222.000 128
1223.000 128
1224.000 128
1225.000 128
1226.000 128
1227.000 128
1228.000 128
1229.000 128
1230.000 128
1231.000 128
1232.000 128
1233.000 128
1234.000 128
1235.000 128
1236.000 128
1237.000 128
1238.000 128
1239.000 128
1240.000 128
1241.000 128
1242.000 128
1243.000 128
1244.000 128
1245.000 128
1246.000 128
1247.000 128
1248.000 128
1249.000 128
1250.000 128
1251.000 128
1252.000 128
1253.000 64
1254.000 128
1255.000 128
1256.000 128
1257.000 128
1258.000 128
1259.000 128
1260.000 128
1261.000 128
1262.000 128
1263.000 128
1264.000 128
1265.000 128
1266.000 128
1267.000 128
1268.000 128
1269.000 128
1270.000 128
1271.000 128
1272.000 128
1273.000 128
1274.000 128
1275.000 128
1276.000 128
1277.000 128
1278.000 128
1279.000 128
1280.000 128
1281.000 128
1282.000 128
1283.000 128
1284.000 128
1285.000 128
1286.000 128
1287.000 128
1288.000 128
1289.000 128
1290.000 128
1291.000 128
1292.000 128
1293.000 128
1294.000 128
1295.000 128
1296.000 128
1297.000 128
1298.000 64
1299.000 128
1300.000 128
1301.000 128
1302.000 128
1303.000 128
1304.000 128
1305.000 128
1306.000 128
1307.000 128
1308.000 128
1309.000 128
1310.000 128
1311.000 64
1312.000 128
1313.000 128
1314.000 128
1315.000 128
1316.000 128
1317.000 128
1318.000 128
1319.000 128
1320.000 128
1321.000 128
1322.000 128
1323.000 128
1324.000 128
1325.000 128
1326.000 128
1327.000 128
1328.000 128
1329.000 128
1330.000 128
1331.000 128
1332.000 128
1333.000 128
1334.000 128
1335.000 128
1336.000 128
1337.000 128
1338.000 128
1339.000 128
1340.000 128
1341.000 128
1342.000 128
1343.000 128
1344.000 128
1345.000 128
1346.000 128
1347.000 128
1348.000 128
1349.000 128
1350.000 128
1351.000 128
1352.000 128
1353.000 128
1354.000 128
1355.000 128
1356.000 128
1357.000 128
1358.000 128
1359.000 128
1360.000 128
1361.000 128
1362.000 128
1363.000 128
1364.000 128
1365.000 128
1366.000 128
1367.000 128
1368.000 128
1369.000 128
1370.000 128
1371.000 128
1372.000 128
1373.000 128
1374.000 64
1375.000 128
1376.000 128
1377.000 128
1378.000 128
1379.000 128
1380.000 128
1381.000 128
1382.000 128
1383.000 128
1384.000 128
1385.000 128
1386.000 128
1387.000 128
1388.000 128
1389.000 128
1390.000 128
1391.000 128
1392.000 128
1393.000 128
1394.000 128
1395.000 128
1396.000 128
1397.000 128
1398.000 128
1399.000 128
1400.000 128
1401.000 128
1402.000 128
1403.000 128
1404.000 128
1405.000 128
1406.000 128
1407.000 128
1408.000 128
1409.000 64
1410.000 128
1411.000 128
1412.000 64
1413.000 128
1414.000 128
1415.000 128
1416.000 128
1417.000 128
1418.000 128
1419.000 128
1420.000 128
1421.000 128
1422.000 128
1423.000 128
1424.000 128
1425.000 128
1426.000 128
1427.000 128
1428.000 128
1429.000 128
1430.000 128
1431.000 128
1432.000 128
1433.000 64
1434.000 128
1435.000 128
1436.000 128
1437.000 128
1438.000 128
1439.000 128
1440.000 128
1441.000 128
1442.000 128
1443.000 128
1444.000 128
1445.000 128
1446.000 128
1447.000 128
1448.000 128
1449.000 128
1450.000 128
1451.000 128
1452.000 128
1453.000 128
1454.000 128
1455.000 128
1456.000 128
1457.000 128
1458.000 128
1459.000 128
1460.000 128
1461.000 128
1462.000 128
1463.000 128
1464.000 128
1465.000 128
1466.000 128
1467.000 128
1468.000 128
1469.000 128
1470.000 128
1471.000 128
1472.000 128
1473.000 128
1474.000 128
1475.000 128
1476.000 128
1477.000 128
1478.000 128
1479.000 128
1480.000 128
1481.000 128
1482.000 128
1483.000 128
1484.000 128
1485.000 128
1486.000 128
1487.000 128
1488.000 128
1489.000 64
1490.000 128
1491.000 128
1492.000 128
1493.000 128
1494.000 128
1495.000 64
1496.000 128
1497.000 64
1498.000 128
1499.000 128
1500.000 128
1501.000 128
1502.000 128
1503.000 128
1504.000 128
1505.000 128
1506.000 128
1507.000 128
1508.000 128
1509.000 128
1510.000 128
1511.000 128
1512.000 128
1513.000 128
1514.000 128
1515.000 128
1516.000 128
1517.000 128
1518.000 128
1519.000 128
1520.000 128
1521.000 128
1522.000 128
1523.000 128
1524.000 128
1525.000 128
1526.000 128
1527.000 128
1528.000 128
1529.000 128
1530.000 64
1531.000 128
1532.000 128
1533.000 128
1534.000 128
1535.000 128
1536.000 128
1537.000 128
1538.000 128
1539.000 128
1540.000 128
1541.000 128
1542.000 128
1543.000 128
1544.000 128
1545.000 128
1546.000 128
1547.000 128
1548.000 128
1549.000 128
1550.000 128
1551.000 128
1552.000 128
1553.000 128
1554.000 64
1555.000 128
1556.000 128
1557.000 128
1558.000 128
1559.000 128
1560.000 128
1561.000 128
1562.000 128
1563.000 128
1564.000 128
1565.000 128
1566.000 128
1567.000 128
1568.000 128
1569.000 128
1570.000 128
1571.000 128
1572.000 128
1573.000 128
1574.000 128
1575.000 128
1576.000 128
1577.000 128
1578.000 128
1579.000 128
1580.000 128
1581.000 128
1582.000 128
1583.000 128
1584.000 128
1585.000 128
1586.000 128
1587.000 128
1588.000 128
1589.000 128
1590.000 128
1591.000 128
1592.000 128
1593.000 128
1594.000 128
1595.000 128
1596.000 128
1597.000 128
1598.000 128
1599.000 128
1600.000 128
1601.000 128
1602.000 128
1603.000 128
1604.000 128
1605.000 128
1606.000 128
1607.000 128
1608.000 128
1609.000 128
1610.000 128
1611.000 128
1612.000 128
1613.000 128
1614.000 128
1615.000 128
1616.000 128
1617.000 128
1618.000 128
1619.000 128
1620.000 128
1621.000 128
1622.000 128
1623.000 128
1624.000 64
1625.000 128
1626.000 128
1627.000 128
1628.000 128
1629.000 128
1630.000 128
1631.000 128
1632.000 128
1633.000 128
1634.000 128
1635.000 128
1636.000 128
1637.000 128
1638.000 128
1639.000 128
1640.000 128
1641.000 128
1642.000 128
1643.000 128
1644.000 128
1645.000 128
1646.000 128
1647.000 128
1648.000 128
1649.000 128
1650.000 128
1651.000 128
1652.000 128
1653.000 128
1654.000 128
1655.000 128
1656.000 128
1657.000 128
1658.000 128
1659.000 128
1660.000 128
1661.000 128
1662.000 128
1663.000 128
1664.000 128
1665.000 128
1666.000 128
1667.000 128
1668.000 128
1669.000 128
1670.000 128
1671.000 128
1672.000 128
1673.000 128
1674.000 128
1675.000 128
1676.000 128
1677.000 128
1678.000 128
1679.000 128
1680.000 128
1681.000 128
1682.000 128
1683.000 128
1684.000 64
1685.000 128
1686.000 128
1687.000 128
1688.000 128
1689.000 128
1690.000 128
1691.000 128
1692.000 128
1693.000 128
1694.000 128
1695.000 128
1696.000 128
1697.000 128
1698.000 128
1699.000 128
1700.000 128
1701.000 128
1702.000 128
1703.000 128
1704.000 128
1705.000 128
1706.000 128
1707.000 128
1708.000 64
1709.000 128
1710.000 128
1711.000 128
1712.000 128
1713.000 128
1714.000 128
1715.000 64
1716.000 128
1717.000 128
1718.000 128
1719.000 128
1720.000 128
1721.000 128
1722.000 128
1723.000 128
1724.000 128
1725.000 128
1726.000 128
1727.000 128
1728.000 128
1729.000 128
1730.000 128
1731.000 128
1732.000 128
1733.000 128
1734.000 128
1735.000 128
1736.000 128
1737.000 128
1738.000 128
1739.000 128
1740.000 128
1741.000 128
1742.000 128
1743.000 128
1744.000 128
1745.000 64
1746.000 128
1747.000 128
1748.000 128
1749.000 128
1750.000 128
1751.000 128
1752.000 128
1753.000 128
1754.000 128
1755.000 128
1756.000 64
1757.000 128
1758.000 128
1759.000 128
1760.000 128
1761.000 128
1762.000 128
1763.000 128
1764.000 128
1765.000 128
1766.000 128
1767.000 128
1768.000 128
1769.000 128
1770.000 128
1771.000 128
1772.000 128
1773.000 128
1774.000 128
1775.000 128
1776.000 128
1777.000 128
1778.000 128
1779.000 128
1780.000 128
1781.000 128
1782.000 128
1783.000 128
1784.000 128
1785.000 128
1786.000 128
1787.000 128
1788.000 128
1789.000 128
1790.000 128
1791.000 128
1792.000 128
1793.000 128
1794.000 128
1795.000 128
1796.000 128
1797.000 128
1798.000 128
1799.000 128
1800.000 128
1801.000 64
1802.000 128
1803.000 128
1804.000 128
1805.000 128
1806.000 128
1807.000 128
1808.000 128
1809.000 128
1810.000 128
1811.000 128
1812.000 128
1813.000 128
1814.000 128
1815.000 128
1816.000 128
1817.000 128
1818.000 128
1819.000 128
1820.000 128
1821.000 128
1822.000 128
1823.000 128
1824.000 128
1825.000 128
1826.000 128
1827.000 128
1828.000 128
1829.000 128
1830.000 128
1831.000 128
1832.000 128
1833.000 128
1834.000 128
1835.000 128
1836.000 128
1837.000 128
1838.000 128
1839.000 128
1840.000 128
1841.000 128
1842.000 128
1843.000 128
1844.000 128
1845.000 128
1846.000 128
1847.000 128
1848.000 128
1849.000 128
1850.000 128
1851.000 128
1852.000 128
1853.000 128
1854.000 64
1855.000 128
1856.000 128
1857.000 128
1858.000 128
1859.000 128
1860.000 128
1861.000 128
1862.000 128
1863.000 128
1864.000 128
1865.000 128
1866.000 128
1867.000 128
1868.000 128
1869.000 128
1870.000 128
1871.000 128
1872.000 128
1873.000 128
1874.000 128
1875.000 128
1876.000 128
1877.000 64
1878.000 128
1879.000 128
1880.000 128
1881.000 128
1882.000 128
1883.000 128
1884.000 128
1885.000 64
1886.000 128
1887.000 128
1888.000 128
1889.000 128
1890.000 128
1891.000 128
1892.000 128
1893.000 128
1894.000 128
1895.000 128
1896.000 128
1897.000 128
1898.000 128
1899.000 128
1900.000 128
1901.000 128
1902.000 128
1903.000 128
1904.000 128
1905.000 128
1906.000 128
1907.000 128
1908.000 128
1909.000 128
1910.000 128
1911.000 128
1912.000 128
1913.000 128
1914.000 128
1915.000 128
1916.000 64
1917.000 128
1918.000 128
1919.000 128
1920.000 128
1921.000 128
1922.000 128
1923.000 128
1924.000 128
1925.000 128
1926.000 128
1927.000 128
1928.000 128
1929.000 128
1930.000 128
1931.000 128
1932.000 128
1933.000 128
1934.000 128
1935.000 128
1936.000 128
1937.000 128
1938.000 128
1939.000 128
1940.000 128
1941.000 128
1942.000 128
1943.000 128
1944.000 128
1945.000 128
1946.000 128
1947.000 128
1948.000 128
1949.000 128
1950.000 128
1951.000 128
1952.000 128
1953.000 128
1954.000 128
1955.000 128
1956.000 128
1957.000 128
1958.000 128
1959.000 128
1960.000 128
1961.000 128
1962.000 128
1963.000 128
1964.000 128
1965.000 128
1966.000 128
1967.000 128
1968.000 128
1969.000 128
1970.000 128
1971.000 128
1972.000 128
1973.000 128
1974.000 128
1975.000 128
1976.000 128
1977.000 64
1978.000 128
1979.000 128
1980.000 128
1981.000 128
1982.000 128
1983.000 128
1984.000 128
1985.000 128
1986.000 128
1987.000 128
1988.000 128
1989.000 128
1990.000 128
1991.000 128
1992.000 128
1993.000 128
1994.000 128
1995.000 128
1996.000 128
1997.000 128
1998.000 128
1999.000 128
2000.000 128
2001.000 128
2002.000 128
2003.000 128
2004.000 128
2005.000 128
2006.000 128
2007.000 128
2008.000 128
2009.000 128
2010.000 128
2011.000 128
2012.000 128
2013.000 128
2014.000 128
2015.000 128
2016.000 128
2017.000 128
2018.000 128
2019.000 128
2020.000 128
2021.000 128
2022.000 128
2023.000 128
2024.000 128
2025.000 128
2026.000 128
2027.000 128
2028.000 128
2029.000 128
2030.000 128
2031.000 128
2032.000 128
2033.000 64
2034.000 128
2035.000 128
2036.000 128
2037.000 128
2038.000 128
2039.000 128
2040.000 128
2041.000 128
2042.000 128
2043.000 128
2044.000 128
2045.000 128
2046.000 128
2047.000 128
2048.000 128
2049.000 128
2050.000 128
2051.000 128
2052.000 128
2053.000 128
2054.000 128
2055.000 128
2056.000 128
2057.000 128
2058.000 128
2059.000 128
2060.000 128
2061.000 128
2062.000 128
2063.000 128
2064.000 128
2065.000 128
2066.000 128
2067.000 128
2068.000 128
2069.000 128
2070.000 128
2071.000 128
2072.000 128
2073.000 128
2074.000 128
2075.000 128
2076.000 128
2077.000 128
2078.000 128
2079.000 128
2080.000 128
2081.000 128
2082.000 128
2083.000 128
2084.000 128
2085.000 128
2086.000 128
2087.000 128
2088.000 128
2089.000 128
2090.000 128
2091.000 64
2092.000 128
2093.000 128
2094.000 128
2095.000 64
2096.000 128
2097.000 128
2098.000 128
2099.000 128
2100.000 128
2101.000 128
2102.000 128
2103.000 128
2104.000 128
2105.000 128
2106.000 128
2107.000 128
2108.000 128
2109.000 128
2110.000 128
2111.000 128
2112.000 128
2113.000 128
2114.000 128
2115.000 128
2116.000 128
2117.000 128
2118.000 128
2119.000 128
2120.000 128
2121.000 128
2122.000 128
2123.000 128
2124.000 128
2125.000 128
2126.000 128
2127.000 128
2128.000 128
2129.000 128
2130.000 128
2131.000 128
2132.000 128
2133.000 128
2134.000 128
2135.000 128
2136.000 128
2137.000 128
2138.000 128
2139.000 128
2140.000 128
2141.000 128
2142.000 128
2143.000 128
2144.000 128
2145.000 64
2146.000 128
2147.000 128
2148.000 128
2149.000 128
2150.000 128
2151.000 128
2152.000 128
2153.000 128
2154.000 128
2155.000 128
2156.000 128
2157.000 128
2158.000 128
2159.000 128
2160.000 128
2161.000 128
2162.000 128
2163.000 128
2164.000 128
2165.000 128
2166.000 128
2167.000 128
2168.000 128
2169.000 128
2170.000 128
2171.000 128
2172.000 128
2173.000 128
2174.000 128
2175.000 128
2176.000 128
2177.000 128
2178.000 128
2179.000 128
2180.000 128
2181.000 128
2182.000 128
2183.000 128
2184.000 128
2185.000 128
2186.000 128
2187.000 128
2188.000 128
2189.000 128
2190.000 128
2191.000 128
2192.000 128
2193.000 128
2194.000 128
2195.000 128
2196.000 128
2197.000 128
2198.000 128
2199.000 128
2200.000 128
2201.000 128
2202.000 64
2203.000 128
2204.000 128
2205.000 128
2206.000 128
2207.000 128
2208.000 128
2209.000 128
2210.000 128
2211.000 128
2212.000 128
2213.000 128
2214.000 128
2215.000 128
2216.000 128
2217.000 128
2218.000 128
2219.000 128
2220.000 128
2221.000 128
2222.000 128
2223.000 128
2224.000 128
2225.000 128
2226.000 128
2227.000 128
2228.000 128
2229.000 128
2230.000 128
2231.000 128
2232.000 128
2233.000 128
2234.000 128
2235.000 128
2236.000 128
2237.000 128
2238.000 128
2239.000 128
2240.000 128
2241.000 128
2242.000 128
2243.000 128
2244.000 128
2245.000 128
2246.000 128
2247.000 128
2248.000 128
2249.000 128
2250.000 128
2251.000 128
2252.000 128
2253.000 128
2254.000 128
2255.000 128
2256.000 128
2257.000 128
2258.000 128
2259.000 128
2260.000 128
2261.000 128
2262.000 128
2263.000 128
2264.000 128
2265.000 128
2266.000 64
2267.000 128
2268.000 128
2269.000 128
2270.000 64
2271.000 128
2272.000 128
2273.000 128
2274.000 128
2275.000 64
2276.000 128
2277.000 128
2278.000 128
2279.000 128
2280.000 128
2281.000 128
2282.000 128
2283.000 128
2284.000 128
2285.000 128
2286.000 128
2287.000 128
2288.000 128
2289.000 128
2290.000 128
2291.000 128
2292.000 128
2293.000 128
2294.000 128
2295.000 128
2296.000 128
2297.000 128
2298.000 64
2299.000 128
2300.000 128
2301.000 128
2302.000 128
2303.000 128
2304.000 128
2305.000 128
2306.000 128
2307.000 128
2308.000 128
2309.000 128
2310.000 128
2311.000 128
2312.000 128
2313.000 128
2314.000 128
2315.000 128
2316.000 128
2317.000 128
2318.000 128
2319.000 128
2320.000 128
2321.000 128
2322.000 128
2323.000 128
2324.000 128
2325.000 128
2326.000 128
2327.000 64
2328.000 128
2329.000 128
2330.000 128
2331.000 128
2332.000 128
2333.000 128
2334.000 128
2335.000 128
2336.000 128
2337.000 128
2338.000 128
2339.000 128
2340.000 128
2341.000 128
2342.000 128
2343.000 128
2344.000 128
2345.000 128
2346.000 128
2347.000 128
2348.000 128
2349.000 128
2350.000 128
2351.000 128
2352.000 128
2353.000 128
2354.000 128
2355.000 128
2356.000 128
2357.000 128
2358.000 128
2359.000 128
2360.000 128
2361.000 128
2362.000 128
2363.000 64
2364.000 128
2365.000 128
2366.000 128
2367.000 128
2368.000 128
2369.000 64
2370.000 128
2371.000 128
2372.000 128
2373.000 128
2374.000 64
2375.000 128
2376.000 128
2377.000 128
2378.000 128
2379.000 128
2380.000 128
2381.000 128
2382.000 128
2383.000 128
2384.000 128
2385.000 128
2386.000 128
2387.000 128
2388.000 128
2389.000 64
2390.000 128
2391.000 128
2392.000 128
2393.000 128
2394.000 128
2395.000 128
2396.000 128
2397.000 128
2398.000 64
2399.000 128
2400.000 128
2401.000 128
2402.000 128
2403.000 128
2404.000 128
2405.000 128
2406.000 128
2407.000 128
2408.000 128
2409.000 128
2410.000 128
2411.000 128
2412.000 64
2413.000 128
2414.000 128
2415.000 128
2416.000 128
2417.000 128
2418.000 128
2419.000 128
2420.000 64
2421.000 128
2422.000 128
2423.000 128
2424.000 128
2425.000 128
2426.000 128
2427.000 128
2428.000 128
2429.000 128
2430.000 128
2431.000 128
2432.000 128
2433.000 128
2434.000 128
2435.000 128
2436.000 128
2437.000 128
2438.000 128
2439.000 128
2440.000 128
2441.000 128
2442.000 128
2443.000 128
2444.000 128
2445.000 128
2446.000 128
2447.000 128
2448.000 128
2449.000 128
2450.000 128
2451.000 128
2452.000 128
2453.000 128
2454.000 64
2455.000 128
2456.000 128
2457.000 128
2458.000 128
2459.000 128
2460.000 128
2461.000 128
2462.000 128
2463.000 128
2464.000 128
2465.000 128
2466.000 128
2467.000 128
2468.000 128
2469.000 128
2470.000 128
2471.000 128
2472.000 128
2473.000 128
2474.000 128
2475.000 128
2476.000 128
2477.000 128
2478.000 128
2479.000 128
2480.000 128
2481.000 128
2482.000 128
2483.000 128
2484.000 128
2485.000 128
2486.000 128
2487.000 128
2488.000 128
2489.000 128
2490.000 128
2491.000 128
2492.000 128
2493.000 128
2494.000 128
2495.000 128
2496.000 128
2497.000 128
2498.000 128
2499.000 128
2500.000 128
2501.000 128
2502.000 128
2503.000 128
2504.000 128
2505.000 128
2506.000 128
2507.000 128
2508.000 128
2509.000 64
2510.000 128
2511.000 128
2512.000 128
2513.000 128
2514.000 128
2515.000 128
2516.000 128
2517.000 128
2518.000 64
2519.000 128
2520.000 128
2521.000 128
2522.000 128
2523.000 128
2524.000 128
2525.000 128
2526.000 128
2527.000 128
2528.000 128
2529.000 128
2530.000 128
2531.000 128
2532.000 128
2533.000 128
2534.000 128
2535.000 128
2536.000 128
2537.000 128
2538.000 128
2539.000 128
2540.000 128
2541.000 128
2542.000 128
2543.000 64
2544.000 128
2545.000 128
2546.000 128
2547.000 128
2548.000 128
2549.000 128
2550.000 128
2551.000 128
2552.000 128
2553.000 128
2554.000 128
2555.000 128
2556.000 128
2557.000 128
2558.000 128
2559.000 128
2560.000 128
2561.000 128
2562.000 128
2563.000 128
2564.000 128
2565.000 128
2566.000 64
2567.000 128
2568.000 128
2569.000 128
2570.000 128
2571.000 128
2572.000 128
2573.000 128
2574.000 128
2575.000 128
2576.000 128
2577.000 128
2578.000 128
2579.000 128
2580.000 128
2581.000 128
2582.000 128
2583.000 128
2584.000 128
2585.000 128
2586.000 128
2587.000 128
2588.000 128
2589.000 128
2590.000 128
2591.000 128
2592.000 128
2593.000 128
2594.000 128
2595.000 128
2596.000 128
2597.000 64
2598.000 128
2599.000 128
2600.000 128
2601.000 128
2602.000 128
2603.000 128
2604.000 128
2605.000 128
2606.000 128
2607.000 128
2608.000 128
2609.000 128
2610.000 128
2611.000 128
2612.000 128
2613.000 128
2614.000 128
2615.000 128
2616.000 128
2617.000 128
2618.000 128
2619.000 128
2620.000 128
2621.000 64
2622.000 128
2623.000 128
2624.000 128
2625.000 128
2626.000 128
2627.000 128
2628.000 128
2629.000 128
2630.000 128
2631.000 128
2632.000 128
2633.000 128
2634.000 128
2635.000 64
2636.000 128
2637.000 128
2638.000 128
2639.000 128
2640.000 128
2641.000 128
2642.000 128
2643.000 128
2644.000 128
2645.000 128
2646.000 128
2647.000 128
2648.000 128
2649.000 128
2650.000 128
2651.000 128
2652.000 128
2653.000 128
2654.000 128
2655.000 128
2656.000 128
2657.000 128
2658.000 128
2659.000 128
2660.000 128
2661.000 128
2662.000 128
2663.000 128
2664.000 128
2665.000 128
2666.000 128
2667.000 128
2668.000 128
2669.000 128
2670.000 128
2671.000 128
2672.000 128
2673.000 128
2674.000 128
2675.000 128
2676.000 128
2677.000 64
2678.000 128
2679.000 128
2680.000 128
2681.000 128
2682.000 128
2683.000 128
2684.000 128
2685.000 128
2686.000 128
2687.000 128
2688.000 128
2689.000 128
2690.000 128
2691.000 128
2692.000 128
2693.000 128
2694.000 128
2695.000 128
2696.000 128
2697.000 128
2698.000 128
2699.000 128
2700.000 128
2701.000 128
2702.000 128
2703.000 128
2704.000 128
2705.000 128
2706.000 128
2707.000 128
2708.000 128
2709.000 128
2710.000 128
2711.000 128
2712.000 128
2713.000 128
2714.000 128
2715.000 128
2716.000 128
2717.000 128
2718.000 128
2719.000 128
2720.000 128
2721.000 128
2722.000 128
2723.000 128
2724.000 128
2725.000 128
2726.000 128
2727.000 64
2728.000 128
2729.000 128
2730.000 128
2731.000 128
2732.000 128
2733.000 128
2734.000 128
2735.000 128
2736.000 128
2737.000 128
2738.000 128
2739.000 128
2740.000 128
2741.000 128
2742.000 128
2743.000 128
2744.000 128
2745.000 128
2746.000 128
2747.000 128
2748.000 128
2749.000 128
2750.000 128
2751.000 128
2752.000 128
2753.000 128
2754.000 128
2755.000 128
2756.000 128
2757.000 128
2758.000 128
2759.000 128
2760.000 128
2761.000 128
2762.000 128
2763.000 128
2764.000 128
2765.000 128
2766.000 128
2767.000 128
2768.000 128
2769.000 128
2770.000 128
2771.000 128
2772.000 128
2773.000 128
2774.000 128
2775.000 128
2776.000 128
2777.000 128
2778.000 128
2779.000 128
2780.000 128
2781.000 128
2782.000 64
2783.000 128
2784.000 128
2785.000 128
2786.000 128
2787.000 128
2788.000 128
2789.000 128
2790.000 128
2791.000 128
2792.000 64
2793.000 128
2794.000 128
2795.000 128
2796.000 128
2797.000 128
2798.000 128
2799.000 128
2800.000 128
2801.000 128
2802.000 128
2803.000 128
2804.000 128
2805.000 128
2806.000 128
2807.000 64
2808.000 128
2809.000 128
2810.000 128
2811.000 128
2812.000 128
2813.000 128
2814.000 128
2815.000 128
2816.000 128
2817.000 128
2818.000 128
2819.000 128
2820.000 128
2821.000 128
2822.000 128
2823.000 128
2824.000 128
2825.000 128
2826.000 128
2827.000 128
2828.000 128
2829.000 128
2830.000 128
2831.000 128
2832.000 128
2833.000 128
2834.000 128
2835.000 128
2836.000 128
2837.000 128
2838.000 128
2839.000 128
2840.000 64
2841.000 128
2842.000 128
2843.000 128
2844.000 128
2845.000 128
2846.000 128
2847.000 128
2848.000 128
2849.000 128
2850.000 128
2851.000 128
2852.000 128
2853.000 128
2854.000 128
2855.000 128
2856.000 128
2857.000 128
2858.000 128
2859.000 128
2860.000 128
2861.000 128
2862.000 128
2863.000 128
2864.000 128
2865.000 128
2866.000 128
2867.000 128
2868.000 128
2869.000 128
2870.000 128
2871.000 128
2872.000 128
2873.000 128
2874.000 128
2875.000 128
2876.000 128
2877.000 128
2878.000 128
2879.000 128
2880.000 128
2881.000 128
2882.000 128
2883.000 128
2884.000 128
2885.000 128
2886.000 128
2887.000 128
2888.000 128
2889.000 128
2890.000 128
2891.000 128
2892.000 128
2893.000 128
2894.000 128
2895.000 128
2896.000 128
2897.000 128
2898.000 128
2899.000 128
2900.000 128
2901.000 64
2902.000 128
2903.000 128
2904.000 128
2905.000 128
2906.000 128
2907.000 128
2908.000 128
2909.000 128
2910.000 128
2911.000 128
2912.000 128
2913.000 128
2914.000 128
2915.000 128
2916.000 128
2917.000 128
2918.000 128
2919.000 128
2920.000 128
2921.000 128
2922.000 128
2923.000 128
2924.000 128
2925.000 128
2926.000 128
2927.000 128
2928.000 128
2929.000 128
2930.000 128
2931.000 128
2932.000 128
2933.000 128
2934.000 128
2935.000 128
2936.000 128
2937.000 128
2938.000 128
2939.000 128
2940.000 128
2941.000 128
2942.000 128
2943.000 128
2944.000 128
2945.000 128
2946.000 128
2947.000 128
2948.000 128
2949.000 128
2950.000 128
2951.000 128
2952.000 128
2953.000 128
2954.000 128
2955.000 128
2956.000 128
2957.000 128
2958.000 128
2959.000 64
2960.000 128
2961.000 128
2962.000 128
2963.000 128
2964.000 128
2965.000 128
2966.000 128
2967.000 128
2968.000 128
2969.000 128
2970.000 128
2971.000 128
2972.000 128
2973.000 128
2974.000 128
2975.000 128
2976.000 128
2977.000 128
2978.000 128
2979.000 128
2980.000 128
2981.000 128
2982.000 128
2983.000 128
2984.000 128
2985.000 128
2986.000 128
2987.000 128
2988.000 128
2989.000 128
2990.000 128
2991.000 128
2992.000 128
2993.000 128
2994.000 128
2995.000 128
2996.000 128
2997.000 128
2998.000 128
2999.000 128
3000.000 128
3001.000 128
3002.000 128
3003.000 128
3004.000 128
3005.000 128
3006.000 128
3007.000 128
3008.000 128
3009.000 128
3010.000 128
3011.000 128
3012.000 128
3013.000 64
3014.000 128
3015.000 128
3016.000 128
3017.000 128
3018.000 128
3019.000 128
3020.000 128
3021.000 128
3022.000 128
3023.000 128
3024.000 128
3025.000 128
3026.000 128
3027.000 128
3028.000 128
3029.000 128
3030.000 128
3031.000 128
3032.000 128
3033.000 128
3034.000 128
3035.000 128
3036.000 128
3037.000 128
3038.000 128
3039.000 128
3040.000 128
3041.000 128
3042.000 128
3043.000 128
3044.000 64
3045.000 128
3046.000 128
3047.000 128
3048.000 128
3049.000 128
3050.000 128
3051.000 128
3052.000 128
3053.000 128
3054.000 128
3055.000 128
3056.000 128
3057.000 128
3058.000 128
3059.000 128
3060.000 128
3061.000 128
3062.000 128
3063.000 128
3064.000 128
3065.000 64
3066.000 128
3067.000 128
3068.000 128
3069.000 128
3070.000 128
3071.000 128
3072.000 128
3073.000 128
3074.000 128
3075.000 128
3076.000 128
3077.000 128
3078.000 128
3079.000 128
3080.000 128
3081.000 128
3082.000 128
3083.000 128
3084.000 128
3085.000 128
3086.000 128
3087.000 128
3088.000 128
3089.000 128
3090.000 128
3091.000 128
3092.000 128
3093.000 128
3094.000 128
3095.000 128
3096.000 128
3097.000 128
3098.000 128
3099.000 128
3100.000 128
3101.000 128
3102.000 128
3103.000 128
3104.000 128
3105.000 128
3106.000 128
3107.000 128
3108.000 128
3109.000 128
3110.000 128
3111.000 128
3112.000 128
3113.000 128
3114.000 128
3115.000 128
3116.000 64
3117.000 128
3118.000 128
3119.000 128
3120.000 128
3121.000 128
3122.000 128
3123.000 128
3124.000 128
3125.000 128
3126.000 64
3127.000 128
3128.000 128
3129.000 128
3130.000 128
3131.000 128
3132.000 128
3133.000 128
3134.000 128
3135.000 128
3136.000 128
3137.000 128
3138.000 128
3139.000 128
3140.000 128
3141.000 128
3142.000 128
3143.000 128
3144.000 128
3145.000 128
3146.000 128
3147.000 128
3148.000 128
3149.000 128
3150.000 128
3151.000 128
3152.000 128
3153.000 128
3154.000 128
3155.000 128
3156.000 128
3157.000 128
3158.000 128
3159.000 128
3160.000 128
3161.000 128
3162.000 128
3163.000 128
3164.000 128
3165.000 128
3166.000 128
3167.000 128
3168.000 128
3169.000 128
3170.000 128
3171.000 128
3172.000 128
3173.000 128
3174.000 128
3175.000 128
3176.000 128
3177.000 128
3178.000 128
3179.000 128
3180.000 128
3181.000 128
3182.000 128
3183.000 128
3184.000 128
3185.000 128
3186.000 64
3187.000 128
3188.000 128
3189.000 128
3190.000 128
3191.000 128
3192.000 128
3193.000 128
3194.000 128
3195.000 128
3196.000 128
3197.000 128
3198.000 128
3199.000 128
3200.000 128
3201.000 128
3202.000 128
3203.000 128
3204.000 128
3205.000 128
3206.000 128
3207.000 128
3208.000 128
3209.000 128
3210.000 128
3211.000 128
3212.000 128
3213.000 128
3214.000 128
3215.000 128
3216.000 128
3217.000 128
3218.000 128
3219.000 128
3220.000 128
3221.000 128
3222.000 128
3223.000 128
3224.000 128
3225.000 128
3226.000 128
3227.000 128
3228.000 128
3229.000 128
3230.000 128
3231.000 128
3232.000 128
3233.000 128
3234.000 128
3235.000 128
3236.000 128
3237.000 128
3238.000 64
3239.000 128
3240.000 128
3241.000 128
3242.000 128
3243.000 128
3244.000 128
3245.000 128
3246.000 128
3247.000 128
3248.000 128
3249.000 128
3250.000 128
3251.000 128
3252.000 128
3253.000 128
3254.000 128
3255.000 128
3256.000 128
3257.000 128
3258.000 128
3259.000 128
3260.000 128
3261.000 128
3262.000 128
3263.000 128
3264.000 128
3265.000 128
3266.000 128
3267.000 128
3268.000 128
3269.000 128
3270.000 128
3271.000 128
3272.000 128
3273.000 128
3274.000 128
3275.000 128
3276.000 128
3277.000 128
3278.000 128
3279.000 128
3280.000 128
3281.000 128
3282.000 128
3283.000 128
3284.000 128
3285.000 128
3286.000 128
3287.000 128
3288.000 128
3289.000 128
3290.000 128
3291.000 128
3292.000 128
3293.000 128
3294.000 128
3295.000 64
3296.000 64
3297.000 128
3298.000 128
3299.000 128
3300.000 128
3301.000 128
3302.000 128
3303.000 128
3304.000 128
3305.000 128
3306.000 128
3307.000 128
3308.000 128
3309.000 128
3310.000 128
3311.000 128
3312.000 128
3313.000 128
3314.000 128
3315.000 128
3316.000 128
3317.000 128
3318.000 128
3319.000 128
3320.000 128
3321.000 128
3322.000 128
3323.000 128
3324.000 128
3325.000 128
3326.000 128
3327.000 128
3328.000 128
3329.000 128
3330.000 128
3331.000 128
3332.000 128
3333.000 128
3334.000 128
3335.000 128
3336.000 128
3337.000 128
3338.000 128
3339.000 128
3340.000 128
3341.000 128
3342.000 128
3343.000 128
3344.000 128
3345.000 128
3346.000 128
3347.000 128
3348.000 128
3349.000 128
3350.000 128
3351.000 128
3352.000 128
3353.000 128
3354.000 128
3355.000 128
3356.000 128
3357.000 128
3358.000 128
3359.000 64
3360.000 128
3361.000 128
3362.000 128
3363.000 128
3364.000 128
3365.000 128
3366.000 128
3367.000 128
3368.000 128
3369.000 128
3370.000 128
3371.000 128
3372.000 128
3373.000 128
3374.000 128
3375.000 128
3376.000 128
3377.000 128
3378.000 128
3379.000 128
3380.000 128
3381.000 128
3382.000 128
3383.000 128
3384.000 128
3385.000 128
3386.000 64
3387.000 128
3388.000 128
3389.000 128
3390.000 128
3391.000 128
3392.000 128
3393.000 128
3394.000 128
3395.000 128
3396.000 128
3397.000 128
3398.000 128
3399.000 128
3400.000 128
3401.000 128
3402.000 128
3403.000 128
3404.000 128
3405.000 128
3406.000 128
3407.000 128
3408.000 128
3409.000 128
3410.000 128
3411.000 128
3412.000 128
3413.000 128
3414.000 128
3415.000 128
3416.000 128
3417.000 128
3418.000 128
3419.000 128
3420.000 128
3421.000 64
3422.000 128
3423.000 128
3424.000 128
3425.000 128
3426.000 128
3427.000 128
3428.000 128
3429.000 128
3430.000 128
3431.000 128
3432.000 128
3433.000 128
3434.000 128
3435.000 128
3436.000 128
3437.000 128
3438.000 128
3439.000 128
3440.000 128
3441.000 128
3442.000 128
3443.000 128
3444.000 128
3445.000 128
3446.000 128
3447.000 128
3448.000 128
3449.000 128
3450.000 128
3451.000 128
3452.000 128
3453.000 128
3454.000 128
3455.000 128
3456.000 128
3457.000 128
3458.000 128
3459.000 128
3460.000 128
3461.000 128
3462.000 128
3463.000 128
3464.000 128
3465.000 128
3466.000 128
3467.000 128
3468.000 128
3469.000 128
3470.000 128
3471.000 128
3472.000 128
3473.000 128
3474.000 128
3475.000 128
3476.000 128
3477.000 128
3478.000 128
3479.000 128
3480.000 128
3481.000 128
3482.000 128
3483.000 128
3484.000 128
3485.000 64
3486.000 128
3487.000 128
3488.000 128
3489.000 128
3490.000 128
3491.000 128
3492.000 128
3493.000 128
3494.000 128
3495.000 128
3496.000 128
3497.000 128
3498.000 128
3499.000 128
3500.000 128
3501.000 128
3502.000 128
3503.000 128
3504.000 128
3505.000 128
3506.000 128
3507.000 128
3508.000 128
3509.000 128
3510.000 128
3511.000 128
3512.000 128
3513.000 128
3514.000 128
3515.000 128
3516.000 128
3517.000 128
3518.000 128
3519.000 128
3520.000 128
3521.000 128
3522.000 128
3523.000 128
3524.000 128
3525.000 128
3526.000 128
3527.000 128
3528.000 128
3529.000 128
3530.000 128
3531.000 128
3532.000 128
3533.000 128
3534.000 128
3535.000 128
3536.000 128
3537.000 128
3538.000 128
3539.000 128
3540.000 128
3541.000 128
3542.000 128
3543.000 128
3544.000 128
3545.000 128
3546.000 64
3547.000 128
3548.000 128
3549.000 128
3550.000 128
3551.000 128
3552.000 128
3553.000 128
3554.000 128
3555.000 128
3556.000 128
3557.000 128
3558.000 128
3559.000 128
3560.000 128
3561.000 128
3562.000 128
3563.000 128
3564.000 128
3565.000 128
3566.000 128
3567.000 128
3568.000 128
3569.000 128
3570.000 128
3571.000 128
3572.000 128
3573.000 128
3574.000 128
3575.000 128
3576.000 128
3577.000 128
3578.000 128
3579.000 128
3580.000 128
3581.000 128
3582.000 128
3583.000 128
3584.000 128
3585.000 128
3586.000 128
3587.000 128
3588.000 128
3589.000 128
3590.000 128
3591.000 128
3592.000 128
3593.000 128
3594.000 128
3595.000 128
3596.000 128
3597.000 128
3598.000 128
3599.000 128
3600.000 128
3601.000 128
3602.000 128
3603.000 128
3604.000 64
3605.000 128
3606.000 128
3607.000 128
3608.000 128
3609.000 128
3610.000 128
3611.000 128
3612.000 128
3613.000 128
3614.000 128
3615.000 128
3616.000 128
3617.000 128
3618.000 128
3619.000 128
3620.000 128
3621.000 128
3622.000 128
3623.000 128
3624.000 128
3625.000 128
3626.000 128
3627.000 128
3628.000 128
3629.000 128
3630.000 128
3631.000 128
3632.000 128
3633.000 128
3634.000 128
3635.000 128
3636.000 128
3637.000 128
3638.000 128
3639.000 128
3640.000 128
3641.000 128
3642.000 128
3643.000 128
3644.000 128
3645.000 128
3646.000 128
3647.000 128
3648.000 128
3649.000 128
3650.000 128
3651.000 128
3652.000 128
3653.000 128
3654.000 128
3655.000 128
3656.000 128
3657.000 128
3658.000 128
3659.000 128
3660.000 64
3661.000 128
3662.000 128
3663.000 128
3664.000 128
3665.000 128
3666.000 128
3667.000 128
3668.000 128
3669.000 128
3670.000 128
3671.000 128
3672.000 128
3673.000 128
3674.000 128
3675.000 128
3676.000 128
3677.000 128
3678.000 128
3679.000 128
3680.000 128
3681.000 128
3682.000 128
3683.000 128
3684.000 128
3685.000 128
3686.000 128
3687.000 128
3688.000 128
3689.000 128
3690.000 128
3691.000 128
3692.000 128
3693.000 128
3694.000 128
3695.000 128
3696.000 128
3697.000 128
3698.000 128
3699.000 128
3700.000 128
3701.000 128
3702.000 128
3703.000 128
3704.000 128
3705.000 128
3706.000 128
3707.000 128
3708.000 128
3709.000 128
3710.000 128
3711.000 128
3712.000 128
3713.000 128
3714.000 128
3715.000 128
3716.000 128
3717.000 128
3718.000 128
3719.000 128
3720.000 128
3721.000 128
3722.000 128
3723.000 128
3724.000 64
3725.000 128
3726.000 128
3727.000 128
3728.000 128
3729.000 128
3730.000 128
3731.000 128
3732.000 128
3733.000 128
3734.000 128
3735.000 128
3736.000 128
3737.000 128
3738.000 128
3739.000 128
3740.000 128
3741.000 128
3742.000 128
3743.000 128
3744.000 128
3745.000 128
3746.000 128
3747.000 128
3748.000 128
3749.000 128
3750.000 128
3751.000 128
3752.000 128
3753.000 128
3754.000 128
3755.000 128
3756.000 128
3757.000 128
3758.000 128
3759.000 128
3760.000 128
3761.000 128
3762.000 128
3763.000 128
3764.000 128
3765.000 128
3766.000 128
3767.000 128
3768.000 128
3769.000 128
3770.000 128
3771.000 128
3772.000 128
3773.000 128
3774.000 128
3775.000 128
3776.000 128
3777.000 128
3778.000 128
3779.000 128
3780.000 128
3781.000 128
3782.000 64
3783.000 128
3784.000 128
3785.000 128
3786.000 128
3787.000 128
3788.000 128
3789.000 128
3790.000 128
3791.000 128
3792.000 128
3793.000 128
3794.000 128
3795.000 128
3796.000 128
3797.000 128
3798.000 128
3799.000 128
3800.000 128
3801.000 128
3802.000 128
3803.000 128
3804.000 128
3805.000 128
3806.000 128
3807.000 128
3808.000 128
3809.000 128
3810.000 128
3811.000 128
3812.000 128
3813.000 128
3814.000 128
3815.000 128
3816.000 128
3817.000 128
3818.000 128
3819.000 128
3820.000 128
3821.000 128
3822.000 128
3823.000 128
3824.000 128
3825.000 128
3826.000 128
3827.000 128
3828.000 128
3829.000 128
3830.000 128
3831.000 128
3832.000 128
3833.000 128
3834.000 128
3835.000 128
3836.000 128
3837.000 128
3838.000 128
3839.000 128
3840.000 64
3841.000 128
3842.000 128
3843.000 128
3844.000 128
3845.000 128
3846.000 128
3847.000 128
3848.000 128
3849.000 128
3850.000 128
3851.000 128
3852.000 128
3853.000 128
3854.000 128
3855.000 128
3856.000 64
3857.000 128
3858.000 128
3859.000 128
3860.000 128
3861.000 128
3862.000 128
3863.000 128
3864.000 128
3865.000 128
3866.000 128
3867.000 128
3868.000 128
3869.000 128
3870.000 128
3871.000 128
3872.000 128
3873.000 128
3874.000 128
3875.000 128
3876.000 128
3877.000 128
3878.000 128
3879.000 128
3880.000 128
3881.000 128
3882.000 128
3883.000 128
3884.000 128
3885.000 128
3886.000 128
3887.000 128
3888.000 128
3889.000 128
3890.000 128
3891.000 128
3892.000 128
3893.000 128
3894.000 128
3895.000 128
3896.000 128
3897.000 128
3898.000 128
3899.000 64
3900.000 128
3901.000 128
3902.000 128
3903.000 128
3904.000 128
3905.000 128
3906.000 128
3907.000 128
3908.000 128
3909.000 128
3910.000 128
3911.000 128
3912.000 128
3913.000 128
3914.000 128
3915.000 128
3916.000 128
3917.000 128
3918.000 128
3919.000 128
3920.000 128
3921.000 128
3922.000 128
3923.000 128
3924.000 128
3925.000 128
3926.000 128
3927.000 128
3928.000 128
3929.000 128
3930.000 128
3931.000 128
3932.000 128
3933.000 128
3934.000 128
3935.000 128
3936.000 128
3937.000 128
3938.000 128
3939.000 128
3940.000 128
3941.000 128
3942.000 128
3943.000 128
3944.000 128
3945.000 128
3946.000 128
3947.000 128
3948.000 128
3949.000 128
3950.000 128
3951.000 128
3952.000 128
3953.000 128
3954.000 128
3955.000 128
3956.000 128
3957.000 128
3958.000 128
3959.000 128
3960.000 128
3961.000 128
3962.000 128
3963.000 128
3964.000 64
3965.000 128
3966.000 128
3967.000 128
3968.000 128
3969.000 128
3970.000 128
3971.000 128
3972.000 128
3973.000 64
3974.000 128
3975.000 128
3976.000 128
3977.000 128
3978.000 128
3979.000 128
3980.000 128
3981.000 128
3982.000 128
3983.000 128
3984.000 128
3985.000 128
3986.000 128
3987.000 128
3988.000 128
3989.000 128
3990.000 128
3991.000 128
3992.000 128
3993.000 128
3994.000 128
3995.000 128
3996.000 128
3997.000 128
3998.000 128
3999.000 128
4000.000 128
4001.000 128
4002.000 128
4003.000 128
4004.000 128
4005.000 128
4006.000 128
4007.000 128
4008.000 128
4009.000 128
4010.000 128
4011.000 128
4012.000 128
4013.000 128
4014.000 128
4015.000 128
4016.000 128
4017.000 128
4018.000 128
4019.000 64
4020.000 128
4021.000 128
4022.000 128
4023.000 128
4024.000 128
4025.000 64
4026.000 128
4027.000 128
4028.000 128
4029.000 128
4030.000 128
4031.000 128
4032.000 128
4033.000 128
4034.000 128
4035.000 128
4036.000 128
4037.000 128
4038.000 128
4039.000 128
4040.000 128
4041.000 128
4042.000 128
4043.000 128
4044.000 128
4045.000 128
4046.000 128
4047.000 128
4048.000 128
4049.000 128
4050.000 128
4051.000 128
4052.000 128
4053.000 128
4054.000 128
4055.000 128
4056.000 128
4057.000 128
4058.000 128
4059.000 128
4060.000 128
4061.000 128
4062.000 128
4063.000 128
4064.000 128
4065.000 128
4066.000 128
4067.000 128
4068.000 128
4069.000 128
4070.000 128
4071.000 64
4072.000 128
4073.000 128
4074.000 128
4075.000 128
4076.000 128
4077.000 128
4078.000 128
4079.000 128
4080.000 128
4081.000 128
4082.000 128
4083.000 128
4084.000 128
4085.000 64
4086.000 128
4087.000 128
4088.000 128
4089.000 128
4090.000 128
4091.000 128
4092.000 128
4093.000 128
4094.000 128
4095.000 128
4096.000 128
4097.000 128
4098.000 128
4099.000 128
4100.000 128
4101.000 128
4102.000 128
4103.000 128
4104.000 128
4105.000 128
4106.000 128
4107.000 128
4108.000 128
4109.000 128
4110.000 128
4111.000 128
4112.000 128
4113.000 128
4114.000 128
4115.000 128
4116.000 128
4117.000 128
4118.000 128
4119.000 128
4120.000 128
4121.000 128
4122.000 128
4123.000 128
4124.000 128
4125.000 128
4126.000 128
4127.000 128
4128.000 128
4129.000 128
4130.000 128
4131.000 128
4132.000 128
4133.000 128
4134.000 128
4135.000 128
4136.000 128
4137.000 128
4138.000 128
4139.000 128
4140.000 128
4141.000 128
4142.000 64
4143.000 128
4144.000 128
4145.000 128
4146.000 128
4147.000 128
4148.000 128
4149.000 128
4150.000 128
4151.000 128
4152.000 128
4153.000 128
4154.000 128
4155.000 128
4156.000 128
4157.000 128
4158.000 128
4159.000 128
4160.000 128
4161.000 128
4162.000 128
4163.000 128
4164.000 128
4165.000 128
4166.000 128
4167.000 128
4168.000 128
4169.000 128
4170.000 128
4171.000 128
4172.000 128
4173.000 128
4174.000 128
4175.000 128
4176.000 128
4177.000 128
4178.000 128
4179.000 128
4180.000 128
4181.000 128
4182.000 128
4183.000 128
4184.000 128
4185.000 128
4186.000 128
4187.000 128
4188.000 128
4189.000 128
4190.000 128
4191.000 128
4192.000 128
4193.000 128
4194.000 128
4195.000 128
4196.000 128
4197.000 128
4198.000 128
4199.000 128
4200.000 128
4201.000 128
4202.000 128
4203.000 128
4204.000 64
4205.000 128
4206.000 128
4207.000 128
4208.000 128
4209.000 128
4210.000 128
4211.000 128
4212.000 128
4213.000 128
4214.000 128
4215.000 128
4216.000 128
4217.000 128
4218.000 128
4219.000 128
4220.000 128
4221.000 128
4222.000 128
4223.000 128
4224.000 128
4225.000 128
4226.000 128
4227.000 128
4228.000 128
4229.000 128
4230.000 128
4231.000 128
4232.000 128
4233.000 128
4234.000 128
4235.000 128
4236.000 128
4237.000 128
4238.000 128
4239.000 128
4240.000 128
4241.000 128
4242.000 128
4243.000 128
4244.000 64
4245.000 128
4246.000 128
4247.000 128
4248.000 128
4249.000 128
4250.000 128
4251.000 128
4252.000 128
4253.000 128
4254.000 128
4255.000 128
4256.000 128
4257.000 128
4258.000 128
4259.000 128
4260.000 128
4261.000 64
4262.000 128
4263.000 128
4264.000 128
4265.000 128
4266.000 128
4267.000 128
4268.000 128
4269.000 128
4270.000 128
4271.000 128
4272.000 128
4273.000 128
4274.000 64
4275.000 128
4276.000 128
4277.000 128
4278.000 128
4279.000 128
4280.000 128
4281.000 128
4282.000 128
4283.000 128
4284.000 128
4285.000 128
4286.000 128
4287.000 128
4288.000 128
4289.000 128
4290.000 128
4291.000 128
4292.000 128
4293.000 128
4294.000 128
4295.000 128
4296.000 128
4297.000 128
4298.000 128
4299.000 128
4300.000 128
4301.000 128
4302.000 128
4303.000 128
4304.000 128
4305.000 128
4306.000 128
4307.000 128
4308.000 128
4309.000 128
4310.000 128
4311.000 128
4312.000 128
4313.000 128
4314.000 128
4315.000 128
4316.000 128
4317.000 128
4318.000 128
4319.000 128
4320.000 128
4321.000 128
4322.000 128
4323.000 128
4324.000 128
4325.000 128
4326.000 128
4327.000 128
4328.000 128
4329.000 128
4330.000 128
4331.000 128
4332.000 128
4333.000 64
4334.000 192
4335.000 64
4336.000 128
4337.000 128
4338.000 128
4339.000 128
4340.000 128
4341.000 128
4342.000 128
4343.000 128
4344.000 128
4345.000 128
4346.000 128
4347.000 128
4348.000 128
4349.000 128
4350.000 64
4351.000 128
4352.000 128
4353.000 128
4354.000 128
4355.000 128
4356.000 128
4357.000 128
4358.000 128
4359.000 128
4360.000 128
4361.000 128
4362.000 128
4363.000 128
4364.000 128
4365.000 128
4366.000 128
4367.000 128
4368.000 128
4369.000 128
4370.000 128
4371.000 128
4372.000 128
4373.000 128
4374.000 128
4375.000 128
4376.000 128
4377.000 128
4378.000 128
4379.000 128
4380.000 128
4381.000 128
4382.000 128
4383.000 128
4384.000 128
4385.000 128
4386.000 128
4387.000 128
4388.000 128
4389.000 128
4390.000 128
4391.000 128
4392.000 128
4393.000 128
4394.000 128
4395.000 64
4396.000 128
4397.000 128
4398.000 128
4399.000 128
4400.000 128
4401.000 128
4402.000 128
4403.000 128
4404.000 128
4405.000 128
4406.000 128
4407.000 128
4408.000 128
4409.000 128
4410.000 128
4411.000 128
4412.000 128
4413.000 128
4414.000 128
4415.000 128
4416.000 128
4417.000 128
4418.000 128
4419.000 128
4420.000 128
4421.000 128
4422.000 128
4423.000 128
4424.000 128
4425.000 128
4426.000 128
4427.000 128
4428.000 128
4429.000 128
4430.000 128
4431.000 128
4432.000 128
4433.000 128
4434.000 128
4435.000 128
4436.000 128
4437.000 128
4438.000 128
4439.000 128
4440.000 128
4441.000 128
4442.000 128
4443.000 128
4444.000 128
4445.000 128
4446.000 128
4447.000 128
4448.000 128
4449.000 128
4450.000 128
4451.000 128
4452.000 128
4453.000 64
4454.000 128
4455.000 128
4456.000 128
4457.000 128
4458.000 128
4459.000 128
4460.000 128
4461.000 128
4462.000 128
4463.000 128
4464.000 128
4465.000 128
4466.000 128
4467.000 128
4468.000 128
4469.000 128
4470.000 128
4471.000 128
4472.000 128
4473.000 128
4474.000 128
4475.000 128
4476.000 128
4477.000 128
4478.000 128
4479.000 128
4480.000 128
4481.000 128
4482.000 128
4483.000 128
4484.000 128
4485.000 128
4486.000 64
4487.000 128
4488.000 128
4489.000 128
4490.000 128
4491.000 128
4492.000 128
4493.000 128
4494.000 128
4495.000 128
4496.000 128
4497.000 128
4498.000 128
4499.000 128
4500.000 128
4501.000 128
4502.000 128
4503.000 128
4504.000 128
4505.000 128
4506.000 128
4507.000 128
4508.000 128
4509.000 128
4510.000 128
4511.000 128
4512.000 64
4513.000 128
4514.000 128
4515.000 128
4516.000 128
4517.000 128
4518.000 128
4519.000 128
4520.000 128
4521.000 128
4522.000 128
4523.000 128
4524.000 128
4525.000 128
4526.000 128
4527.000 128
4528.000 128
4529.000 128
4530.000 128
4531.000 128
4532.000 128
4533.000 128
4534.000 128
4535.000 128
4536.000 128
4537.000 128
4538.000 128
4539.000 128
4540.000 128
4541.000 128
4542.000 128
4543.000 128
4544.000 128
4545.000 128
4546.000 128
4547.000 128
4548.000 128
4549.000 128
4550.000 128
4551.000 128
4552.000 128
4553.000 128
4554.000 128
4555.000 128
4556.000 128
4557.000 128
4558.000 128
4559.000 128
4560.000 128
4561.000 128
4562.000 128
4563.000 128
4564.000 128
4565.000 128
4566.000 128
4567.000 128
4568.000 128
4569.000 128
4570.000 128
4571.000 128
4572.000 128
4573.000 128
4574.000 128
4575.000 128
4576.000 128
4577.000 128
4578.000 64
4579.000 128
4580.000 128
4581.000 128
4582.000 128
4583.000 128
4584.000 128
4585.000 128
4586.000 128
4587.000 128
4588.000 128
4589.000 128
4590.000 128
4591.000 128
4592.000 128
4593.000 128
4594.000 128
4595.000 128
4596.000 128
4597.000 128
4598.000 128
4599.000 128
4600.000 128
4601.000 128
4602.000 128
4603.000 128
4604.000 128
4605.000 128
4606.000 128
4607.000 128
4608.000 128
4609.000 128
4610.000 128
4611.000 128
4612.000 128
4613.000 128
4614.000 128
4615.000 128
4616.000 128
4617.000 128
4618.000 128
4619.000 128
4620.000 128
4621.000 128
4622.000 128
4623.000 128
4624.000 128
4625.000 128
4626.000 128
4627.000 128
4628.000 128
4629.000 128
4630.000 128
4631.000 128
4632.000 128
4633.000 128
4634.000 128
4635.000 128
4636.000 128
4637.000 128
4638.000 128
4639.000 128
4640.000 128
4641.000 64
4642.000 128
4643.000 128
4644.000 128
4645.000 128
4646.000 128
4647.000 128
4648.000 128
4649.000 128
4650.000 128
4651.000 128
4652.000 128
4653.000 128
4654.000 128
4655.000 128
4656.000 128
4657.000 128
4658.000 128
4659.000 128
4660.000 128
4661.000 128
4662.000 128
4663.000 128
4664.000 128
4665.000 128
4666.000 128
4667.000 128
4668.000 128
4669.000 128
4670.000 128
4671.000 128
4672.000 128
4673.000 128
4674.000 128
4675.000 128
4676.000 128
4677.000 128
4678.000 128
4679.000 128
4680.000 128
4681.000 64
4682.000 128
4683.000 128
4684.000 128
4685.000 128
4686.000 128
4687.000 128
4688.000 128
4689.000 128
4690.000 128
4691.000 128
4692.000 128
4693.000 128
4694.000 128
4695.000 128
4696.000 128
4697.000 128
4698.000 128
4699.000 64
4700.000 128
4701.000 64
4702.000 128
4703.000 128
4704.000 128
4705.000 128
4706.000 128
4707.000 128
4708.000 128
4709.000 128
4710.000 128
4711.000 128
4712.000 128
4713.000 128
4714.000 128
4715.000 128
4716.000 128
4717.000 128
4718.000 128
4719.000 128
4720.000 128
4721.000 128
4722.000 128
4723.000 128
4724.000 128
4725.000 128
4726.000 128
4727.000 128
4728.000 128
4729.000 128
4730.000 128
4731.000 128
4732.000 64
4733.000 128
4734.000 128
4735.000 128
4736.000 128
4737.000 128
4738.000 128
4739.000 128
4740.000 128
4741.000 128
4742.000 128
4743.000 128
4744.000 128
4745.000 128
4746.000 128
4747.000 128
4748.000 128
4749.000 128
4750.000 128
4751.000 128
4752.000 128
4753.000 128
4754.000 128
4755.000 128
4756.000 128
4757.000 128
4758.000 128
4759.000 128
4760.000 64
4761.000 128
4762.000 128
4763.000 128
4764.000 128
4765.000 128
4766.000 128
4767.000 128
4768.000 128
4769.000 128
4770.000 128
4771.000 128
4772.000 128
4773.000 128
4774.000 128
4775.000 128
4776.000 128
4777.000 128
4778.000 128
4779.000 128
4780.000 128
4781.000 128
4782.000 128
4783.000 128
4784.000 128
4785.000 128
4786.000 128
4787.000 128
4788.000 128
4789.000 128
4790.000 128
4791.000 128
4792.000 128
4793.000 128
4794.000 128
4795.000 128
4796.000 128
4797.000 128
4798.000 128
4799.000 128
4800.000 128
4801.000 128
4802.000 128
4803.000 128
4804.000 128
4805.000 128
4806.000 128
4807.000 128
4808.000 128
4809.000 128
4810.000 128
4811.000 128
4812.000 128
4813.000 128
4814.000 128
4815.000 64
4816.000 128
4817.000 128
4818.000 128
4819.000 128
4820.000 128
4821.000 128
4822.000 128
4823.000 64
4824.000 128
4825.000 128
4826.000 128
4827.000 128
4828.000 128
4829.000 128
4830.000 128
4831.000 128
4832.000 128
4833.000 128
4834.000 128
4835.000 128
4836.000 128
4837.000 128
4838.000 128
4839.000 128
4840.000 128
4841.000 128
4842.000 128
4843.000 128
4844.000 128
4845.000 128
4846.000 128
4847.000 128
4848.000 128
4849.000 128
4850.000 128
4851.000 128
4852.000 128
4853.000 128
4854.000 128
4855.000 128
4856.000 128
4857.000 128
4858.000 128
4859.000 128
4860.000 128
4861.000 128
4862.000 128
4863.000 128
4864.000 128
4865.000 128
4866.000 128
4867.000 128
4868.000 128
4869.000 128
4870.000 128
4871.000 128
4872.000 128
4873.000 128
4874.000 128
4875.000 128
4876.000 128
4877.000 128
4878.000 128
4879.000 128
4880.000 64
4881.000 128
4882.000 128
4883.000 128
4884.000 128
4885.000 128
4886.000 128
4887.000 128
4888.000 128
4889.000 128
4890.000 128
4891.000 64
4892.000 128
4893.000 128
4894.000 128
4895.000 128
4896.000 128
4897.000 128
4898.000 128
4899.000 128
4900.000 128
4901.000 128
4902.000 128
4903.000 128
4904.000 128
4905.000 128
4906.000 128
4907.000 128
4908.000 128
4909.000 128
4910.000 128
4911.000 128
4912.000 128
4913.000 128
4914.000 128
4915.000 128
4916.000 128
4917.000 128
4918.000 128
4919.000 128
4920.000 128
4921.000 128
4922.000 128
4923.000 128
4924.000 128
4925.000 128
4926.000 128
4927.000 128
4928.000 128
4929.000 128
4930.000 128
4931.000 128
4932.000 128
4933.000 128
4934.000 128
4935.000 128
4936.000 128
4937.000 128
4938.000 128
4939.000 128
4940.000 128
4941.000 64
4942.000 128
4943.000 128
4944.000 128
4945.000 128
4946.000 128
4947.000 128
4948.000 128
4949.000 128
4950.000 128
4951.000 128
4952.000 128
4953.000 128
4954.000 128
4955.000 128
4956.000 128
4957.000 128
4958.000 128
4959.000 128
4960.000 128
4961.000 128
4962.000 128
4963.000 128
4964.000 128
4965.000 128
4966.000 128
4967.000 128
4968.000 64
4969.000 128
4970.000 128
4971.000 128
4972.000 128
4973.000 128
4974.000 128
4975.000 128
4976.000 128
4977.000 64
4978.000 128
4979.000 128
4980.000 128
4981.000 128
4982.000 128
4983.000 128
4984.000 128
4985.000 128
4986.000 128
4987.000 128
4988.000 128
4989.000 128
4990.000 128
4991.000 128
4992.000 128
4993.000 128
4994.000 128
4995.000 128
4996.000 128
4997.000 128
4998.000 128
4999.000 128
5000.000 128
5001.000 128
5002.000 128
5003.000 128
5004.000 64
5005.000 128
5006.000 128
5007.000 128
5008.000 128
5009.000 128
5010.000 128
5011.000 128
5012.000 128
5013.000 128
5014.000 128
5015.000 128
5016.000 128
5017.000 128
5018.000 128
5019.000 128
5020.000 128
5021.000 128
5022.000 128
5023.000 128
5024.000 128
5025.000 128
5026.000 128
5027.000 128
5028.000 128
5029.000 128
5030.000 128
5031.000 128
5032.000 128
5033.000 128
5034.000 128
5035.000 128
5036.000 128
5037.000 128
5038.000 128
5039.000 128
5040.000 128
5041.000 128
5042.000 128
5043.000 128
5044.000 128
5045.000 128
5046.000 128
5047.000 128
5048.000 128
5049.000 128
5050.000 128
5051.000 128
5052.000 128
5053.000 128
5054.000 128
5055.000 128
5056.000 128
5057.000 128
5058.000 128
5059.000 128
5060.000 128
5061.000 128
5062.000 128
5063.000 128
5064.000 128
5065.000 64
5066.000 128
5067.000 128
5068.000 128
5069.000 128
5070.000 128
5071.000 128
5072.000 128
5073.000 128
5074.000 128
5075.000 128
5076.000 128
5077.000 128
5078.000 128
5079.000 128
5080.000 128
5081.000 128
5082.000 128
5083.000 128
5084.000 128
5085.000 128
5086.000 128
5087.000 128
5088.000 128
5089.000 128
5090.000 128
5091.000 128
5092.000 64
5093.000 128
5094.000 128
5095.000 128
5096.000 128
5097.000 128
5098.000 128
5099.000 128
5100.000 128
5101.000 128
5102.000 128
5103.000 128
5104.000 128
5105.000 128
5106.000 128
5107.000 64
5108.000 128
5109.000 128
5110.000 128
5111.000 128
5112.000 128
5113.000 128
5114.000 128
5115.000 128
5116.000 128
5117.000 128
5118.000 128
5119.000 128
5120.000 128
5121.000 128
5122.000 128
5123.000 128
5124.000 128
5125.000 64
5126.000 128
5127.000 128
5128.000 128
5129.000 128
5130.000 128
5131.000 128
5132.000 128
5133.000 128
5134.000 128
5135.000 128
5136.000 128
5137.000 128
5138.000 128
5139.000 128
5140.000 128
5141.000 128
5142.000 128
5143.000 128
5144.000 128
5145.000 128
5146.000 128
5147.000 128
5148.000 128
5149.000 64
5150.000 128
5151.000 128
5152.000 128
5153.000 128
5154.000 128
5155.000 128
5156.000 128
5157.000 128
5158.000 128
5159.000 128
5160.000 128
5161.000 128
5162.000 128
5163.000 128
5164.000 128
5165.000 128
5166.000 128
5167.000 128
5168.000 128
5169.000 128
5170.000 128
5171.000 128
5172.000 128
5173.000 128
5174.000 128
5175.000 128
5176.000 128
5177.000 128
5178.000 128
5179.000 128
5180.000 128
5181.000 128
5182.000 128
5183.000 128
5184.000 64
5185.000 128
5186.000 128
5187.000 128
5188.000 128
5189.000 128
5190.000 128
5191.000 128
5192.000 128
5193.000 128
5194.000 128
5195.000 128
5196.000 128
5197.000 128
5198.000 128
5199.000 128
5200.000 128
5201.000 128
5202.000 128
5203.000 128
5204.000 128
5205.000 128
5206.000 128
5207.000 128
5208.000 128
5209.000 128
5210.000 128
5211.000 128
5212.000 128
5213.000 128
5214.000 128
5215.000 128
5216.000 128
5217.000 128
5218.000 128
5219.000 128
5220.000 128
5221.000 128
5222.000 128
5223.000 128
5224.000 128
5225.000 128
5226.000 128
5227.000 128
5228.000 128
5229.000 128
5230.000 128
5231.000 64
5232.000 64
5233.000 128
5234.000 128
5235.000 128
5236.000 128
5237.000 128
5238.000 128
5239.000 128
5240.000 128
5241.000 128
5242.000 128
5243.000 128
5244.000 128
5245.000 64
5246.000 128
5247.000 128
5248.000 128
5249.000 128
5250.000 128
5251.000 128
5252.000 128
5253.000 128
5254.000 128
5255.000 128
5256.000 128
5257.000 128
5258.000 128
5259.000 128
5260.000 128
5261.000 128
5262.000 128
5263.000 128
5264.000 128
5265.000 128
5266.000 128
5267.000 128
5268.000 128
5269.000 64
5270.000 128
5271.000 128
5272.000 128
5273.000 128
5274.000 128
5275.000 128
5276.000 128
5277.000 128
5278.000 128
5279.000 128
5280.000 64
5281.000 128
5282.000 128
5283.000 128
5284.000 128
5285.000 128
5286.000 128
5287.000 128
5288.000 128
5289.000 128
5290.000 128
5291.000 128
5292.000 128
5293.000 128
5294.000 128
5295.000 128
5296.000 128
5297.000 128
5298.000 128
5299.000 128
5300.000 128
5301.000 128
5302.000 128
5303.000 128
5304.000 128
5305.000 128
5306.000 128
5307.000 128
5308.000 64
5309.000 128
5310.000 128
5311.000 128
5312.000 128
5313.000 128
5314.000 128
5315.000 128
5316.000 128
5317.000 128
5318.000 64
5319.000 128
5320.000 128
5321.000 128
5322.000 128
5323.000 128
5324.000 128
5325.000 128
5326.000 128
5327.000 128
5328.000 128
5329.000 128
5330.000 128
5331.000 128
5332.000 128
5333.000 128
5334.000 128
5335.000 128
5336.000 128
5337.000 128
5338.000 128
5339.000 128
5340.000 128
5341.000 128
5342.000 128
5343.000 128
5344.000 128
5345.000 128
5346.000 128
5347.000 128
5348.000 128
5349.000 128
5350.000 128
5351.000 128
5352.000 128
5353.000 128
5354.000 128
5355.000 128
5356.000 128
5357.000 128
5358.000 128
5359.000 128
5360.000 128
5361.000 128
5362.000 128
5363.000 128
5364.000 128
5365.000 64
5366.000 128
5367.000 128
5368.000 128
5369.000 128
5370.000 128
5371.000 128
5372.000 128
5373.000 128
5374.000 128
5375.000 128
5376.000 128
5377.000 128
5378.000 128
5379.000 128
5380.000 128
5381.000 128
5382.000 128
5383.000 128
5384.000 128
5385.000 128
5386.000 128
5387.000 128
5388.000 128
5389.000 128
5390.000 128
5391.000 128
5392.000 128
5393.000 128
5394.000 128
5395.000 128
5396.000 128
5397.000 128
5398.000 128
5399.000 128
5400.000 128
5401.000 128
5402.000 128
5403.000 128
5404.000 128
5405.000 128
5406.000 128
5407.000 128
5408.000 128
5409.000 128
5410.000 128
5411.000 128
5412.000 128
5413.000 128
5414.000 128
5415.000 128
5416.000 128
5417.000 128
5418.000 128
5419.000 128
5420.000 128
5421.000 128
5422.000 64
5423.000 128
5424.000 64
5425.000 128
5426.000 128
5427.000 128
5428.000 128
5429.000 128
5430.000 128
5431.000 128
5432.000 128
5433.000 128
5434.000 128
5435.000 128
5436.000 128
5437.000 128
5438.000 128
5439.000 128
5440.000 128
5441.000 128
5442.000 128
5443.000 128
5444.000 128
5445.000 128
5446.000 128
5447.000 128
5448.000 128
5449.000 128
5450.000 128
5451.000 128
5452.000 128
5453.000 128
5454.000 128
5455.000 128
5456.000 128
5457.000 128
5458.000 128
5459.000 128
5460.000 128
5461.000 128
5462.000 128
5463.000 128
5464.000 128
5465.000 128
5466.000 128
5467.000 128
5468.000 128
5469.000 128
5470.000 128
5471.000 128
5472.000 128
5473.000 128
5474.000 128
5475.000 128
5476.000 64
5477.000 128
5478.000 128
5479.000 128
5480.000 128
5481.000 128
5482.000 128
5483.000 128
5484.000 128
5485.000 128
5486.000 64
5487.000 128
5488.000 128
5489.000 128
5490.000 128
5491.000 128
5492.000 128
5493.000 64
5494.000 128
5495.000 128
5496.000 128
5497.000 128
5498.000 128
5499.000 128
5500.000 128
5501.000 128
5502.000 128
5503.000 128
5504.000 128
5505.000 128
5506.000 128
5507.000 128
5508.000 128
5509.000 128
5510.000 128
5511.000 128
5512.000 128
5513.000 128
5514.000 128
5515.000 128
5516.000 128
5517.000 128
5518.000 128
5519.000 128
5520.000 128
5521.000 128
5522.000 128
5523.000 128
5524.000 128
5525.000 128
5526.000 128
5527.000 128
5528.000 128
5529.000 128
5530.000 128
5531.000 128
5532.000 128
5533.000 128
5534.000 128
5535.000 128
5536.000 128
5537.000 128
5538.000 128
5539.000 128
5540.000 128
5541.000 128
5542.000 64
5543.000 128
5544.000 128
5545.000 128
5546.000 128
5547.000 128
5548.000 128
5549.000 128
5550.000 128
5551.000 128
5552.000 128
5553.000 128
5554.000 128
5555.000 128
5556.000 128
5557.000 128
5558.000 128
5559.000 128
5560.000 128
5561.000 128
5562.000 128
5563.000 128
5564.000 128
5565.000 128
5566.000 128
5567.000 128
5568.000 128
5569.000 128
5570.000 128
5571.000 128
5572.000 128
5573.000 64
5574.000 128
5575.000 128
5576.000 128
5577.000 128
5578.000 128
5579.000 128
5580.000 128
5581.000 128
5582.000 128
5583.000 128
5584.000 128
5585.000 128
5586.000 128
5587.000 128
5588.000 128
5589.000 128
5590.000 128
5591.000 128
5592.000 128
5593.000 128
5594.000 128
5595.000 128
5596.000 128
5597.000 128
5598.000 64
5599.000 128
5600.000 128
5601.000 128
5602.000 128
5603.000 128
5604.000 128
5605.000 128
5606.000 128
5607.000 128
5608.000 128
5609.000 128
5610.000 128
5611.000 128
5612.000 128
5613.000 128
5614.000 128
5615.000 128
5616.000 128
5617.000 128
5618.000 128
5619.000 128
5620.000 128
5621.000 64
5622.000 128
5623.000 128
5624.000 128
5625.000 128
5626.000 128
5627.000 128
5628.000 128
5629.000 128
5630.000 128
5631.000 128
5632.000 128
5633.000 128
5634.000 128
5635.000 128
5636.000 128
5637.000 128
5638.000 128
5639.000 128
5640.000 128
5641.000 128
5642.000 128
5643.000 128
5644.000 128
5645.000 128
5646.000 128
5647.000 128
5648.000 128
5649.000 128
5650.000 128
5651.000 128
5652.000 128
5653.000 128
5654.000 128
5655.000 128
5656.000 128
5657.000 128
5658.000 128
5659.000 128
5660.000 64
5661.000 128
5662.000 128
5663.000 128
5664.000 128
5665.000 128
5666.000 128
5667.000 128
5668.000 128
5669.000 128
5670.000 128
5671.000 128
5672.000 128
5673.000 128
5674.000 128
5675.000 128
5676.000 128
5677.000 128
5678.000 128
5679.000 128
5680.000 128
5681.000 128
5682.000 128
5683.000 128
5684.000 128
5685.000 128
5686.000 128
5687.000 128
5688.000 128
5689.000 128
5690.000 128
5691.000 128
5692.000 128
5693.000 64
5694.000 128
5695.000 128
5696.000 128
5697.000 128
5698.000 128
5699.000 128
5700.000 128
5701.000 128
5702.000 128
5703.000 128
5704.000 128
5705.000 128
5706.000 128
5707.000 128
5708.000 128
5709.000 128
5710.000 128
5711.000 128
5712.000 128
5713.000 128
5714.000 128
5715.000 128
5716.000 128
5717.000 128
5718.000 64
5719.000 128
5720.000 128
5721.000 128
5722.000 128
5723.000 128
5724.000 128
5725.000 128
5726.000 128
5727.000 128
5728.000 128
5729.000 128
5730.000 128
5731.000 128
5732.000 128
5733.000 128
5734.000 128
5735.000 128
5736.000 128
5737.000 128
5738.000 128
5739.000 128
5740.000 128
5741.000 128
5742.000 128
5743.000 128
5744.000 128
5745.000 128
5746.000 128
5747.000 128
5748.000 128
5749.000 128
5750.000 128
5751.000 128
5752.000 128
5753.000 128
5754.000 128
5755.000 128
5756.000 128
5757.000 128
5758.000 128
5759.000 128
5760.000 128
5761.000 128
5762.000 128
5763.000 128
5764.000 128
5765.000 128
5766.000 128
5767.000 128
5768.000 128
5769.000 128
5770.000 128
5771.000 128
5772.000 128
5773.000 64
5774.000 128
5775.000 128
5776.000 128
5777.000 128
5778.000 128
5779.000 128
5780.000 128
5781.000 128
5782.000 128
5783.000 64
5784.000 128
5785.000 128
5786.000 128
5787.000 128
5788.000 128
5789.000 128
5790.000 128
5791.000 128
5792.000 128
5793.000 128
5794.000 128
5795.000 128
5796.000 128
5797.000 128
5798.000 128
5799.000 128
5800.000 128
5801.000 128
5802.000 128
5803.000 128
5804.000 128
5805.000 128
5806.000 128
5807.000 128
5808.000 128
5809.000 128
5810.000 128
5811.000 128
5812.000 128
5813.000 128
5814.000 128
5815.000 128
5816.000 128
5817.000 128
5818.000 128
5819.000 128
5820.000 128
5821.000 128
5822.000 128
5823.000 128
5824.000 128
5825.000 128
5826.000 128
5827.000 128
5828.000 128
5829.000 128
5830.000 128
5831.000 128
5832.000 128
5833.000 128
5834.000 128
5835.000 128
5836.000 128
5837.000 64
5838.000 128
5839.000 128
5840.000 128
5841.000 128
5842.000 128
5843.000 128
5844.000 128
5845.000 128
5846.000 128
5847.000 128
5848.000 128
5849.000 128
5850.000 128
5851.000 128
5852.000 128
5853.000 128
5854.000 128
5855.000 128
5856.000 128
5857.000 128
5858.000 128
5859.000 128
5860.000 128
5861.000 128
5862.000 128
5863.000 128
5864.000 128
5865.000 128
5866.000 128
5867.000 128
5868.000 128
5869.000 128
5870.000 128
5871.000 128
5872.000 128
5873.000 128
5874.000 128
5875.000 128
5876.000 128
5877.000 128
5878.000 128
5879.000 128
5880.000 128
5881.000 128
5882.000 128
5883.000 128
5884.000 128
5885.000 128
5886.000 128
5887.000 128
5888.000 128
5889.000 128
5890.000 128
5891.000 128
5892.000 128
5893.000 128
5894.000 128
5895.000 64
5896.000 128
5897.000 128
5898.000 128
5899.000 128
5900.000 128
5901.000 128
5902.000 128
5903.000 128
5904.000 128
5905.000 128
5906.000 128
5907.000 128
5908.000 128
5909.000 128
5910.000 128
5911.000 128
5912.000 128
5913.000 128
5914.000 128
5915.000 128
5916.000 128
5917.000 128
5918.000 128
5919.000 128
5920.000 128
5921.000 128
5922.000 128
5923.000 128
5924.000 128
5925.000 128
5926.000 128
5927.000 128
5928.000 128
5929.000 128
5930.000 128
5931.000 128
5932.000 128
5933.000 128
5934.000 128
5935.000 128
5936.000 128
5937.000 128
5938.000 128
5939.000 128
5940.000 128
5941.000 128
5942.000 128
5943.000 128
5944.000 128
5945.000 128
5946.000 128
5947.000 128
5948.000 64
5949.000 128
5950.000 128
5951.000 128
5952.000 128
5953.000 128
5954.000 128
5955.000 128
5956.000 128
5957.000 128
5958.000 128
5959.000 128
5960.000 128
5961.000 128
5962.000 128
5963.000 128
5964.000 128
5965.000 128
5966.000 128
5967.000 128
5968.000 128
5969.000 128
5970.000 128
5971.000 128
5972.000 64
5973.000 128
5974.000 128
5975.000 64
