# Slice: URLLC | 10.215.173.1:49006 -> 112.217.128.202:15697 (UDP)
# offset_sec  packet_size_bytes
0.000 1664
1.000 5886
2.000 14848
3.000 16386
4.000 18744
5.000 20412
6.000 16976
7.000 13356
8.000 17102
9.000 19302
10.000 25574
11.000 16492
12.000 13970
13.000 18308
14.000 17136
15.000 15340
16.000 18116
17.000 18778
18.000 15670
19.000 14786
20.000 13892
21.000 14080
22.000 13810
23.000 14598
24.000 13742
25.000 14214
26.000 14582
27.000 14480
28.000 15352
29.000 20230
30.000 17318
31.000 20022
32.000 18722
33.000 14782
34.000 15410
35.000 15532
36.000 19648
37.000 15802
38.000 17600
39.000 17712
40.000 15040
41.000 14484
42.000 14010
43.000 14016
44.000 14670
45.000 18494
46.000 15238
47.000 13356
48.000 14600
49.000 19994
50.000 17318
51.000 20332
52.000 15772
53.000 17720
54.000 17446
55.000 14724
56.000 17520
57.000 14638
58.000 15052
59.000 20452
60.000 18126
61.000 16932
62.000 16582
63.000 17574
64.000 18570
65.000 18682
66.000 20800
67.000 19958
68.000 15610
69.000 14382
70.000 15916
71.000 14624
72.000 13876
73.000 13988
74.000 14252
75.000 14484
76.000 13876
77.000 14020
78.000 14464
79.000 13346
80.000 14896
81.000 18090
82.000 19274
83.000 14382
84.000 16081
85.000 15544
86.000 16594
87.000 15190
88.000 13966
89.000 15086
90.000 17480
91.000 15336
92.000 15716
93.000 14328
94.000 15576
95.000 16588
96.000 15332
97.000 21204
98.000 15362
99.000 14288
100.000 19024
101.000 19824
102.000 17518
103.000 23174
104.000 28134
105.000 19674
106.000 13740
107.000 15876
108.000 13740
109.000 15892
110.000 15510
111.000 13942
112.000 13152
113.000 15112
114.000 18940
115.000 19292
116.000 22424
117.000 18810
118.000 19396
119.000 19386
120.000 27662
121.000 17948
122.000 18774
123.000 16418
124.000 14906
125.000 15576
126.000 14524
127.000 14074
128.000 14444
129.000 14220
130.000 16188
131.000 16952
132.000 15588
133.000 17630
134.000 15879
135.000 18126
136.000 18610
137.000 18978
138.000 18362
139.000 20864
140.000 18986
141.000 20694
142.000 17444
143.000 20282
144.000 18366
145.000 16124
146.000 15566
147.000 17730
148.000 14236
149.000 16058
150.000 18694
151.000 16042
152.000 15116
153.000 18962
154.000 15900
155.000 23568
156.000 30188
157.000 23628
158.000 21542
159.000 16426
160.000 17764
161.000 17614
162.000 18356
163.000 30560
164.000 18442
165.000 19198
166.000 13228
167.000 16422
168.000 16564
169.000 28960
170.000 16844
171.000 18976
172.000 17646
173.000 13874
174.000 14984
175.000 18144
176.000 17434
177.000 16056
178.000 19714
179.000 16776
180.000 16546
181.000 21696
182.000 16084
183.000 15110
184.000 21448
185.000 20726
186.000 21964
187.000 21240
188.000 18556
189.000 20112
190.000 19684
191.000 15408
192.000 13220
193.000 14722
194.000 16884
195.000 19956
196.000 18644
197.000 16856
198.000 18242
199.000 18226
200.000 15122
201.000 18148
202.000 18288
203.000 18804
204.000 19140
205.000 17674
206.000 18178
207.000 16308
208.000 23054
209.000 14818
210.000 15386
211.000 15656
212.000 16728
213.000 15206
214.000 18282
215.000 17066
216.000 17356
217.000 18284
218.000 23790
219.000 16216
220.000 18398
221.000 19922
222.000 20466
223.000 18754
224.000 21588
225.000 19596
226.000 20120
227.000 19924
228.000 21204
229.000 19448
230.000 19386
231.000 19792
232.000 17828
233.000 18260
234.000 16530
235.000 20958
236.000 18842
237.000 17870
238.000 19384
239.000 18750
240.000 20152
241.000 17380
242.000 19902
243.000 18398
244.000 15586
245.000 17296
246.000 21284
247.000 19230
248.000 20736
249.000 18504
250.000 18570
251.000 18482
252.000 20946
253.000 20230
254.000 20264
255.000 20478
256.000 14088
257.000 14480
258.000 16876
259.000 17844
260.000 19792
261.000 19904
262.000 20364
263.000 18842
264.000 18906
265.000 20476
266.000 20622
267.000 19600
268.000 23128
269.000 17810
270.000 17040
271.000 17860
272.000 19794
273.000 18640
274.000 19378
275.000 20192
276.000 23134
277.000 18950
278.000 23226
279.000 21546
280.000 17990
281.000 16772
282.000 16602
283.000 18020
284.000 17726
285.000 21032
286.000 19022
287.000 13588
288.000 15852
289.000 14694
290.000 15424
291.000 18232
292.000 19008
293.000 27034
294.000 19356
295.000 21500
296.000 18178
297.000 20496
298.000 22152
299.000 23488
300.000 18042
301.000 17618
302.000 18914
303.000 19036
304.000 20410
305.000 17044
306.000 20718
307.000 18294
308.000 18516
309.000 19846
310.000 19340
311.000 19624
312.000 20742
313.000 20620
314.000 20024
315.000 19406
316.000 16978
317.000 18554
318.000 20146
319.000 19508
320.000 19820
321.000 17718
322.000 17458
323.000 17892
324.000 20794
325.000 18050
326.000 18624
327.000 18292
328.000 19456
329.000 19958
330.000 19058
331.000 20064
332.000 17624
333.000 18310
334.000 19830
335.000 20032
336.000 19146
337.000 16800
338.000 19868
339.000 16898
340.000 18944
341.000 19084
342.000 14320
343.000 13944
344.000 16724
345.000 16586
346.000 15458
347.000 18178
348.000 20968
349.000 15170
350.000 14766
351.000 16562
352.000 19158
353.000 22510
354.000 18344
355.000 18950
356.000 19814
357.000 18944
358.000 16978
359.000 20750
360.000 15242
361.000 15826
362.000 19826
363.000 20126
364.000 19352
365.000 18496
366.000 19234
367.000 18112
368.000 15532
369.000 15264
370.000 16360
371.000 15250
372.000 16440
373.000 15476
374.000 19082
375.000 18734
376.000 20932
377.000 16602
378.000 19186
379.000 18924
380.000 22708
381.000 22538
382.000 27152
383.000 28896
384.000 19210
385.000 20510
386.000 19488
387.000 20446
388.000 18000
389.000 20460
390.000 17468
391.000 15822
392.000 19774
393.000 15892
394.000 17648
395.000 16292
396.000 15584
397.000 16288
398.000 15198
399.000 15326
400.000 15654
401.000 14722
402.000 15852
403.000 15855
404.000 17666
405.000 20086
406.000 18456
407.000 20252
408.000 17486
409.000 19190
410.000 19710
411.000 17860
412.000 19210
413.000 21012
414.000 16862
415.000 16289
416.000 17350
417.000 13498
418.000 15524
419.000 16836
420.000 14010
421.000 15412
422.000 15158
423.000 14604
424.000 14828
425.000 16004
426.000 19228
427.000 21090
428.000 20696
429.000 19356
430.000 19388
431.000 18408
432.000 20700
433.000 20102
434.000 20268
435.000 18828
436.000 19340
437.000 19498
438.000 18102
439.000 16674
440.000 20882
441.000 20304
442.000 20690
443.000 20878
444.000 19980
445.000 20206
446.000 20830
447.000 19392
448.000 20050
449.000 20398
450.000 19404
451.000 17784
452.000 19972
453.000 18516
454.000 20120
455.000 17912
456.000 19024
457.000 18824
458.000 19820
459.000 18874
460.000 17044
461.000 15984
462.000 16504
463.000 15014
464.000 15879
465.000 15136
466.000 14224
467.000 18726
468.000 15506
469.000 14102
470.000 13928
471.000 13850
472.000 13960
473.000 14198
474.000 17234
475.000 22010
476.000 20116
477.000 18458
478.000 18848
479.000 20118
480.000 17902
481.000 18686
482.000 20144
483.000 18736
484.000 17548
485.000 19542
486.000 17942
487.000 18670
488.000 17790
489.000 19818
490.000 17036
491.000 21420
492.000 15854
493.000 18192
494.000 21616
495.000 18714
496.000 18470
497.000 19896
498.000 20594
499.000 16634
500.000 15196
501.000 15552
502.000 18604
503.000 21516
504.000 19642
505.000 16294
506.000 17796
507.000 16426
508.000 15526
509.000 19754
510.000 21534
511.000 18414
512.000 15004
513.000 19532
514.000 18944
515.000 18966
516.000 20494
517.000 18476
518.000 19218
519.000 16940
520.000 16610
521.000 14952
522.000 17020
523.000 13874
524.000 15458
525.000 14804
526.000 13740
527.000 18190
528.000 15214
529.000 14646
530.000 17218
531.000 19666
532.000 18126
533.000 20792
534.000 18408
535.000 17102
536.000 14944
537.000 16616
538.000 15304
539.000 18688
540.000 19910
541.000 18216
542.000 19970
543.000 18966
544.000 18410
545.000 19898
546.000 19028
547.000 14812
548.000 14710
549.000 16646
550.000 15626
551.000 19592
552.000 17094
553.000 19146
554.000 18462
555.000 17740
556.000 18440
557.000 18990
558.000 14760
559.000 19218
560.000 17328
561.000 18186
562.000 19806
563.000 21538
564.000 21248
565.000 19740
566.000 20780
567.000 20490
568.000 18642
569.000 22046
570.000 18356
571.000 20098
572.000 18220
573.000 14156
574.000 14218
575.000 13842
576.000 17684
577.000 17850
578.000 18134
579.000 21062
580.000 25724
581.000 18514
582.000 21864
583.000 19120
584.000 18720
585.000 20760
586.000 20448
587.000 19038
588.000 18594
589.000 19442
590.000 19496
591.000 18048
592.000 16422
593.000 14196
594.000 16312
595.000 14664
596.000 14024
597.000 16006
598.000 18140
599.000 14608
600.000 14080
601.000 16350
602.000 16514
603.000 15688
604.000 17840
605.000 19228
606.000 20576
607.000 19844
608.000 20540
609.000 19296
610.000 18658
611.000 20976
612.000 15972
613.000 18178
614.000 17612
615.000 15448
616.000 17156
617.000 16284
618.000 17432
619.000 18072
620.000 18746
621.000 20702
622.000 18522
623.000 15789
624.000 23090
625.000 18836
626.000 29046
627.000 18402
628.000 15816
629.000 15116
630.000 15646
631.000 16808
632.000 16640
633.000 13342
634.000 14484
635.000 13870
636.000 25584
637.000 24836
638.000 19344
639.000 20638
640.000 20382
641.000 21818
642.000 18802
643.000 23336
644.000 14512
645.000 17532
646.000 17070
647.000 15848
648.000 14100
649.000 16550
650.000 17682
651.000 20814
652.000 19860
653.000 19328
654.000 17908
655.000 16206
656.000 21494
657.000 21364
658.000 20544
659.000 18222
660.000 17752
661.000 18934
662.000 22420
663.000 20882
664.000 16842
665.000 24646
666.000 19526
667.000 20478
668.000 19114
669.000 19654
670.000 20248
671.000 18114
672.000 18796
673.000 20784
674.000 18062
675.000 15789
676.000 15972
677.000 14328
678.000 22388
679.000 30612
680.000 22198
681.000 16298
682.000 23474
683.000 19866
684.000 26724
685.000 17826
686.000 21098
687.000 15816
688.000 18218
689.000 18954
690.000 19508
691.000 16748
692.000 18594
693.000 20808
694.000 20798
695.000 19364
696.000 20366
697.000 22258
698.000 19878
699.000 19512
700.000 18556
701.000 19732
702.000 18986
703.000 17362
704.000 17302
705.000 17344
706.000 18804
707.000 18492
708.000 18826
709.000 21298
710.000 19362
711.000 20516
712.000 21242
713.000 19472
714.000 18862
715.000 20862
716.000 18650
717.000 16634
718.000 14234
719.000 15472
720.000 19916
721.000 18666
722.000 20306
723.000 18386
724.000 17932
725.000 19060
726.000 16948
727.000 17270
728.000 15890
729.000 16480
730.000 15548
731.000 15860
732.000 18342
733.000 19092
734.000 21276
735.000 19774
736.000 16806
737.000 18356
738.000 19430
739.000 20784
740.000 21464
741.000 20532
742.000 19154
743.000 22650
744.000 20034
745.000 20854
746.000 20192
747.000 22510
748.000 20946
749.000 19138
750.000 20396
751.000 18862
752.000 23014
753.000 25424
754.000 22884
755.000 21064
756.000 18478
757.000 18878
758.000 18372
759.000 17924
760.000 21308
761.000 30222
762.000 21946
763.000 27104
764.000 21644
765.000 19590
766.000 24466
767.000 20640
768.000 18158
769.000 18518
770.000 18582
771.000 15893
772.000 18994
773.000 15775
774.000 17334
775.000 19662
776.000 18016
777.000 19686
778.000 16732
779.000 15162
780.000 15930
781.000 16181
782.000 16254
783.000 17354
784.000 15572
785.000 14216
786.000 14942
787.000 13874
788.000 16192
789.000 15020
790.000 13892
791.000 15094
792.000 14220
793.000 18808
794.000 18130
795.000 18538
796.000 19802
797.000 19660
798.000 21324
799.000 17962
800.000 18412
801.000 14756
802.000 17396
803.000 19868
804.000 15498
805.000 16004
806.000 19248
807.000 19992
808.000 19868
809.000 21068
810.000 18792
811.000 31968
812.000 20070
813.000 16392
814.000 17858
815.000 21526
816.000 31306
817.000 22336
818.000 28144
819.000 19764
820.000 19386
821.000 18468
822.000 19546
823.000 21678
824.000 23090
825.000 18662
826.000 19898
827.000 21182
828.000 27548
829.000 18594
830.000 19976
831.000 19108
832.000 20082
833.000 21594
834.000 20752
835.000 22588
836.000 21020
837.000 21844
838.000 18920
839.000 18470
840.000 19688
841.000 18400
842.000 20304
843.000 21002
844.000 18034
845.000 22030
846.000 21432
847.000 22628
848.000 14970
849.000 18588
850.000 20934
851.000 20476
852.000 20552
853.000 24170
854.000 22658
855.000 18440
856.000 19018
857.000 19904
858.000 19768
859.000 14840
860.000 15827
861.000 21236
862.000 21142
863.000 20724
864.000 18680
865.000 17760
866.000 18012
867.000 16274
868.000 15172
869.000 15938
870.000 20250
871.000 17662
872.000 19140
873.000 20880
874.000 14386
875.000 15550
876.000 13102
877.000 16112
878.000 16341
879.000 16382
880.000 17444
881.000 15010
882.000 18226
883.000 15098
884.000 16618
885.000 13916
886.000 13974
887.000 22010
888.000 14840
889.000 26044
890.000 17810
891.000 20094
892.000 13332
893.000 14802
894.000 13084
895.000 13620
896.000 24272
897.000 13826
898.000 16042
899.000 18738
900.000 20348
901.000 18658
902.000 16532
903.000 17358
904.000 18608
905.000 17116
906.000 16285
907.000 19816
908.000 15558
909.000 18664
910.000 20622
911.000 20146
912.000 20494
913.000 19010
914.000 20008
915.000 16808
916.000 15062
917.000 15516
918.000 17360
919.000 21718
920.000 19630
921.000 19264
922.000 20486
923.000 18740
924.000 18264
925.000 18512
926.000 16327
927.000 18302
928.000 14812
929.000 13992
930.000 15034
931.000 15356
932.000 14040
933.000 16610
934.000 14718
935.000 19894
936.000 18618
937.000 17496
938.000 19432
939.000 18596
940.000 21050
941.000 20786
942.000 18122
943.000 19168
944.000 33524
945.000 21914
946.000 16056
947.000 18324
948.000 23070
949.000 19404
950.000 16133
951.000 19534
952.000 16634
953.000 22368
954.000 15938
955.000 14010
956.000 14058
957.000 19960
958.000 19688
959.000 19498
960.000 16920
961.000 19678
962.000 19040
963.000 20554
964.000 16828
965.000 23382
966.000 20570
967.000 20770
968.000 15754
969.000 15360
970.000 16910
971.000 15540
972.000 15204
973.000 16025
974.000 17494
975.000 19450
976.000 20458
977.000 16488
978.000 16970
979.000 13768
980.000 20448
981.000 20102
982.000 19128
983.000 19900
984.000 18556
985.000 18862
986.000 16024
987.000 19916
988.000 19630
989.000 20584
990.000 19098
991.000 21520
992.000 20824
993.000 19652
994.000 15452
995.000 14206
996.000 17058
997.000 19544
998.000 15750
999.000 18286
1000.000 19574
1001.000 16416
1002.000 18086
1003.000 16514
1004.000 17086
1005.000 17084
1006.000 14330
1007.000 16992
1008.000 28136
1009.000 19592
1010.000 27068
1011.000 19104
1012.000 20824
1013.000 18972
1014.000 16392
1015.000 16762
1016.000 20010
1017.000 20860
1018.000 15704
1019.000 18226
1020.000 19568
1021.000 19720
1022.000 17232
1023.000 20432
1024.000 20800
1025.000 20194
1026.000 21072
1027.000 21414
1028.000 21298
1029.000 18002
1030.000 19986
1031.000 19904
1032.000 18056
1033.000 18418
1034.000 18130
1035.000 20574
1036.000 22586
1037.000 18570
1038.000 17328
1039.000 21336
1040.000 19170
1041.000 17302
1042.000 20644
1043.000 18472
1044.000 16294
1045.000 17730
1046.000 20748
1047.000 22024
1048.000 18478
1049.000 19198
1050.000 20710
1051.000 21274
1052.000 20660
1053.000 17040
1054.000 19506
1055.000 19492
1056.000 20394
1057.000 19138
1058.000 21474
1059.000 26376
1060.000 19118
1061.000 20576
1062.000 17892
1063.000 19348
1064.000 16506
1065.000 24044
1066.000 20280
1067.000 19348
1068.000 19310
1069.000 17526
1070.000 15476
1071.000 15278
1072.000 19652
1073.000 16976
1074.000 15622
1075.000 18258
1076.000 18088
1077.000 18282
1078.000 21544
1079.000 19638
1080.000 19872
1081.000 17970
1082.000 24998
1083.000 18328
1084.000 18642
1085.000 28830
1086.000 16794
1087.000 18130
1088.000 19446
1089.000 20560
1090.000 16110
1091.000 15426
1092.000 13962
1093.000 14422
1094.000 21086
1095.000 15800
1096.000 14188
1097.000 18528
1098.000 20430
1099.000 21920
1100.000 19174
1101.000 16590
1102.000 14038
1103.000 16440
1104.000 14078
1105.000 13876
1106.000 14080
1107.000 15068
1108.000 14026
1109.000 13070
1110.000 15306
1111.000 13622
1112.000 14214
1113.000 13016
1114.000 14938
1115.000 14958
1116.000 18250
1117.000 20148
1118.000 19178
1119.000 18358
1120.000 19170
1121.000 20884
1122.000 19608
1123.000 19812
1124.000 18862
1125.000 17760
1126.000 17938
1127.000 21626
1128.000 19052
1129.000 15170
1130.000 14514
1131.000 16886
1132.000 14900
1133.000 20690
1134.000 17182
1135.000 13756
1136.000 15628
1137.000 13874
1138.000 14010
1139.000 14280
1140.000 19410
1141.000 13150
1142.000 14376
1143.000 13756
1144.000 15779
1145.000 18382
1146.000 13874
1147.000 15322
1148.000 13356
1149.000 13874
1150.000 13874
1151.000 14786
1152.000 15070
1153.000 15456
1154.000 14890
1155.000 14464
1156.000 13756
1157.000 15376
1158.000 14616
1159.000 14716
1160.000 13944
1161.000 13740
1162.000 14598
1163.000 14668
1164.000 13978
1165.000 14772
1166.000 13810
1167.000 14850
1168.000 13756
1169.000 14842
1170.000 13584
1171.000 14112
1172.000 13284
1173.000 13828
1174.000 15778
1175.000 13420
1176.000 13946
1177.000 13874
1178.000 14048
1179.000 14802
1180.000 13908
1181.000 14210
1182.000 19296
1183.000 13776
1184.000 14686
1185.000 15392
1186.000 16063
1187.000 13270
1188.000 14414
1189.000 14598
1190.000 14598
1191.000 13356
1192.000 15304
1193.000 14734
1194.000 14754
1195.000 13270
1196.000 15338
1197.000 15480
1198.000 13992
1199.000 13324
1200.000 13946
1201.000 14008
1202.000 13636
1203.000 14416
1204.000 15675
1205.000 14644
1206.000 15258
1207.000 15318
1208.000 15592
1209.000 17470
1210.000 13420
1211.000 14600
1212.000 16808
1213.000 14366
1214.000 13372
1215.000 16268
1216.000 14598
1217.000 13994
1218.000 13102
1219.000 14464
1220.000 13740
1221.000 14198
1222.000 13286
1223.000 13874
1224.000 14620
1225.000 14144
1226.000 14598
1227.000 13308
1228.000 15340
1229.000 15656
1230.000 13928
1231.000 13874
1232.000 15204
1233.000 15590
1234.000 15522
1235.000 20738
1236.000 17960
1237.000 20064
1238.000 14974
1239.000 16094
1240.000 19128
1241.000 20698
1242.000 16247
1243.000 20060
1244.000 16326
1245.000 19678
1246.000 18592
1247.000 15448
1248.000 20060
1249.000 15506
1250.000 16386
1251.000 18114
1252.000 16958
1253.000 19370
1254.000 17814
1255.000 16708
1256.000 14750
1257.000 14062
1258.000 13364
1259.000 19748
1260.000 17996
1261.000 17684
1262.000 19546
1263.000 18798
1264.000 17702
1265.000 18256
1266.000 17842
1267.000 24490
1268.000 17722
1269.000 19756
1270.000 19870
1271.000 16830
1272.000 18908
1273.000 20184
1274.000 18272
1275.000 23494
1276.000 13876
1277.000 21218
1278.000 15002
1279.000 18956
1280.000 16448
1281.000 16142
1282.000 16858
1283.000 17846
1284.000 14890
1285.000 17378
1286.000 23624
1287.000 14594
1288.000 16920
1289.000 14696
1290.000 14732
1291.000 13946
1292.000 13740
1293.000 13168
1294.000 14014
1295.000 13892
1296.000 13874
1297.000 14064
1298.000 13620
1299.000 14434
1300.000 14534
1301.000 16028
1302.000 14144
1303.000 14232
1304.000 15526
1305.000 13270
1306.000 13978
1307.000 14716
1308.000 20330
1309.000 18714
1310.000 15494
1311.000 19036
1312.000 18166
1313.000 19444
1314.000 20878
1315.000 19236
1316.000 18738
1317.000 17874
1318.000 18054
1319.000 20946
1320.000 18248
1321.000 19026
1322.000 23162
1323.000 20482
1324.000 19160
1325.000 22432
1326.000 22278
1327.000 18206
1328.000 19880
1329.000 17638
1330.000 30782
1331.000 20344
1332.000 20734
1333.000 19594
1334.000 19160
1335.000 18332
1336.000 36074
1337.000 16626
1338.000 17894
1339.000 19652
1340.000 21170
1341.000 19384
1342.000 20018
1343.000 21252
1344.000 19780
1345.000 21780
1346.000 20886
1347.000 20694
1348.000 21254
1349.000 17960
1350.000 20646
1351.000 17846
1352.000 19712
1353.000 25270
1354.000 26910
1355.000 18532
1356.000 21152
1357.000 20010
1358.000 21822
1359.000 18528
1360.000 21224
1361.000 20268
1362.000 19098
1363.000 19452
1364.000 18644
1365.000 19912
1366.000 18852
1367.000 23260
1368.000 19004
1369.000 19210
1370.000 16142
1371.000 18070
1372.000 18814
1373.000 19134
1374.000 20132
1375.000 17088
1376.000 17086
1377.000 18938
1378.000 21744
1379.000 19118
1380.000 18286
1381.000 16025
1382.000 16438
1383.000 15972
1384.000 17132
1385.000 15306
1386.000 14846
1387.000 16498
1388.000 16048
1389.000 17050
1390.000 17554
1391.000 18612
1392.000 15192
1393.000 15594
1394.000 14960
1395.000 17248
1396.000 16724
1397.000 15264
1398.000 16209
1399.000 19898
1400.000 18204
1401.000 15476
1402.000 16720
1403.000 16126
1404.000 17012
1405.000 15684
1406.000 15508
1407.000 15702
1408.000 18156
1409.000 20930
1410.000 19978
1411.000 22458
1412.000 18358
1413.000 21644
1414.000 19114
1415.000 21446
1416.000 20598
1417.000 18120
1418.000 14906
1419.000 18958
1420.000 15924
1421.000 16632
1422.000 15006
1423.000 16556
1424.000 19146
1425.000 16362
1426.000 19760
1427.000 15788
1428.000 19718
1429.000 19540
1430.000 21310
1431.000 21198
1432.000 17658
1433.000 16398
1434.000 18956
1435.000 17242
1436.000 22300
1437.000 19128
1438.000 20698
1439.000 16492
1440.000 17544
1441.000 15204
1442.000 19090
1443.000 18056
1444.000 18930
1445.000 20770
1446.000 21778
1447.000 17776
1448.000 13982
1449.000 14464
1450.000 15186
1451.000 14804
1452.000 15226
1453.000 13876
1454.000 13944
1455.000 14096
1456.000 13286
1457.000 14550
1458.000 14598
1459.000 14212
1460.000 13356
1461.000 14596
1462.000 14582
1463.000 14534
1464.000 13892
1465.000 13960
1466.000 14804
1467.000 13286
1468.000 15306
1469.000 14214
1470.000 13874
1471.000 15696
1472.000 22082
1473.000 16978
1474.000 16264
1475.000 15200
1476.000 17356
1477.000 21640
1478.000 17334
1479.000 21038
1480.000 16412
1481.000 20950
1482.000 15973
1483.000 16034
1484.000 15806
1485.000 16594
1486.000 15010
1487.000 17390
1488.000 17254
1489.000 16686
1490.000 18290
1491.000 18510
1492.000 18646
1493.000 17340
1494.000 27878
1495.000 17458
1496.000 15384
1497.000 19032
1498.000 17462
1499.000 17304
1500.000 18518
1501.000 19996
1502.000 15030
1503.000 13858
1504.000 20118
1505.000 15242
1506.000 15016
1507.000 14598
1508.000 17726
1509.000 15322
1510.000 13168
1511.000 15416
1512.000 15840
1513.000 18510
1514.000 19398
1515.000 16780
1516.000 19386
1517.000 16836
1518.000 18372
1519.000 18978
1520.000 21022
1521.000 15280
1522.000 15666
1523.000 17618
1524.000 14810
1525.000 16544
1526.000 14398
1527.000 16060
1528.000 14144
1529.000 14680
1530.000 17700
1531.000 16912
1532.000 16976
1533.000 16318
1534.000 13874
1535.000 14564
1536.000 15400
1537.000 19238
1538.000 21474
1539.000 20380
1540.000 18988
1541.000 16660
1542.000 18742
1543.000 22554
1544.000 18200
1545.000 18212
1546.000 20048
1547.000 19918
1548.000 19660
1549.000 19162
1550.000 19270
1551.000 17934
1552.000 19714
1553.000 17158
1554.000 18186
1555.000 17924
1556.000 18296
1557.000 18166
1558.000 20526
1559.000 21926
1560.000 18864
1561.000 17908
1562.000 18714
1563.000 21290
1564.000 19818
1565.000 20922
1566.000 27108
1567.000 19470
1568.000 14534
1569.000 19612
1570.000 16894
1571.000 18184
1572.000 15338
1573.000 15436
1574.000 17668
1575.000 16074
1576.000 19410
1577.000 27736
1578.000 19040
1579.000 16644
1580.000 19766
1581.000 21480
1582.000 20008
1583.000 17980
1584.000 21860
1585.000 20464
1586.000 19410
1587.000 15734
1588.000 20750
1589.000 19852
1590.000 20800
1591.000 19588
1592.000 20602
1593.000 18910
1594.000 13698
1595.000 21678
1596.000 17664
1597.000 16626
1598.000 20584
1599.000 19726
1600.000 18044
1601.000 16908
1602.000 17882
1603.000 15146
1604.000 15024
1605.000 14474
1606.000 15028
1607.000 15042
1608.000 16424
1609.000 15878
1610.000 16088
1611.000 14548
1612.000 13874
1613.000 17078
1614.000 16772
1615.000 14078
1616.000 14934
1617.000 19914
1618.000 20822
1619.000 20252
1620.000 19830
1621.000 15994
1622.000 20532
1623.000 22718
1624.000 20826
1625.000 22028
1626.000 20888
1627.000 18522
1628.000 21970
1629.000 18112
1630.000 17056
1631.000 15940
1632.000 18388
1633.000 19556
1634.000 20502
1635.000 20914
1636.000 21742
1637.000 19132
1638.000 18090
1639.000 20884
1640.000 16360
1641.000 19732
1642.000 21214
1643.000 26862
1644.000 20780
1645.000 19322
1646.000 18458
1647.000 18018
1648.000 18620
1649.000 19164
1650.000 18826
1651.000 16984
1652.000 19354
1653.000 18142
1654.000 21754
1655.000 19154
1656.000 18090
1657.000 16812
1658.000 17308
1659.000 18210
1660.000 16010
1661.000 14810
1662.000 17680
1663.000 16146
1664.000 24052
1665.000 24846
1666.000 19980
1667.000 21262
1668.000 17486
1669.000 20700
1670.000 19090
1671.000 18668
1672.000 18162
1673.000 13874
1674.000 13152
1675.000 14982
1676.000 15596
1677.000 15726
1678.000 13222
1679.000 14102
1680.000 13876
1681.000 14414
1682.000 16316
1683.000 18536
1684.000 19352
1685.000 28478
1686.000 24876
1687.000 16456
1688.000 18274
1689.000 16502
1690.000 15388
1691.000 14712
1692.000 14128
1693.000 14974
1694.000 15110
1695.000 15671
1696.000 20572
1697.000 19720
1698.000 19726
1699.000 20426
1700.000 17824
1701.000 21880
1702.000 22296
1703.000 20892
1704.000 21338
1705.000 21976
1706.000 21776
1707.000 16223
1708.000 20922
1709.000 21308
1710.000 28320
1711.000 22878
1712.000 17762
1713.000 22148
1714.000 18682
1715.000 19160
1716.000 19204
1717.000 19242
1718.000 19302
1719.000 19894
1720.000 19014
1721.000 19876
1722.000 19064
1723.000 20184
1724.000 17698
1725.000 15358
1726.000 16498
1727.000 17508
1728.000 19696
1729.000 20558
1730.000 20928
1731.000 18864
1732.000 17696
1733.000 19018
1734.000 18420
1735.000 17658
1736.000 17066
1737.000 17328
1738.000 16426
1739.000 19220
1740.000 19872
1741.000 23518
1742.000 20784
1743.000 17968
1744.000 14398
1745.000 26056
1746.000 14036
1747.000 13490
1748.000 16060
1749.000 20266
1750.000 18556
1751.000 16138
1752.000 18314
1753.000 17222
1754.000 17762
1755.000 16166
1756.000 17330
1757.000 16980
1758.000 15106
1759.000 16084
1760.000 16920
1761.000 23394
1762.000 19972
1763.000 24322
1764.000 19326
1765.000 20258
1766.000 15959
1767.000 14718
1768.000 15122
1769.000 14010
1770.000 15192
1771.000 20462
1772.000 18976
1773.000 17816
1774.000 17928
1775.000 17132
1776.000 21588
1777.000 19042
1778.000 28076
1779.000 20490
1780.000 16098
1781.000 15938
1782.000 15934
1783.000 15492
1784.000 16209
1785.000 16004
1786.000 15612
1787.000 14886
1788.000 14634
1789.000 18030
1790.000 16080
1791.000 15586
1792.000 14010
1793.000 13880
1794.000 13286
1795.000 17966
1796.000 15712
1797.000 15897
1798.000 18276
1799.000 15158
1800.000 15444
1801.000 14812
1802.000 17184
1803.000 14590
1804.000 14164
1805.000 16454
1806.000 18722
1807.000 17746
1808.000 18854
1809.000 19470
1810.000 18164
1811.000 22090
1812.000 20058
1813.000 17782
1814.000 19782
1815.000 15076
1816.000 17230
1817.000 13874
1818.000 15530
1819.000 17066
1820.000 17266
1821.000 17238
1822.000 17124
1823.000 15224
1824.000 20370
1825.000 20340
1826.000 23868
1827.000 14586
1828.000 18156
1829.000 18856
1830.000 19328
1831.000 19048
1832.000 17336
1833.000 18830
1834.000 16298
1835.000 16396
1836.000 17560
1837.000 14634
1838.000 16310
1839.000 16634
1840.000 15642
1841.000 18046
1842.000 15338
1843.000 14556
1844.000 18848
1845.000 19800
1846.000 21306
1847.000 17298
1848.000 19292
1849.000 19846
1850.000 19318
1851.000 16776
1852.000 16724
1853.000 14854
1854.000 17556
1855.000 18094
1856.000 20926
1857.000 18064
1858.000 18404
1859.000 17506
1860.000 19026
1861.000 30298
1862.000 21720
1863.000 20324
1864.000 18200
1865.000 18240
1866.000 19510
1867.000 21352
1868.000 19716
1869.000 21276
1870.000 21348
1871.000 21452
1872.000 17024
1873.000 15616
1874.000 14166
1875.000 18216
1876.000 16820
1877.000 16340
1878.000 18074
1879.000 18748
1880.000 29218
1881.000 18480
1882.000 21444
1883.000 18658
1884.000 21096
1885.000 21938
1886.000 24286
1887.000 38154
1888.000 17962
1889.000 18232
1890.000 19588
1891.000 20848
1892.000 28300
1893.000 19312
1894.000 15270
1895.000 16138
1896.000 16044
1897.000 19802
1898.000 19882
1899.000 20186
1900.000 18496
1901.000 19770
1902.000 19956
1903.000 21468
1904.000 18096
1905.000 18186
1906.000 14792
1907.000 15722
1908.000 37118
1909.000 21066
1910.000 26628
1911.000 17316
1912.000 25248
1913.000 16766
1914.000 18638
1915.000 19608
1916.000 22080
1917.000 16200
1918.000 19908
1919.000 16612
1920.000 16486
1921.000 14528
1922.000 18920
1923.000 17974
1924.000 31426
1925.000 19304
1926.000 16884
1927.000 20154
1928.000 19244
1929.000 18704
1930.000 22078
1931.000 20266
1932.000 22200
1933.000 18052
1934.000 19796
1935.000 17942
1936.000 13978
1937.000 16602
1938.000 15010
1939.000 15024
1940.000 16680
1941.000 18350
1942.000 17582
1943.000 16796
1944.000 13944
1945.000 15506
1946.000 14562
1947.000 17030
1948.000 14286
1949.000 15020
1950.000 14070
1951.000 17806
1952.000 17110
1953.000 14360
1954.000 14700
1955.000 16728
1956.000 20118
1957.000 16478
1958.000 16880
1959.000 18440
1960.000 15342
1961.000 19080
1962.000 21166
1963.000 19664
1964.000 19182
1965.000 18018
1966.000 21164
1967.000 17216
1968.000 15800
1969.000 20224
1970.000 21240
1971.000 17732
1972.000 20954
1973.000 18868
1974.000 18282
1975.000 19394
1976.000 18342
1977.000 16306
1978.000 14726
1979.000 17606
1980.000 19516
1981.000 18922
1982.000 19572
1983.000 21566
1984.000 19528
1985.000 21372
1986.000 20914
1987.000 16063
1988.000 18044
1989.000 18646
1990.000 20640
1991.000 20004
1992.000 18972
1993.000 18142
1994.000 17644
1995.000 20858
1996.000 18806
1997.000 18374
1998.000 18826
1999.000 18236
2000.000 18394
2001.000 19732
2002.000 19382
2003.000 19842
2004.000 20842
2005.000 20136
2006.000 20772
2007.000 18824
2008.000 19686
2009.000 18290
2010.000 19216
2011.000 18620
2012.000 20922
2013.000 19170
2014.000 20018
2015.000 20606
2016.000 20558
2017.000 22102
2018.000 21098
2019.000 19508
2020.000 23508
2021.000 21188
2022.000 18090
2023.000 19592
2024.000 19756
2025.000 20392
2026.000 21770
2027.000 17908
2028.000 13018
2029.000 14330
2030.000 14552
2031.000 18838
2032.000 17538
2033.000 19560
2034.000 18888
2035.000 19068
2036.000 20582
2037.000 22434
2038.000 21276
2039.000 17226
2040.000 19170
2041.000 16102
2042.000 17264
2043.000 17206
2044.000 16091
2045.000 14176
2046.000 15368
2047.000 14738
2048.000 15066
2049.000 16718
2050.000 15288
2051.000 14094
2052.000 15440
2053.000 14256
2054.000 15576
2055.000 14792
2056.000 14642
2057.000 14852
2058.000 17284
2059.000 15418
2060.000 19306
2061.000 19064
2062.000 21466
2063.000 21050
2064.000 22192
2065.000 20962
2066.000 17516
2067.000 17236
2068.000 19482
2069.000 22356
2070.000 21288
2071.000 20782
2072.000 19860
2073.000 19884
2074.000 21626
2075.000 19936
2076.000 18300
2077.000 18930
2078.000 16362
2079.000 20554
2080.000 28254
2081.000 30792
2082.000 18886
2083.000 30006
2084.000 28500
2085.000 21718
2086.000 18308
2087.000 18244
2088.000 15618
2089.000 18094
2090.000 16334
2091.000 17164
2092.000 20246
2093.000 30898
2094.000 20060
2095.000 20202
2096.000 32874
2097.000 19824
2098.000 20920
2099.000 21548
2100.000 21428
2101.000 19996
2102.000 21176
2103.000 19238
2104.000 27870
2105.000 20178
2106.000 21068
2107.000 28284
2108.000 20406
2109.000 18150
2110.000 16716
2111.000 18676
2112.000 17146
2113.000 16698
2114.000 15012
2115.000 16004
2116.000 20198
2117.000 24392
2118.000 29994
2119.000 22158
2120.000 18912
2121.000 20120
2122.000 18296
2123.000 19558
2124.000 15732
2125.000 15010
2126.000 15028
2127.000 16884
2128.000 17162
2129.000 17504
2130.000 15564
2131.000 14252
2132.000 18946
2133.000 20860
2134.000 19306
2135.000 14994
2136.000 15234
2137.000 19862
2138.000 18746
2139.000 21598
2140.000 18958
2141.000 14846
2142.000 18470
2143.000 20262
2144.000 19102
2145.000 21328
2146.000 21268
2147.000 17390
2148.000 15246
2149.000 20030
2150.000 18422
2151.000 20408
2152.000 19474
2153.000 18988
2154.000 19392
2155.000 24924
2156.000 18530
2157.000 19116
2158.000 20114
2159.000 16024
2160.000 18456
2161.000 32036
2162.000 19820
2163.000 19734
2164.000 20240
2165.000 18140
2166.000 17708
2167.000 18398
2168.000 20794
2169.000 19298
2170.000 19886
2171.000 19764
2172.000 15968
2173.000 22240
2174.000 15850
2175.000 17016
2176.000 21506
2177.000 20334
2178.000 16658
2179.000 17868
2180.000 15572
2181.000 18406
2182.000 16490
2183.000 17738
2184.000 18152
2185.000 22218
2186.000 19032
2187.000 16072
2188.000 18490
2189.000 16218
2190.000 18168
2191.000 18546
2192.000 21502
2193.000 18790
2194.000 19214
2195.000 18260
2196.000 18032
2197.000 19048
2198.000 18694
2199.000 22452
2200.000 18044
2201.000 21456
2202.000 18948
2203.000 20252
2204.000 17764
2205.000 20582
2206.000 20818
2207.000 16566
2208.000 14010
2209.000 22048
2210.000 19786
2211.000 17296
2212.000 18000
2213.000 18956
2214.000 17434
2215.000 21086
2216.000 20194
2217.000 17382
2218.000 20186
2219.000 19296
2220.000 18666
2221.000 17346
2222.000 19238
2223.000 18408
2224.000 20338
2225.000 19602
2226.000 20482
2227.000 19504
2228.000 23196
2229.000 18532
2230.000 20178
2231.000 19752
2232.000 20264
2233.000 16138
2234.000 14820
2235.000 15206
2236.000 14778
2237.000 14842
2238.000 19930
2239.000 21692
2240.000 21626
2241.000 17914
2242.000 18368
2243.000 15324
2244.000 14732
2245.000 13876
2246.000 20398
2247.000 18726
2248.000 22014
2249.000 17318
2250.000 17904
2251.000 25026
2252.000 18650
2253.000 20706
2254.000 20316
2255.000 23728
2256.000 17018
2257.000 16684
2258.000 21602
2259.000 18750
2260.000 16014
2261.000 15883
2262.000 17798
2263.000 20504
2264.000 18930
2265.000 19198
2266.000 17728
2267.000 17888
2268.000 17020
2269.000 17840
2270.000 18854
2271.000 21154
2272.000 18542
2273.000 21868
2274.000 19542
2275.000 20178
2276.000 15642
2277.000 14498
2278.000 18600
2279.000 21322
2280.000 19346
2281.000 18736
2282.000 16001
2283.000 17202
2284.000 16832
2285.000 21284
2286.000 22520
2287.000 20192
2288.000 20610
2289.000 18408
2290.000 18138
2291.000 18058
2292.000 33504
2293.000 22050
2294.000 19892
2295.000 19016
2296.000 19990
2297.000 18252
2298.000 13788
2299.000 14886
2300.000 14786
2301.000 15050
2302.000 31738
2303.000 19500
2304.000 16148
2305.000 15530
2306.000 26394
2307.000 19644
2308.000 17342
2309.000 17926
2310.000 14602
2311.000 14724
2312.000 18286
2313.000 23426
2314.000 15896
2315.000 14770
2316.000 20312
2317.000 23176
2318.000 25626
2319.000 19756
2320.000 16776
2321.000 20408
2322.000 18622
2323.000 19298
2324.000 20914
2325.000 17874
2326.000 17134
2327.000 19006
2328.000 18220
2329.000 17396
2330.000 19670
2331.000 22428
2332.000 20564
2333.000 17006
2334.000 17090
2335.000 17190
2336.000 15748
2337.000 15342
2338.000 18180
2339.000 25632
2340.000 19032
2341.000 21258
2342.000 18938
2343.000 17540
2344.000 15520
2345.000 23778
2346.000 19506
2347.000 15674
2348.000 13354
2349.000 14448
2350.000 15068
2351.000 14804
2352.000 16228
2353.000 13772
2354.000 18084
2355.000 20870
2356.000 19980
2357.000 20146
2358.000 18392
2359.000 17664
2360.000 17716
2361.000 18522
2362.000 15992
2363.000 18478
2364.000 15512
2365.000 18100
2366.000 22792
2367.000 20030
2368.000 20150
2369.000 16958
2370.000 16502
2371.000 21340
2372.000 19294
2373.000 18320
2374.000 17122
2375.000 18912
2376.000 18480
2377.000 19138
2378.000 19686
2379.000 16848
2380.000 18148
2381.000 18148
2382.000 18230
2383.000 16058
2384.000 16506
2385.000 18278
2386.000 17574
2387.000 16542
2388.000 13872
2389.000 13890
2390.000 19260
2391.000 21062
2392.000 18054
2393.000 19784
2394.000 17168
2395.000 19128
2396.000 21014
2397.000 18578
2398.000 20778
2399.000 16664
2400.000 18000
2401.000 21570
2402.000 19730
2403.000 17986
2404.000 18600
2405.000 21292
2406.000 15972
2407.000 16688
2408.000 13258
2409.000 19828
2410.000 20514
2411.000 23302
2412.000 17234
2413.000 19418
2414.000 22192
2415.000 16716
2416.000 17552
2417.000 21962
2418.000 21792
2419.000 21810
2420.000 17216
2421.000 16474
2422.000 17732
2423.000 20640
2424.000 20356
2425.000 18862
2426.000 18786
2427.000 19260
2428.000 14954
2429.000 19586
2430.000 18036
2431.000 19730
2432.000 19448
2433.000 17072
2434.000 14062
2435.000 15518
2436.000 17034
2437.000 13308
2438.000 18958
2439.000 23198
2440.000 13826
2441.000 23510
2442.000 25234
2443.000 18190
2444.000 18092
2445.000 19684
2446.000 18950
2447.000 13842
2448.000 20494
2449.000 13204
2450.000 14104
2451.000 31226
2452.000 22834
2453.000 19898
2454.000 15484
2455.000 15362
2456.000 20042
2457.000 13690
2458.000 15000
2459.000 16546
2460.000 17928
2461.000 19670
2462.000 21428
2463.000 22922
2464.000 17452
2465.000 17966
2466.000 21524
2467.000 21500
2468.000 18266
2469.000 16486
2470.000 13944
2471.000 19314
2472.000 21024
2473.000 13284
2474.000 17436
2475.000 21406
2476.000 19288
2477.000 16289
2478.000 19482
2479.000 18266
2480.000 18720
2481.000 13300
2482.000 19000
2483.000 21916
2484.000 19460
2485.000 18326
2486.000 25278
2487.000 22302
2488.000 21466
2489.000 17892
2490.000 22584
2491.000 25976
2492.000 22780
2493.000 22454
2494.000 21834
2495.000 19854
2496.000 19222
2497.000 17714
2498.000 15888
2499.000 15178
2500.000 14298
2501.000 14934
2502.000 15534
2503.000 15474
2504.000 15358
2505.000 18406
2506.000 19964
2507.000 16600
2508.000 16598
2509.000 17150
2510.000 31323
2511.000 16796
2512.000 23202
2513.000 14946
2514.000 15418
2515.000 15688
2516.000 18570
2517.000 17942
2518.000 15074
2519.000 16354
2520.000 24814
2521.000 18694
2522.000 22796
2523.000 24382
2524.000 16722
2525.000 21388
2526.000 17160
2527.000 25952
2528.000 16204
2529.000 24640
2530.000 17464
2531.000 17664
2532.000 19572
2533.000 16534
2534.000 16346
2535.000 15550
2536.000 20582
2537.000 19108
2538.000 20248
2539.000 17726
2540.000 18844
2541.000 22206
2542.000 17672
2543.000 17378
2544.000 18574
2545.000 17988
2546.000 19558
2547.000 16184
2548.000 16100
2549.000 18938
2550.000 16756
2551.000 19188
2552.000 18556
2553.000 19412
2554.000 16764
2555.000 18458
2556.000 17082
2557.000 19270
2558.000 18844
2559.000 18056
2560.000 19068
2561.000 19124
2562.000 24428
2563.000 18400
2564.000 18476
2565.000 19734
2566.000 19504
2567.000 17768
2568.000 19832
2569.000 18278
2570.000 19750
2571.000 19526
2572.000 19318
2573.000 18254
2574.000 28474
2575.000 19924
2576.000 22216
2577.000 16606
2578.000 22396
2579.000 19888
2580.000 20122
2581.000 19532
2582.000 22342
2583.000 26452
2584.000 27224
2585.000 27250
2586.000 21920
2587.000 20414
2588.000 29058
2589.000 27366
2590.000 17074
2591.000 18232
2592.000 19496
2593.000 15336
2594.000 19326
2595.000 17104
2596.000 18926
2597.000 17548
2598.000 18024
2599.000 18910
2600.000 19038
2601.000 18152
2602.000 19580
2603.000 20954
2604.000 20142
2605.000 17458
2606.000 17336
2607.000 18890
2608.000 19898
2609.000 20108
2610.000 16596
2611.000 14402
2612.000 15674
2613.000 14540
2614.000 19654
2615.000 21320
2616.000 30178
2617.000 19558
2618.000 21288
2619.000 25604
2620.000 15212
2621.000 19798
2622.000 19166
2623.000 16988
2624.000 26026
2625.000 16270
2626.000 15508
2627.000 18926
2628.000 23130
2629.000 18892
2630.000 20670
2631.000 19010
2632.000 21150
2633.000 21450
2634.000 18504
2635.000 15186
2636.000 19442
2637.000 17426
2638.000 18618
2639.000 18686
2640.000 13498
2641.000 14534
2642.000 14924
2643.000 15350
2644.000 15098
2645.000 17884
2646.000 17250
2647.000 15464
2648.000 14422
2649.000 17304
2650.000 24210
2651.000 15734
2652.000 18008
2653.000 20068
2654.000 16924
2655.000 17746
2656.000 17350
2657.000 14932
2658.000 14566
2659.000 16104
2660.000 22254
2661.000 20498
2662.000 17488
2663.000 19494
2664.000 21510
2665.000 19374
2666.000 17634
2667.000 15282
2668.000 16778
2669.000 15354
2670.000 15722
2671.000 15078
2672.000 14764
2673.000 18590
2674.000 19728
2675.000 18796
2676.000 17340
2677.000 18400
2678.000 21926
2679.000 16028
2680.000 14466
2681.000 15921
2682.000 15446
2683.000 14918
2684.000 16166
2685.000 16666
2686.000 16020
2687.000 16081
2688.000 17736
2689.000 16954
2690.000 17098
2691.000 16760
2692.000 19296
2693.000 19696
2694.000 18140
2695.000 16560
2696.000 19464
2697.000 16716
2698.000 18760
2699.000 18002
2700.000 15448
2701.000 16618
2702.000 14710
2703.000 14622
2704.000 14464
2705.000 18742
2706.000 15114
2707.000 13388
2708.000 24566
2709.000 15070
2710.000 20088
2711.000 22428
2712.000 25032
2713.000 13874
2714.000 15240
2715.000 14732
2716.000 13994
2717.000 13928
2718.000 14718
2719.000 13738
2720.000 13828
2721.000 14732
2722.000 14010
2723.000 13204
2724.000 14010
2725.000 13874
2726.000 15276
2727.000 13270
2728.000 14802
2729.000 15646
2730.000 14598
2731.000 14010
2732.000 15236
2733.000 16218
2734.000 13152
2735.000 14652
2736.000 13874
2737.000 13892
2738.000 13694
2739.000 14518
2740.000 20470
2741.000 13222
2742.000 13992
2743.000 14212
2744.000 14922
2745.000 13740
2746.000 13302
2747.000 13810
2748.000 14214
2749.000 15202
2750.000 13930
2751.000 13284
2752.000 14718
2753.000 13826
2754.000 14026
2755.000 14716
2756.000 13238
2757.000 13740
2758.000 14096
2759.000 14516
2760.000 13302
2761.000 13858
2762.000 14102
2763.000 14774
2764.000 13892
2765.000 14684
2766.000 14510
2767.000 16836
2768.000 17674
2769.000 20276
2770.000 17920
2771.000 21116
2772.000 18962
2773.000 16812
2774.000 17024
2775.000 18628
2776.000 15966
2777.000 13962
2778.000 13236
2779.000 14090
2780.000 17088
2781.000 17206
2782.000 16724
2783.000 16185
2784.000 18748
2785.000 18328
2786.000 17844
2787.000 17276
2788.000 16848
2789.000 18534
2790.000 19026
2791.000 19328
2792.000 18188
2793.000 15478
2794.000 15632
2795.000 15342
2796.000 16610
2797.000 18826
2798.000 17030
2799.000 17030
2800.000 20792
2801.000 18162
2802.000 18714
2803.000 14540
2804.000 13874
2805.000 13944
2806.000 17632
2807.000 16122
2808.000 18004
2809.000 14906
2810.000 20242
2811.000 17976
2812.000 17442
2813.000 23248
2814.000 23160
2815.000 15664
2816.000 21360
2817.000 17118
2818.000 20618
2819.000 19614
2820.000 16378
2821.000 18550
2822.000 19246
2823.000 15702
2824.000 16384
2825.000 14070
2826.000 19948
2827.000 16222
2828.000 13978
2829.000 14802
2830.000 14716
2831.000 13606
2832.000 14198
2833.000 13756
2834.000 13876
2835.000 14062
2836.000 13034
2837.000 14462
2838.000 14166
2839.000 13992
2840.000 12996
2841.000 14840
2842.000 13994
2843.000 14172
2844.000 13490
2845.000 13994
2846.000 13874
2847.000 13692
2848.000 14364
2849.000 13860
2850.000 13960
2851.000 13892
2852.000 14516
2853.000 13222
2854.000 20358
2855.000 14008
2856.000 14486
2857.000 13388
2858.000 13960
2859.000 13962
2860.000 14598
2861.000 15188
2862.000 14080
2863.000 14734
2864.000 14464
2865.000 14756
2866.000 13150
2867.000 13892
2868.000 15022
2869.000 15190
2870.000 13150
2871.000 14080
2872.000 13994
2873.000 13874
2874.000 16014
2875.000 14582
2876.000 14734
2877.000 13102
2878.000 14214
2879.000 13622
2880.000 14080
2881.000 14462
2882.000 13426
2883.000 13982
2884.000 20404
2885.000 13858
2886.000 13890
2887.000 13892
2888.000 13982
2889.000 14062
2890.000 14026
2891.000 14128
2892.000 15258
2893.000 14010
2894.000 12898
2895.000 14702
2896.000 16146
2897.000 14836
2898.000 13172
2899.000 15592
2900.000 14362
2901.000 14080
2902.000 13876
2903.000 13874
2904.000 13654
2905.000 14128
2906.000 13992
2907.000 13152
2908.000 14048
2909.000 16030
2910.000 13874
2911.000 13944
2912.000 15775
2913.000 18940
2914.000 13828
2915.000 13874
2916.000 14986
2917.000 13944
2918.000 14820
2919.000 13270
2920.000 14684
2921.000 21372
2922.000 13874
2923.000 15510
2924.000 14346
2925.000 14010
2926.000 14802
2927.000 14010
2928.000 13944
2929.000 14096
2930.000 13270
2931.000 13740
2932.000 13960
2933.000 15642
2934.000 14598
2935.000 14804
2936.000 14128
2937.000 19514
2938.000 14618
2939.000 13286
2940.000 14734
2941.000 14416
2942.000 14032
2943.000 14148
2944.000 13104
2945.000 14598
2946.000 13922
2947.000 14516
2948.000 13254
2949.000 13858
2950.000 15660
2951.000 13152
2952.000 14950
2953.000 13810
2954.000 16046
2955.000 13992
2956.000 13844
2957.000 13152
2958.000 14078
2959.000 13810
2960.000 14144
2961.000 13740
2962.000 15378
2963.000 14128
2964.000 13778
2965.000 14686
2966.000 14580
2967.000 14010
2968.000 13896
2969.000 14010
2970.000 13740
2971.000 14096
2972.000 14716
2973.000 13152
2974.000 14534
2975.000 14128
2976.000 14210
2977.000 13340
2978.000 14096
2979.000 13756
2980.000 14668
2981.000 14010
2982.000 13016
2983.000 14922
2984.000 13756
2985.000 15306
2986.000 13200
2987.000 14598
2988.000 13826
2989.000 14118
2990.000 13954
2991.000 13168
2992.000 13810
2993.000 14482
2994.000 13992
2995.000 14062
2996.000 14600
2997.000 14496
2998.000 14874
2999.000 13756
3000.000 13892
3001.000 14802
3002.000 14070
3003.000 14634
3004.000 14182
3005.000 15306
3006.000 14072
3007.000 14786
3008.000 13238
3009.000 13740
3010.000 14668
3011.000 13858
3012.000 14600
3013.000 17142
3014.000 21294
3015.000 19880
3016.000 20448
3017.000 20140
3018.000 20380
3019.000 16430
3020.000 20182
3021.000 20122
3022.000 18398
3023.000 18460
3024.000 17010
3025.000 16864
3026.000 16606
3027.000 19976
3028.000 18156
3029.000 19190
3030.000 16170
3031.000 15134
3032.000 20692
3033.000 18048
3034.000 18240
3035.000 17702
3036.000 17266
3037.000 16890
3038.000 16884
3039.000 14842
3040.000 20522
3041.000 16870
3042.000 14100
3043.000 15450
3044.000 19652
3045.000 16313
3046.000 16560
3047.000 15512
3048.000 20788
3049.000 17652
3050.000 21362
3051.000 17580
3052.000 19918
3053.000 18730
3054.000 19766
3055.000 20084
3056.000 20570
3057.000 16302
3058.000 18628
3059.000 15826
3060.000 16918
3061.000 18796
3062.000 15018
3063.000 17482
3064.000 17750
3065.000 29416
3066.000 14508
3067.000 14510
3068.000 14048
3069.000 13016
3070.000 14128
3071.000 13810
3072.000 14010
3073.000 13284
3074.000 14568
3075.000 13992
3076.000 13404
3077.000 13844
3078.000 14550
3079.000 14718
3080.000 13354
3081.000 14600
3082.000 14834
3083.000 14670
3084.000 13286
3085.000 13874
3086.000 14938
3087.000 12898
3088.000 14096
3089.000 13692
3090.000 15456
3091.000 20652
3092.000 14786
3093.000 14464
3094.000 15458
3095.000 14400
3096.000 14598
3097.000 14734
3098.000 14030
3099.000 13286
3100.000 15456
3101.000 13946
3102.000 15322
3103.000 13876
3104.000 13220
3105.000 14010
3106.000 14614
3107.000 14670
3108.000 13102
3109.000 13892
3110.000 14668
3111.000 14128
3112.000 13758
3113.000 13982
3114.000 14090
3115.000 14462
3116.000 13222
3117.000 14934
3118.000 17108
3119.000 14770
3120.000 13912
3121.000 14480
3122.000 14220
3123.000 14618
3124.000 13286
3125.000 14706
3126.000 13876
3127.000 14510
3128.000 13912
3129.000 14850
3130.000 14734
3131.000 13944
3132.000 14010
3133.000 13994
3134.000 14666
3135.000 14346
3136.000 14008
3137.000 14080
3138.000 13842
3139.000 14128
3140.000 13810
3141.000 14210
3142.000 13994
3143.000 14532
3144.000 13168
3145.000 13740
3146.000 14788
3147.000 13892
3148.000 13826
3149.000 13944
3150.000 15454
3151.000 13858
3152.000 13222
3153.000 14750
3154.000 13992
3155.000 13692
3156.000 13758
3157.000 14262
3158.000 13896
3159.000 14480
3160.000 13990
3161.000 13946
3162.000 14516
3163.000 14734
3164.000 13928
3165.000 14010
3166.000 14868
3167.000 13808
3168.000 14096
3169.000 14464
3170.000 14080
3171.000 13032
3172.000 14934
3173.000 15346
3174.000 13622
3175.000 13994
3176.000 15406
3177.000 13774
3178.000 14212
3179.000 15376
3180.000 14128
3181.000 14926
3182.000 16998
3183.000 13896
3184.000 14868
3185.000 13826
3186.000 19548
3187.000 13920
3188.000 17358
3189.000 22174
3190.000 22966
3191.000 21104
3192.000 19332
3193.000 21124
3194.000 21008
3195.000 18280
3196.000 18064
3197.000 17830
3198.000 20654
3199.000 20228
3200.000 15976
3201.000 16351
3202.000 19856
3203.000 18462
3204.000 17864
3205.000 18912
3206.000 21754
3207.000 17578
3208.000 19308
3209.000 15916
3210.000 19312
3211.000 18088
3212.000 18086
3213.000 18150
3214.000 16039
3215.000 15036
3216.000 15774
3217.000 16950
3218.000 18328
3219.000 15564
3220.000 13468
3221.000 14678
3222.000 18634
3223.000 14946
3224.000 13892
3225.000 16578
3226.000 16516
3227.000 16039
3228.000 19378
3229.000 15310
3230.000 16112
3231.000 14082
3232.000 17306
3233.000 15944
3234.000 15246
3235.000 15526
3236.000 13376
3237.000 14668
3238.000 14180
3239.000 19878
3240.000 18758
3241.000 16796
3242.000 17362
3243.000 18460
3244.000 17714
3245.000 17750
3246.000 15400
3247.000 20440
3248.000 20754
3249.000 19918
3250.000 20700
3251.000 19148
3252.000 19138
3253.000 20748
3254.000 24090
3255.000 22302
3256.000 20696
3257.000 20154
3258.000 18626
3259.000 19358
3260.000 20268
3261.000 19600
3262.000 19170
3263.000 17888
3264.000 19494
3265.000 18280
3266.000 18306
3267.000 16518
3268.000 17660
3269.000 17314
3270.000 23080
3271.000 17690
3272.000 19908
3273.000 25032
3274.000 19792
3275.000 26604
3276.000 22362
3277.000 19918
3278.000 20272
3279.000 20966
3280.000 20004
3281.000 18986
3282.000 20600
3283.000 19144
3284.000 16294
3285.000 19660
3286.000 20104
3287.000 19282
3288.000 22162
3289.000 17354
3290.000 20464
3291.000 19234
3292.000 20214
3293.000 18002
3294.000 17470
3295.000 15940
3296.000 15418
3297.000 15234
3298.000 17180
3299.000 19878
3300.000 22350
3301.000 30740
3302.000 14272
3303.000 16540
3304.000 14992
3305.000 18062
3306.000 16974
3307.000 18466
3308.000 17558
3309.000 20432
3310.000 19550
3311.000 17766
3312.000 18824
3313.000 17018
3314.000 15830
3315.000 18538
3316.000 15534
3317.000 15004
3318.000 14632
3319.000 19532
3320.000 19732
3321.000 18792
3322.000 17830
3323.000 17660
3324.000 15056
3325.000 18182
3326.000 17364
3327.000 18752
3328.000 18672
3329.000 17362
3330.000 17168
3331.000 26964
3332.000 18592
3333.000 15897
3334.000 18832
3335.000 17798
3336.000 15574
3337.000 17406
3338.000 19212
3339.000 19778
3340.000 18726
3341.000 18804
3342.000 16494
3343.000 18140
3344.000 14618
3345.000 17924
3346.000 19416
3347.000 20244
3348.000 15220
3349.000 17694
3350.000 19048
3351.000 18006
3352.000 20156
3353.000 17796
3354.000 19850
3355.000 13928
3356.000 21820
3357.000 19292
3358.000 16854
3359.000 18588
3360.000 21606
3361.000 18934
3362.000 17362
3363.000 20300
3364.000 19760
3365.000 19296
3366.000 17014
3367.000 17668
3368.000 18560
3369.000 16658
3370.000 18774
3371.000 15540
3372.000 19372
3373.000 21940
3374.000 20338
3375.000 15997
3376.000 15454
3377.000 18646
3378.000 18630
3379.000 18854
3380.000 18826
3381.000 15462
3382.000 16394
3383.000 14588
3384.000 16420
3385.000 19306
3386.000 19004
3387.000 15102
3388.000 20036
3389.000 19974
3390.000 18508
3391.000 17852
3392.000 15872
3393.000 16972
3394.000 18804
3395.000 16039
3396.000 19232
3397.000 18730
3398.000 18424
3399.000 17402
3400.000 18306
3401.000 18046
3402.000 20204
3403.000 19964
3404.000 20034
3405.000 15134
3406.000 16768
3407.000 15647
3408.000 25704
3409.000 18906
3410.000 19946
3411.000 21964
3412.000 17540
3413.000 15741
3414.000 20270
3415.000 26564
3416.000 19854
3417.000 17802
3418.000 18276
3419.000 21832
3420.000 18618
3421.000 16972
3422.000 28608
3423.000 17082
3424.000 18850
3425.000 20476
3426.000 22728
3427.000 19876
3428.000 25504
3429.000 18280
3430.000 19228
3431.000 20846
3432.000 19892
3433.000 21972
3434.000 21722
3435.000 19956
3436.000 16832
3437.000 17126
3438.000 18312
3439.000 17522
3440.000 18618
3441.000 20976
3442.000 15810
3443.000 18668
3444.000 16458
3445.000 13874
3446.000 13418
3447.000 20544
3448.000 18276
3449.000 19878
3450.000 18038
3451.000 20490
3452.000 18412
3453.000 25006
3454.000 21672
3455.000 20028
3456.000 17386
3457.000 23216
3458.000 21566
3459.000 18476
3460.000 20884
3461.000 20998
3462.000 21344
3463.000 19350
3464.000 19710
3465.000 20416
3466.000 18564
3467.000 13514
3468.000 14032
3469.000 15350
3470.000 17178
3471.000 15970
3472.000 22290
3473.000 13888
3474.000 18514
3475.000 17976
3476.000 15048
3477.000 27936
3478.000 18828
3479.000 16138
3480.000 14566
3481.000 19748
3482.000 20448
3483.000 22726
3484.000 20104
3485.000 18178
3486.000 14080
3487.000 18794
3488.000 19354
3489.000 17634
3490.000 18082
3491.000 21932
3492.000 19740
3493.000 18436
3494.000 19354
3495.000 19906
3496.000 20528
3497.000 19430
3498.000 19926
3499.000 20000
3500.000 24484
3501.000 19126
3502.000 20646
3503.000 18840
3504.000 28762
3505.000 23822
3506.000 20662
3507.000 31612
3508.000 20748
3509.000 27784
3510.000 16566
3511.000 30692
3512.000 19200
3513.000 15184
3514.000 18480
3515.000 23540
3516.000 18564
3517.000 23930
3518.000 20216
3519.000 19492
3520.000 22570
3521.000 22518
3522.000 22686
3523.000 19594
3524.000 14794
3525.000 24684
3526.000 19822
3527.000 22430
3528.000 18750
3529.000 19514
3530.000 19094
3531.000 19690
3532.000 20492
3533.000 22066
3534.000 21120
3535.000 19382
3536.000 16230
3537.000 17530
3538.000 16372
3539.000 19638
3540.000 20198
3541.000 18330
3542.000 17344
3543.000 27950
3544.000 18974
3545.000 15970
3546.000 17862
3547.000 17310
3548.000 16804
3549.000 17976
3550.000 21036
3551.000 23794
3552.000 22524
3553.000 23798
3554.000 19178
3555.000 26010
3556.000 21304
3557.000 21064
3558.000 18920
3559.000 17690
3560.000 20236
3561.000 17624
3562.000 21206
3563.000 20878
3564.000 17940
3565.000 18624
3566.000 19318
3567.000 19962
3568.000 22734
3569.000 22090
3570.000 24998
3571.000 24254
3572.000 22148
3573.000 16126
3574.000 20414
3575.000 18268
3576.000 18846
3577.000 19160
3578.000 19226
3579.000 20124
3580.000 19424
3581.000 19374
3582.000 18342
3583.000 22448
3584.000 17902
3585.000 20644
3586.000 17336
3587.000 17980
3588.000 17890
3589.000 17424
3590.000 21324
3591.000 20764
3592.000 21608
3593.000 18840
3594.000 19154
3595.000 21440
3596.000 21424
3597.000 19278
3598.000 20712
3599.000 23692
3600.000 20406
3601.000 21606
3602.000 19058
3603.000 6153
