# Slice: eMBB | 112.217.128.202:14894 -> 10.215.173.1:49005 (UDP)
# offset_sec  packet_size_bytes
0.000 108404
1.000 430798
2.000 168600
3.000 168600
4.000 169398
5.000 168600
6.000 168600
7.000 168600
8.000 175203
9.000 174014
10.000 474196
11.000 358418
12.000 183509
13.000 189090
14.000 188561
15.000 180110
16.000 183011
17.000 453564
18.000 303115
19.000 571926
20.000 200192
21.000 168660
22.000 168660
23.000 165849
24.000 168660
25.000 171927
26.000 165849
27.000 171192
28.000 172448
29.000 171009
30.000 324346
31.000 513595
32.000 172386
33.000 175337
34.000 194397
35.000 173533
36.000 168511
37.000 170238
38.000 169267
39.000 168660
40.000 168994
41.000 414260
42.000 178805
43.000 179014
44.000 181933
45.000 179453
46.000 183495
47.000 183572
48.000 178829
49.000 183072
50.000 166083
51.000 177765
52.000 178030
53.000 793265
54.000 1121686
55.000 1612725
56.000 1402055
57.000 1290608
58.000 1709485
59.000 1662294
60.000 1616688
61.000 1507387
62.000 581197
63.000 876028
64.000 1599268
65.000 1316993
66.000 1577543
67.000 1504194
68.000 1435486
69.000 1607146
70.000 1654759
71.000 1530961
72.000 1310351
73.000 1566653
74.000 1623119
75.000 1836755
76.000 1766286
77.000 1411272
78.000 1642024
79.000 1128235
80.000 1834728
81.000 1368086
82.000 1845117
83.000 1885520
84.000 1851323
85.000 1828193
86.000 1349340
87.000 1557663
88.000 1106260
89.000 1799392
90.000 1658143
91.000 1217803
92.000 1807553
93.000 1283297
94.000 1566664
95.000 1608913
96.000 1348868
97.000 1614838
98.000 1596892
99.000 1773002
100.000 1792603
101.000 1779671
102.000 1819832
103.000 1797168
104.000 1839245
105.000 1763801
106.000 1814355
107.000 1771897
108.000 1740260
109.000 1827188
110.000 1776078
111.000 1752268
112.000 1798001
113.000 1763076
114.000 1808072
115.000 1792401
116.000 1793284
117.000 1509888
118.000 1611556
119.000 1257346
120.000 1374548
121.000 1699668
122.000 1454511
123.000 1721261
124.000 1684493
125.000 1593909
126.000 1598023
127.000 1674157
128.000 1487326
129.000 1338625
130.000 1264664
131.000 1483411
132.000 1586624
133.000 1394357
134.000 1374228
135.000 1301686
136.000 1642456
137.000 1451880
138.000 1429248
139.000 1498764
140.000 1368677
141.000 1113607
142.000 1757303
143.000 1456063
144.000 1524528
145.000 1752387
146.000 1222175
147.000 1340819
148.000 1489993
149.000 1459634
150.000 1569340
151.000 1321095
152.000 1643898
153.000 1267351
154.000 1789949
155.000 1172022
156.000 1142872
157.000 1411501
158.000 1606822
159.000 1364327
160.000 1440464
161.000 1294690
162.000 1368513
163.000 1213760
164.000 1287889
165.000 1280024
166.000 1311071
167.000 1207141
168.000 1349149
169.000 1455578
170.000 1384211
171.000 1450890
172.000 1298057
173.000 1589636
174.000 1492587
175.000 1610125
176.000 1250028
177.000 1569966
178.000 1030461
179.000 1805014
180.000 1229767
181.000 1386748
182.000 1202518
183.000 1823575
184.000 1463977
185.000 1490006
186.000 1765953
187.000 1497997
188.000 1412167
189.000 1775337
190.000 1739140
191.000 1771937
192.000 1786219
193.000 1166214
194.000 1786160
195.000 1568863
196.000 1268793
197.000 1303506
198.000 1808036
199.000 1268918
200.000 1227128
201.000 1219318
202.000 1282536
203.000 1309043
204.000 1256295
205.000 1294317
206.000 1257656
207.000 1348681
208.000 1637642
209.000 1523630
210.000 1718734
211.000 1716989
212.000 788057
213.000 1547134
214.000 1310926
215.000 1455148
216.000 1656873
217.000 1155114
218.000 1238464
219.000 1300634
220.000 1478400
221.000 1419158
222.000 1247243
223.000 1500431
224.000 331223
225.000 566223
226.000 1335504
227.000 987540
228.000 1042395
229.000 998904
230.000 1047716
231.000 1031400
232.000 951917
233.000 1358667
234.000 1116127
235.000 1375361
236.000 1131927
237.000 847097
238.000 411665
239.000 262433
240.000 1256666
241.000 1630744
242.000 1018488
243.000 1892448
244.000 1409512
245.000 1093568
246.000 1419142
247.000 1414935
248.000 1438445
249.000 1025439
250.000 1307686
251.000 1442970
252.000 1439510
253.000 1517026
254.000 1763057
255.000 1678360
256.000 1298393
257.000 1513562
258.000 1592479
259.000 1476231
260.000 1840737
261.000 1422063
262.000 1541380
263.000 1705806
264.000 1770495
265.000 1794102
266.000 1795087
267.000 1259868
268.000 1392851
269.000 1528330
270.000 1598896
271.000 1538161
272.000 1464395
273.000 1791349
274.000 1831909
275.000 1793409
276.000 1713135
277.000 1736255
278.000 1461893
279.000 1493974
280.000 1499085
281.000 1424755
282.000 1386757
283.000 1652017
284.000 1657422
285.000 1756797
286.000 1367478
287.000 1441452
288.000 1540508
289.000 1625671
290.000 1592486
291.000 1784760
292.000 1709614
293.000 1807306
294.000 1846428
295.000 1805011
296.000 1287170
297.000 1257345
298.000 1423438
299.000 1751339
300.000 1589184
301.000 1614163
302.000 1742644
303.000 1631574
304.000 1755824
305.000 1839720
306.000 1856325
307.000 1712997
308.000 1725196
309.000 1596458
310.000 1486346
311.000 1604652
312.000 1760176
313.000 1321729
314.000 1614670
315.000 1597833
316.000 1608466
317.000 1668329
318.000 1673987
319.000 1456302
320.000 1670352
321.000 1866405
322.000 1772460
323.000 1890926
324.000 1877335
325.000 1895312
326.000 1863005
327.000 1744256
328.000 1661688
329.000 1858608
330.000 1610700
331.000 1508364
332.000 1574469
333.000 1809096
334.000 1888712
335.000 1676003
336.000 1549700
337.000 1708078
338.000 1639730
339.000 1513693
340.000 1677946
341.000 1142717
342.000 1699564
343.000 1635548
344.000 1599537
345.000 1230991
346.000 883117
347.000 1330825
348.000 1486936
349.000 1680648
350.000 1636433
351.000 1566828
352.000 1448666
353.000 1623280
354.000 1684809
355.000 1755401
356.000 1707203
357.000 1786198
358.000 1575229
359.000 1763253
360.000 1645283
361.000 1705057
362.000 1290976
363.000 1410287
364.000 1123018
365.000 1298135
366.000 1587410
367.000 1684416
368.000 1505152
369.000 1504164
370.000 1831343
371.000 1526128
372.000 1418114
373.000 1425859
374.000 1838329
375.000 1751079
376.000 1654474
377.000 1559631
378.000 1649650
379.000 1575221
380.000 1781866
381.000 1776440
382.000 1866266
383.000 1801827
384.000 1606619
385.000 1398305
386.000 1592692
387.000 1454180
388.000 1453024
389.000 1479298
390.000 1467056
391.000 1608742
392.000 1597923
393.000 1329493
394.000 1467767
395.000 1386675
396.000 1646538
397.000 1218388
398.000 1464310
399.000 1533282
400.000 1477549
401.000 1563344
402.000 1608345
403.000 1192597
404.000 1364049
405.000 1339760
406.000 1353095
407.000 1714159
408.000 1658440
409.000 1730834
410.000 1792095
411.000 1681985
412.000 1813417
413.000 1772298
414.000 1594940
415.000 1632637
416.000 1624304
417.000 1576873
418.000 1515768
419.000 1564054
420.000 1577917
421.000 1658695
422.000 1620548
423.000 1638277
424.000 1298269
425.000 1551470
426.000 1635562
427.000 1362545
428.000 1692665
429.000 1445249
430.000 1556836
431.000 1542859
432.000 1627609
433.000 1398655
434.000 1513816
435.000 1780990
436.000 1833815
437.000 1882923
438.000 1610976
439.000 1720566
440.000 1782461
441.000 1631437
442.000 1647514
443.000 1750011
444.000 1405080
445.000 1648797
446.000 1758198
447.000 1860590
448.000 1653872
449.000 1657643
450.000 1836526
451.000 1809409
452.000 1512710
453.000 1714397
454.000 1675034
455.000 1632144
456.000 1778588
457.000 1765660
458.000 1742808
459.000 1819750
460.000 1807575
461.000 1785642
462.000 1769207
463.000 1472010
464.000 1451849
465.000 1606627
466.000 1306434
467.000 1412873
468.000 1614840
469.000 1826213
470.000 1826340
471.000 1706469
472.000 1697331
473.000 1768695
474.000 1796854
475.000 1841858
476.000 1743325
477.000 1703683
478.000 1745665
479.000 1670208
480.000 1462741
481.000 1605011
482.000 1487193
483.000 1495988
484.000 1664716
485.000 1516491
486.000 1595753
487.000 1624804
488.000 1692121
489.000 1708962
490.000 1800487
491.000 1774068
492.000 1425603
493.000 1429176
494.000 1542544
495.000 1693061
496.000 1687721
497.000 1633398
498.000 1717230
499.000 1727402
500.000 1705577
501.000 1696191
502.000 1623977
503.000 1605879
504.000 1563657
505.000 1433420
506.000 1558578
507.000 1572347
508.000 1869250
509.000 1873937
510.000 1644304
511.000 1581507
512.000 1841090
513.000 1865444
514.000 1837987
515.000 1847979
516.000 1862996
517.000 1874705
518.000 1596355
519.000 1682071
520.000 1496668
521.000 1076773
522.000 1291530
523.000 1571757
524.000 1637007
525.000 1574775
526.000 1735639
527.000 1688122
528.000 1619559
529.000 1615133
530.000 1626642
531.000 1324468
532.000 1475127
533.000 1683564
534.000 1589596
535.000 1473600
536.000 1575556
537.000 1645483
538.000 1679022
539.000 1517233
540.000 1479444
541.000 1689004
542.000 1626940
543.000 1623253
544.000 1439515
545.000 1675308
546.000 1634772
547.000 1634358
548.000 1429689
549.000 1459391
550.000 1443624
551.000 1465797
552.000 1419339
553.000 1563433
554.000 1535968
555.000 1316704
556.000 1527282
557.000 1648008
558.000 1404077
559.000 1906859
560.000 1794184
561.000 1625542
562.000 1627864
563.000 1426582
564.000 1705114
565.000 1657117
566.000 1662514
567.000 1545609
568.000 1519427
569.000 1735954
570.000 1714135
571.000 1524938
572.000 1421805
573.000 1743128
574.000 1641150
575.000 1654038
576.000 1647929
577.000 1550851
578.000 1645640
579.000 1699380
580.000 1617473
581.000 1493637
582.000 1612910
583.000 1535742
584.000 1594034
585.000 1591320
586.000 1599149
587.000 1499534
588.000 1571187
589.000 1663818
590.000 1588957
591.000 1569167
592.000 1523405
593.000 1564191
594.000 1534477
595.000 1793548
596.000 1535171
597.000 1491241
598.000 1531295
599.000 1602745
600.000 1782576
601.000 1683516
602.000 1681809
603.000 1678985
604.000 1450530
605.000 1572389
606.000 1473728
607.000 1837729
608.000 1484974
609.000 1432340
610.000 1566959
611.000 1708876
612.000 1534779
613.000 1428862
614.000 1632412
615.000 1466298
616.000 1579060
617.000 1321084
618.000 1844558
619.000 1865138
620.000 1842300
621.000 1678111
622.000 1079213
623.000 1507736
624.000 1596593
625.000 1433989
626.000 1589483
627.000 1621895
628.000 1501287
629.000 1451484
630.000 1700471
631.000 1721624
632.000 1640786
633.000 1199161
634.000 948699
635.000 1601866
636.000 1633304
637.000 1489908
638.000 1574410
639.000 1580857
640.000 1343723
641.000 1738642
642.000 1740299
643.000 1466398
644.000 1618972
645.000 1498324
646.000 1880911
647.000 1594784
648.000 1581855
649.000 1811558
650.000 1581637
651.000 1252476
652.000 1509455
653.000 1267874
654.000 1862445
655.000 1560874
656.000 1181260
657.000 1514394
658.000 1192158
659.000 1618977
660.000 1509126
661.000 1252554
662.000 1524177
663.000 1504269
664.000 1183444
665.000 1750593
666.000 1307980
667.000 1236571
668.000 1811878
669.000 1287726
670.000 1233376
671.000 1804756
672.000 1196604
673.000 1362955
674.000 1739539
675.000 1220079
676.000 1436736
677.000 1617350
678.000 1205558
679.000 1565696
680.000 1559613
681.000 1213098
682.000 1608347
683.000 1443961
684.000 1180184
685.000 1787616
686.000 1300639
687.000 1225786
688.000 1842050
689.000 1157640
690.000 1382233
691.000 1753424
692.000 1206756
693.000 1409246
694.000 1682195
695.000 1209388
696.000 1494720
697.000 1565217
698.000 1184871
699.000 1641771
700.000 1412123
701.000 1256441
702.000 1710326
703.000 1316812
704.000 1242958
705.000 1827190
706.000 1209137
707.000 1349478
708.000 1755846
709.000 1226478
710.000 1412323
711.000 1667455
712.000 1205974
713.000 1518629
714.000 1576194
715.000 1237707
716.000 1571566
717.000 1502075
718.000 1188821
719.000 1705725
720.000 1368396
721.000 1250458
722.000 1749138
723.000 1304545
724.000 1235055
725.000 1815709
726.000 1212069
727.000 1347483
728.000 1760002
729.000 1221342
730.000 1411024
731.000 1665083
732.000 1205820
733.000 1514354
734.000 1576617
735.000 1238740
736.000 1568930
737.000 1481533
738.000 1208401
739.000 1705894
740.000 1367589
741.000 1238469
742.000 1767557
743.000 1277567
744.000 1277923
745.000 1782026
746.000 1200507
747.000 1389207
748.000 1690128
749.000 1221896
750.000 1470997
751.000 1600599
752.000 1186163
753.000 1602158
754.000 1466445
755.000 1259613
756.000 1648691
757.000 1417675
758.000 1187875
759.000 1807279
760.000 1257797
761.000 1250635
762.000 1836270
763.000 1207189
764.000 1349432
765.000 1709015
766.000 1189176
767.000 1495880
768.000 1588999
769.000 1214050
770.000 1569101
771.000 1498323
772.000 1209431
773.000 1680723
774.000 1405004
775.000 1250350
776.000 1712868
777.000 1360784
778.000 1204042
779.000 1832206
780.000 1238132
781.000 1267903
782.000 1845915
783.000 1193815
784.000 1374538
785.000 1673377
786.000 1201375
787.000 1510954
788.000 1519878
789.000 1213055
790.000 1477791
791.000 1559349
792.000 1207255
793.000 1617894
794.000 1449120
795.000 1252884
796.000 1674211
797.000 1382263
798.000 1195986
799.000 1821103
800.000 1269251
801.000 1223512
802.000 1871740
803.000 1230084
804.000 1297751
805.000 1744865
806.000 1211666
807.000 1437006
808.000 1671668
809.000 1221237
810.000 1486259
811.000 1572742
812.000 1193026
813.000 1626187
814.000 1490057
815.000 1233247
816.000 1649671
817.000 1388890
818.000 1214681
819.000 1794025
820.000 1285538
821.000 1246404
822.000 1835265
823.000 1264362
824.000 1266041
825.000 1778551
826.000 1213584
827.000 1396026
828.000 1679763
829.000 1270478
830.000 1425858
831.000 1609881
832.000 1234993
833.000 1529353
834.000 1557048
835.000 1201079
836.000 1622965
837.000 1481202
838.000 1178081
839.000 1740049
840.000 1342482
841.000 1262962
842.000 1763445
843.000 1277325
844.000 1289992
845.000 1554072
846.000 1201998
847.000 1760970
848.000 1595439
849.000 1865888
850.000 1878674
851.000 1783355
852.000 1520248
853.000 1607115
854.000 1790190
855.000 1674589
856.000 1646594
857.000 1631744
858.000 1701750
859.000 1557522
860.000 1570586
861.000 1492062
862.000 1458213
863.000 1419130
864.000 1350253
865.000 1540125
866.000 1258971
867.000 1607704
868.000 1324878
869.000 1373127
870.000 1157537
871.000 1140730
872.000 1170704
873.000 1120023
874.000 1132598
875.000 252461
876.000 1101124
877.000 1387149
878.000 923848
879.000 1272667
880.000 1196505
881.000 1436765
882.000 1261676
883.000 1198095
884.000 1298396
885.000 1198431
886.000 1257149
887.000 1167531
888.000 1270254
889.000 1180217
890.000 1268874
891.000 1168957
892.000 1280917
893.000 1158211
894.000 1227789
895.000 1178742
896.000 1219448
897.000 1482983
898.000 1744894
899.000 1559638
900.000 1230100
901.000 1405717
902.000 1257174
903.000 1263956
904.000 1349939
905.000 1572237
906.000 1834945
907.000 1861878
908.000 1851371
909.000 1852123
910.000 1865525
911.000 1864721
912.000 1856329
913.000 1858288
914.000 1866925
915.000 986096
916.000 1306328
917.000 1335925
918.000 1611635
919.000 1302222
920.000 1491352
921.000 1020948
922.000 1725565
923.000 1541928
924.000 1629023
925.000 1670616
926.000 1688145
927.000 1607052
928.000 1716888
929.000 1747912
930.000 1718561
931.000 1721858
932.000 1658932
933.000 1511465
934.000 1764065
935.000 1628551
936.000 1712429
937.000 1682140
938.000 1715588
939.000 1628751
940.000 1756673
941.000 1625582
942.000 1604724
943.000 1628490
944.000 1625526
945.000 1812717
946.000 1817752
947.000 1691898
948.000 1658499
949.000 1699458
950.000 1623320
951.000 1652467
952.000 1683930
953.000 1566861
954.000 1747123
955.000 1668316
956.000 1535975
957.000 1716468
958.000 1647068
959.000 1424509
960.000 1729179
961.000 1775209
962.000 1669846
963.000 1744160
964.000 1710131
965.000 1649898
966.000 1706151
967.000 1720473
968.000 1620151
969.000 1737283
970.000 1722183
971.000 1641014
972.000 1626989
973.000 1698959
974.000 1644676
975.000 1737941
976.000 1702023
977.000 1714158
978.000 1703652
979.000 1706806
980.000 1678030
981.000 1642929
982.000 1668283
983.000 1642305
984.000 1669861
985.000 1731606
986.000 1674743
987.000 1706040
988.000 1653368
989.000 1756475
990.000 1628588
991.000 1590604
992.000 1710845
993.000 1689581
994.000 1773791
995.000 1767636
996.000 1549898
997.000 1527237
998.000 1358881
999.000 1794164
1000.000 1180571
1001.000 1190517
1002.000 1554332
1003.000 1233707
1004.000 1801518
1005.000 1806746
1006.000 1714447
1007.000 1471544
1008.000 543560
1009.000 387853
1010.000 375248
1011.000 380245
1012.000 371116
1013.000 391171
1014.000 376975
1015.000 380650
1016.000 368520
1017.000 395124
1018.000 379044
1019.000 370949
1020.000 371069
1021.000 388663
1022.000 386595
1023.000 369338
1024.000 372443
1025.000 384393
1026.000 385265
1027.000 376168
1028.000 371290
1029.000 380866
1030.000 387079
1031.000 373556
1032.000 375260
1033.000 377262
1034.000 388511
1035.000 372967
1036.000 376411
1037.000 374782
1038.000 390178
1039.000 372718
1040.000 384598
1041.000 369457
1042.000 390014
1043.000 372402
1044.000 378659
1045.000 372424
1046.000 389832
1047.000 371828
1048.000 379400
1049.000 370715
1050.000 391923
1051.000 373219
1052.000 380384
1053.000 367907
1054.000 391548
1055.000 379970
1056.000 372681
1057.000 375767
1058.000 383249
1059.000 376993
1060.000 384086
1061.000 370515
1062.000 384695
1063.000 376910
1064.000 383258
1065.000 364672
1066.000 393576
1067.000 374933
1068.000 374181
1069.000 372014
1070.000 384213
1071.000 385165
1072.000 373346
1073.000 373153
1074.000 380444
1075.000 387282
1076.000 373372
1077.000 375234
1078.000 377625
1079.000 387754
1080.000 372974
1081.000 373337
1082.000 376932
1083.000 389691
1084.000 371470
1085.000 378432
1086.000 373197
1087.000 388088
1088.000 375014
1089.000 378653
1090.000 371826
1091.000 391979
1092.000 372360
1093.000 379374
1094.000 371119
1095.000 391355
1096.000 373309
1097.000 378745
1098.000 370660
1099.000 390639
1100.000 375448
1101.000 378299
1102.000 369544
1103.000 388760
1104.000 376937
1105.000 377104
1106.000 370341
1107.000 388650
1108.000 379583
1109.000 374856
1110.000 371742
1111.000 385765
1112.000 383088
1113.000 374267
1114.000 372522
1115.000 384070
1116.000 385688
1117.000 373556
1118.000 373547
1119.000 380092
1120.000 387032
1121.000 373572
1122.000 375924
1123.000 377474
1124.000 389372
1125.000 372163
1126.000 377117
1127.000 374205
1128.000 390170
1129.000 372440
1130.000 384754
1131.000 366212
1132.000 391844
1133.000 370621
1134.000 378923
1135.000 371666
1136.000 391297
1137.000 372283
1138.000 379168
1139.000 370868
1140.000 392389
1141.000 373495
1142.000 378710
1143.000 369555
1144.000 391335
1145.000 376126
1146.000 378192
1147.000 369934
1148.000 785938
1149.000 1801441
1150.000 1767190
1151.000 1232519
1152.000 1666502
1153.000 1393340
1154.000 1379828
1155.000 1289574
1156.000 1805475
1157.000 1563613
1158.000 1176368
1159.000 1389233
1160.000 1637562
1161.000 1370139
1162.000 1542063
1163.000 1343887
1164.000 1193184
1165.000 1362167
1166.000 1378960
1167.000 1815175
1168.000 1810361
1169.000 1715465
1170.000 1174470
1171.000 1275847
1172.000 1730528
1173.000 1152358
1174.000 1613976
1175.000 1448963
1176.000 1428713
1177.000 1289778
1178.000 1597947
1179.000 1247206
1180.000 1051778
1181.000 1800702
1182.000 1485486
1183.000 1239008
1184.000 702088
1185.000 345089
1186.000 413003
1187.000 1792446
1188.000 1205388
1189.000 1697487
1190.000 1455240
1191.000 1379065
1192.000 1034001
1193.000 1380169
1194.000 1665961
1195.000 941032
1196.000 1467884
1197.000 1290082
1198.000 1680860
1199.000 1197002
1200.000 1150537
1201.000 1296119
1202.000 1425485
1203.000 1160628
1204.000 1667380
1205.000 1346747
1206.000 1231761
1207.000 1606605
1208.000 1522112
1209.000 1484190
1210.000 917816
1211.000 1503663
1212.000 1790084
1213.000 1440527
1214.000 1559521
1215.000 1384524
1216.000 943070
1217.000 1325406
1218.000 1252684
1219.000 1636307
1220.000 1694189
1221.000 1037284
1222.000 1311428
1223.000 1737766
1224.000 1562580
1225.000 1670302
1226.000 1694010
1227.000 1609167
1228.000 715570
1229.000 632359
1230.000 870560
1231.000 1770865
1232.000 1731013
1233.000 1382276
1234.000 568189
1235.000 1090031
1236.000 1752261
1237.000 1616659
1238.000 1586541
1239.000 1227221
1240.000 1508695
1241.000 1226732
1242.000 1554714
1243.000 1645084
1244.000 1675119
1245.000 1420391
1246.000 1242327
1247.000 1487357
1248.000 1275338
1249.000 1461742
1250.000 1436048
1251.000 1021428
1252.000 1635600
1253.000 1799748
1254.000 1474684
1255.000 1682220
1256.000 1342794
1257.000 1718157
1258.000 1017404
1259.000 801123
1260.000 859539
1261.000 391873
1262.000 1243426
1263.000 629169
1264.000 1725797
1265.000 1056130
1266.000 1745278
1267.000 1578357
1268.000 586256
1269.000 1056730
1270.000 1620629
1271.000 1732557
1272.000 1738364
1273.000 1734909
1274.000 1394535
1275.000 1013142
1276.000 1255238
1277.000 1499456
1278.000 952387
1279.000 1860024
1280.000 1189963
1281.000 1548491
1282.000 606354
1283.000 464979
1284.000 716663
1285.000 552703
1286.000 533134
1287.000 1802194
1288.000 912483
1289.000 1800025
1290.000 1699366
1291.000 1511836
1292.000 1398047
1293.000 1403956
1294.000 1252449
1295.000 1391346
1296.000 1071128
1297.000 843635
1298.000 1086941
1299.000 1446297
1300.000 1114741
1301.000 418636
1302.000 1236565
1303.000 441989
1304.000 344539
1305.000 345326
1306.000 377410
1307.000 369215
1308.000 364799
1309.000 858104
1310.000 688222
1311.000 1001189
1312.000 610405
1313.000 1409134
1314.000 1223759
1315.000 1009779
1316.000 1410518
1317.000 579795
1318.000 1114851
1319.000 1823263
1320.000 1688895
1321.000 1327785
1322.000 1060867
1323.000 1776632
1324.000 1298821
1325.000 1591775
1326.000 1343342
1327.000 1126703
1328.000 776761
1329.000 1504357
1330.000 1097309
1331.000 1360186
1332.000 1593970
1333.000 806853
1334.000 1870611
1335.000 1329591
1336.000 1578461
1337.000 914927
1338.000 1013129
1339.000 1581501
1340.000 1025069
1341.000 331021
1342.000 649626
1343.000 712592
1344.000 965060
1345.000 1418090
1346.000 1581890
1347.000 1715853
1348.000 1276676
1349.000 1020062
1350.000 570675
1351.000 1249954
1352.000 1707414
1353.000 1162568
1354.000 1060080
1355.000 1731579
1356.000 1284993
1357.000 1220718
1358.000 1751518
1359.000 978412
1360.000 1291940
1361.000 1377766
1362.000 1381717
1363.000 1224174
1364.000 901325
1365.000 1282461
1366.000 1343290
1367.000 421755
1368.000 415603
1369.000 800610
1370.000 1631865
1371.000 1396262
1372.000 1697122
1373.000 1124264
1374.000 1240383
1375.000 666949
1376.000 904774
1377.000 384875
1378.000 1549832
1379.000 1041304
1380.000 1674267
1381.000 1272630
1382.000 1410799
1383.000 1053518
1384.000 1665261
1385.000 1243130
1386.000 1125512
1387.000 947070
1388.000 688049
1389.000 1175864
1390.000 489468
1391.000 383330
1392.000 588130
1393.000 1652263
1394.000 1289321
1395.000 1256024
1396.000 942239
1397.000 1655231
1398.000 923145
1399.000 790265
1400.000 613189
1401.000 1612260
1402.000 1388627
1403.000 1427024
1404.000 1237537
1405.000 1623720
1406.000 1098946
1407.000 856924
1408.000 1691737
1409.000 1256595
1410.000 1137864
1411.000 1051561
1412.000 781492
1413.000 1800316
1414.000 1083017
1415.000 1429429
1416.000 1660988
1417.000 1590344
1418.000 1569964
1419.000 1135095
1420.000 1440732
1421.000 1252012
1422.000 691568
1423.000 358052
1424.000 995606
1425.000 751891
1426.000 1686247
1427.000 1480305
1428.000 1398681
1429.000 1466008
1430.000 702038
1431.000 374061
1432.000 1703473
1433.000 1329939
1434.000 1488976
1435.000 1559236
1436.000 461752
1437.000 385739
1438.000 392171
1439.000 371913
1440.000 377202
1441.000 368682
1442.000 383303
1443.000 376077
1444.000 383983
1445.000 388909
1446.000 400599
1447.000 396909
1448.000 423037
1449.000 424438
1450.000 423206
1451.000 397791
1452.000 405707
1453.000 1436863
1454.000 1708992
1455.000 982182
1456.000 1253144
1457.000 1505424
1458.000 1686350
1459.000 1293174
1460.000 1683814
1461.000 1212007
1462.000 1825873
1463.000 1057893
1464.000 1768719
1465.000 1082910
1466.000 1805718
1467.000 914192
1468.000 660310
1469.000 1795568
1470.000 1311049
1471.000 723785
1472.000 461077
1473.000 441740
1474.000 434668
1475.000 429196
1476.000 421932
1477.000 424303
1478.000 408193
1479.000 420816
1480.000 415915
1481.000 417124
1482.000 427891
1483.000 419266
1484.000 420750
1485.000 426854
1486.000 425212
1487.000 426193
1488.000 423226
1489.000 421117
1490.000 427480
1491.000 436689
1492.000 450666
1493.000 456093
1494.000 453352
1495.000 470628
1496.000 463539
1497.000 463869
1498.000 457086
1499.000 436714
1500.000 444248
1501.000 426955
1502.000 457892
1503.000 438900
1504.000 452460
1505.000 452956
1506.000 464370
1507.000 459554
1508.000 457576
1509.000 462950
1510.000 461113
1511.000 446164
1512.000 432864
1513.000 445743
1514.000 448927
1515.000 428880
1516.000 435697
1517.000 421944
1518.000 435177
1519.000 417356
1520.000 429265
1521.000 414129
1522.000 440025
1523.000 434717
1524.000 443772
1525.000 444894
1526.000 455359
1527.000 448395
1528.000 463822
1529.000 456215
1530.000 461399
1531.000 453794
1532.000 455359
1533.000 450045
1534.000 460073
1535.000 446305
1536.000 428374
1537.000 418603
1538.000 440751
1539.000 430723
1540.000 426752
1541.000 425694
1542.000 432768
1543.000 436414
1544.000 433347
1545.000 446919
1546.000 453122
1547.000 477316
1548.000 492276
1549.000 461869
1550.000 473631
1551.000 456686
1552.000 454473
1553.000 476606
1554.000 478647
1555.000 484722
1556.000 480885
1557.000 479498
1558.000 449908
1559.000 474619
1560.000 466149
1561.000 470057
1562.000 470874
1563.000 491992
1564.000 454118
1565.000 458720
1566.000 425620
1567.000 455522
1568.000 444880
1569.000 443195
1570.000 461640
1571.000 444777
1572.000 430189
1573.000 428790
1574.000 424770
1575.000 433418
1576.000 414508
1577.000 416870
1578.000 406329
1579.000 1628155
1580.000 1599890
1581.000 1101434
1582.000 1298848
1583.000 1449138
1584.000 1372152
1585.000 1219433
1586.000 1674789
1587.000 1763148
1588.000 1611628
1589.000 1137350
1590.000 1550820
1591.000 1730332
1592.000 1356710
1593.000 1225606
1594.000 1391060
1595.000 1699398
1596.000 1543389
1597.000 896644
1598.000 617015
1599.000 904006
1600.000 1620313
1601.000 1203192
1602.000 1564336
1603.000 1374077
1604.000 1521586
1605.000 1361262
1606.000 1784576
1607.000 1632554
1608.000 1639284
1609.000 1328577
1610.000 1399439
1611.000 921247
1612.000 1640693
1613.000 900276
1614.000 1808872
1615.000 1549635
1616.000 1110721
1617.000 1475146
1618.000 1053997
1619.000 1413872
1620.000 1699054
1621.000 1232729
1622.000 1497109
1623.000 1403290
1624.000 699538
1625.000 486841
1626.000 924201
1627.000 1712680
1628.000 661559
1629.000 1215092
1630.000 1637852
1631.000 845025
1632.000 1207569
1633.000 1735925
1634.000 1023881
1635.000 1129567
1636.000 1603248
1637.000 1651951
1638.000 844779
1639.000 1280400
1640.000 1616406
1641.000 1326872
1642.000 1444277
1643.000 811300
1644.000 452102
1645.000 1263896
1646.000 1776136
1647.000 995409
1648.000 951753
1649.000 1564940
1650.000 1034302
1651.000 1266562
1652.000 905363
1653.000 1532084
1654.000 1399280
1655.000 1216654
1656.000 1346901
1657.000 1265908
1658.000 1800971
1659.000 1057271
1660.000 1335252
1661.000 1372900
1662.000 1333620
1663.000 1339568
1664.000 1218979
1665.000 1610123
1666.000 1287985
1667.000 1553917
1668.000 995127
1669.000 1758305
1670.000 1424528
1671.000 1170178
1672.000 1343153
1673.000 1545004
1674.000 1213930
1675.000 1252923
1676.000 1643414
1677.000 1269851
1678.000 1443344
1679.000 1239411
1680.000 1657015
1681.000 1202631
1682.000 1170969
1683.000 1461201
1684.000 639245
1685.000 581183
1686.000 371835
1687.000 363008
1688.000 344474
1689.000 1240458
1690.000 1170894
1691.000 1332641
1692.000 1798281
1693.000 539599
1694.000 1265987
1695.000 1761312
1696.000 1151568
1697.000 1164026
1698.000 1540472
1699.000 1434746
1700.000 1325610
1701.000 1605976
1702.000 1231595
1703.000 1460938
1704.000 1501539
1705.000 1313166
1706.000 1557948
1707.000 1507039
1708.000 1477364
1709.000 1181573
1710.000 1004424
1711.000 1066158
1712.000 1540767
1713.000 1646281
1714.000 1499483
1715.000 1187966
1716.000 629596
1717.000 347751
1718.000 336078
1719.000 330160
1720.000 324117
1721.000 331867
1722.000 334900
1723.000 331448
1724.000 511781
1725.000 1858207
1726.000 1159177
1727.000 1823181
1728.000 551346
1729.000 171471
1730.000 165849
1731.000 567628
1732.000 1699331
1733.000 1285401
1734.000 1683327
1735.000 1061139
1736.000 900895
1737.000 1901341
1738.000 1411255
1739.000 1112471
1740.000 1875445
1741.000 1329408
1742.000 1045344
1743.000 918176
1744.000 1737655
1745.000 1447626
1746.000 1175310
1747.000 812135
1748.000 1792387
1749.000 1448037
1750.000 807699
1751.000 302454
1752.000 223209
1753.000 293506
1754.000 1426564
1755.000 1520417
1756.000 933224
1757.000 1416880
1758.000 1300537
1759.000 1519952
1760.000 1674666
1761.000 1257744
1762.000 1303671
1763.000 960496
1764.000 340643
1765.000 350590
1766.000 770854
1767.000 1840818
1768.000 944789
1769.000 1229300
1770.000 945931
1771.000 1620205
1772.000 1505138
1773.000 1248579
1774.000 1700751
1775.000 1366611
1776.000 1509039
1777.000 1428081
1778.000 1662963
1779.000 424026
1780.000 250701
1781.000 336356
1782.000 1645150
1783.000 1523495
1784.000 1169329
1785.000 873575
1786.000 619801
1787.000 1805041
1788.000 1311167
1789.000 1325083
1790.000 1705364
1791.000 1347330
1792.000 1471470
1793.000 1545689
1794.000 1389104
1795.000 1490376
1796.000 1299563
1797.000 1544463
1798.000 1425650
1799.000 1499699
1800.000 1455128
1801.000 1223657
1802.000 1764594
1803.000 1388550
1804.000 1454763
1805.000 1472673
1806.000 1416794
1807.000 1239434
1808.000 1782611
1809.000 906943
1810.000 1408562
1811.000 1598467
1812.000 1208856
1813.000 978981
1814.000 865987
1815.000 1211215
1816.000 1495231
1817.000 1672769
1818.000 1506301
1819.000 1556153
1820.000 1112842
1821.000 1672291
1822.000 1214326
1823.000 1443625
1824.000 1653874
1825.000 1238741
1826.000 1405315
1827.000 1277949
1828.000 1778226
1829.000 1341299
1830.000 1052212
1831.000 417466
1832.000 398495
1833.000 1439106
1834.000 1539395
1835.000 1478590
1836.000 1583607
1837.000 1272983
1838.000 1648947
1839.000 1633711
1840.000 1430483
1841.000 1747277
1842.000 1189621
1843.000 1491629
1844.000 1503102
1845.000 1466836
1846.000 611680
1847.000 1509659
1848.000 1614301
1849.000 1029581
1850.000 981622
1851.000 1431190
1852.000 1796562
1853.000 1495028
1854.000 1279346
1855.000 1220609
1856.000 728295
1857.000 1115866
1858.000 1769438
1859.000 1523920
1860.000 1318373
1861.000 1272134
1862.000 1234045
1863.000 665127
1864.000 468826
1865.000 503997
1866.000 409608
1867.000 774272
1868.000 1264026
1869.000 1165917
1870.000 1679634
1871.000 1291607
1872.000 1003006
1873.000 1715832
1874.000 1006990
1875.000 830320
1876.000 781241
1877.000 1318629
1878.000 1605412
1879.000 1475826
1880.000 1089362
1881.000 1680886
1882.000 1052586
1883.000 1527490
1884.000 1806024
1885.000 1788473
1886.000 1806548
1887.000 1788542
1888.000 1798248
1889.000 1802417
1890.000 1803375
1891.000 1805511
1892.000 1795565
1893.000 1805337
1894.000 1808252
1895.000 1801532
1896.000 1801659
1897.000 1802757
1898.000 1806752
1899.000 1806198
1900.000 1804801
1901.000 1819445
1902.000 1825732
1903.000 1542918
1904.000 1553054
1905.000 1260393
1906.000 1445099
1907.000 1767553
1908.000 1777172
1909.000 1792968
1910.000 1765323
1911.000 1767497
1912.000 1785898
1913.000 1779253
1914.000 1785866
1915.000 1726168
1916.000 1795635
1917.000 1721102
1918.000 1718312
1919.000 1726851
1920.000 1761113
1921.000 1819373
1922.000 1717720
1923.000 1770715
1924.000 1561200
1925.000 1551082
1926.000 1504160
1927.000 1488664
1928.000 1344221
1929.000 1345780
1930.000 1561257
1931.000 1588468
1932.000 1733309
1933.000 1610183
1934.000 1683009
1935.000 1379783
1936.000 1674402
1937.000 1555333
1938.000 1554368
1939.000 1345242
1940.000 1586100
1941.000 1626308
1942.000 1457408
1943.000 973825
1944.000 1545186
1945.000 1711213
1946.000 1697541
1947.000 1611080
1948.000 1717042
1949.000 1587020
1950.000 1633352
1951.000 1748581
1952.000 1643192
1953.000 1698222
1954.000 1617378
1955.000 1644823
1956.000 1802407
1957.000 1713058
1958.000 1714998
1959.000 1685491
1960.000 1690724
1961.000 1673614
1962.000 1704055
1963.000 1704876
1964.000 1650055
1965.000 1622958
1966.000 1773055
1967.000 1740115
1968.000 1809851
1969.000 1685266
1970.000 1634336
1971.000 1730088
1972.000 1717632
1973.000 1754093
1974.000 1745836
1975.000 1708150
1976.000 1710663
1977.000 1646915
1978.000 1785458
1979.000 1829952
1980.000 1823547
1981.000 1659762
1982.000 1745062
1983.000 1759840
1984.000 1646295
1985.000 1746468
1986.000 1730313
1987.000 1777184
1988.000 1697067
1989.000 1680886
1990.000 1704302
1991.000 1745327
1992.000 1805430
1993.000 1769480
1994.000 1696767
1995.000 1661134
1996.000 1742701
1997.000 1720142
1998.000 1685994
1999.000 1587585
2000.000 1721888
2001.000 1766685
2002.000 1602228
2003.000 1720824
2004.000 1608071
2005.000 1604990
2006.000 1793171
2007.000 1765088
2008.000 1722336
2009.000 1678354
2010.000 1677208
2011.000 1716951
2012.000 1614014
2013.000 1658352
2014.000 1714715
2015.000 1768078
2016.000 1689182
2017.000 1736250
2018.000 1724232
2019.000 1655418
2020.000 1706540
2021.000 1793281
2022.000 1724790
2023.000 1698494
2024.000 1733366
2025.000 1661859
2026.000 1637782
2027.000 1662107
2028.000 1775143
2029.000 1702427
2030.000 1590780
2031.000 1696748
2032.000 1771925
2033.000 1753153
2034.000 1765266
2035.000 1654829
2036.000 1712756
2037.000 1762838
2038.000 1600002
2039.000 1746640
2040.000 1767733
2041.000 1357019
2042.000 1564270
2043.000 1726494
2044.000 1638865
2045.000 1683099
2046.000 1676030
2047.000 1691287
2048.000 1693246
2049.000 1708602
2050.000 1734234
2051.000 1703088
2052.000 1732076
2053.000 1685811
2054.000 1698865
2055.000 1790741
2056.000 1728845
2057.000 1772065
2058.000 1812840
2059.000 1742018
2060.000 1748319
2061.000 1650870
2062.000 1674188
2063.000 1741070
2064.000 1746213
2065.000 1684489
2066.000 1728353
2067.000 1796515
2068.000 1725128
2069.000 1725564
2070.000 1687180
2071.000 1711825
2072.000 1714620
2073.000 1761755
2074.000 1776574
2075.000 1792922
2076.000 1716515
2077.000 1669593
2078.000 1780126
2079.000 1677453
2080.000 1733869
2081.000 1741011
2082.000 1657257
2083.000 1689927
2084.000 1816378
2085.000 1808533
2086.000 1788354
2087.000 1724280
2088.000 1763202
2089.000 1634561
2090.000 1780851
2091.000 1728160
2092.000 1701688
2093.000 1718212
2094.000 1626768
2095.000 1736800
2096.000 1782915
2097.000 1798706
2098.000 1789729
2099.000 1733249
2100.000 1645895
2101.000 1728801
2102.000 1673628
2103.000 1585074
2104.000 1646669
2105.000 1794445
2106.000 1489965
2107.000 1154113
2108.000 1626190
2109.000 1593940
2110.000 1236250
2111.000 1310650
2112.000 1408288
2113.000 1787250
2114.000 1217768
2115.000 1346389
2116.000 1223426
2117.000 1199556
2118.000 1219457
2119.000 1197218
2120.000 1186238
2121.000 1233994
2122.000 1038839
2123.000 1290813
2124.000 1063783
2125.000 1157352
2126.000 1143317
2127.000 1231216
2128.000 1176974
2129.000 1199230
2130.000 1375070
2131.000 1116568
2132.000 1225846
2133.000 1121631
2134.000 1069856
2135.000 1252502
2136.000 1041735
2137.000 1225388
2138.000 1397813
2139.000 1367692
2140.000 1063472
2141.000 1164495
2142.000 1124115
2143.000 1047212
2144.000 1127895
2145.000 1119757
2146.000 1062167
2147.000 1151655
2148.000 1043611
2149.000 1252465
2150.000 1021246
2151.000 1131390
2152.000 1246918
2153.000 1379624
2154.000 972751
2155.000 1035735
2156.000 1032189
2157.000 957730
2158.000 1068834
2159.000 1267246
2160.000 604266
2161.000 826237
2162.000 1727862
2163.000 1222100
2164.000 1297338
2165.000 990312
2166.000 1738896
2167.000 1124555
2168.000 1328880
2169.000 1383982
2170.000 732408
2171.000 1067282
2172.000 1448458
2173.000 1414976
2174.000 1544089
2175.000 1374292
2176.000 1381533
2177.000 1493482
2178.000 1504444
2179.000 1294645
2180.000 1244163
2181.000 1543347
2182.000 1152845
2183.000 1451192
2184.000 1646049
2185.000 1709416
2186.000 1875270
2187.000 1675753
2188.000 1793970
2189.000 1786653
2190.000 1807079
2191.000 1805255
2192.000 1782220
2193.000 1892975
2194.000 1803317
2195.000 1728622
2196.000 1745886
2197.000 1575718
2198.000 1546240
2199.000 1687487
2200.000 1159768
2201.000 1679136
2202.000 1433752
2203.000 1665143
2204.000 1715431
2205.000 1822683
2206.000 1548520
2207.000 1563322
2208.000 1502899
2209.000 1362020
2210.000 1657653
2211.000 1681876
2212.000 1532450
2213.000 1838941
2214.000 1108617
2215.000 1011559
2216.000 1609707
2217.000 1270192
2218.000 1556939
2219.000 1656033
2220.000 1847087
2221.000 1626429
2222.000 1191662
2223.000 1189827
2224.000 1208930
2225.000 1488864
2226.000 1580337
2227.000 1499753
2228.000 1525800
2229.000 1208481
2230.000 1408973
2231.000 1491620
2232.000 1563659
2233.000 1392803
2234.000 1390316
2235.000 1417401
2236.000 1326805
2237.000 1676863
2238.000 1534760
2239.000 1226912
2240.000 1660430
2241.000 1683283
2242.000 1553260
2243.000 1627939
2244.000 1581230
2245.000 1595032
2246.000 1640203
2247.000 1707769
2248.000 1850405
2249.000 1274837
2250.000 1076054
2251.000 1293039
2252.000 1597068
2253.000 1198393
2254.000 1238688
2255.000 1046014
2256.000 1815414
2257.000 990385
2258.000 1665885
2259.000 1865711
2260.000 1712540
2261.000 1485561
2262.000 1160410
2263.000 927598
2264.000 1736842
2265.000 1824429
2266.000 1769223
2267.000 1600662
2268.000 1450292
2269.000 1190498
2270.000 1244016
2271.000 1705733
2272.000 1211466
2273.000 1066987
2274.000 1770897
2275.000 1267420
2276.000 1219510
2277.000 1416204
2278.000 1289943
2279.000 1617293
2280.000 1708351
2281.000 1836632
2282.000 1570612
2283.000 1136687
2284.000 1743285
2285.000 1345961
2286.000 1224446
2287.000 1563118
2288.000 1117021
2289.000 1239471
2290.000 1101336
2291.000 1246376
2292.000 1428492
2293.000 1598802
2294.000 1797678
2295.000 1744728
2296.000 1664475
2297.000 1359383
2298.000 1743439
2299.000 1690401
2300.000 1756961
2301.000 1824227
2302.000 1866721
2303.000 1772937
2304.000 1308903
2305.000 1387146
2306.000 1726706
2307.000 1709239
2308.000 1533721
2309.000 1082925
2310.000 1428615
2311.000 1260667
2312.000 1569209
2313.000 986756
2314.000 1798612
2315.000 1389698
2316.000 990966
2317.000 1747309
2318.000 1320798
2319.000 1454651
2320.000 1862483
2321.000 1549704
2322.000 1762516
2323.000 1859209
2324.000 1349735
2325.000 1403130
2326.000 1769445
2327.000 1740647
2328.000 1625262
2329.000 1561146
2330.000 1816332
2331.000 1373482
2332.000 1586276
2333.000 1766858
2334.000 1570033
2335.000 1394811
2336.000 1714757
2337.000 1236950
2338.000 1318021
2339.000 1683348
2340.000 1598844
2341.000 1745105
2342.000 1809766
2343.000 1351282
2344.000 1406423
2345.000 1243416
2346.000 1216012
2347.000 1390407
2348.000 1456250
2349.000 1301512
2350.000 1344103
2351.000 1572574
2352.000 1324557
2353.000 1695371
2354.000 1585084
2355.000 1731691
2356.000 1690276
2357.000 1640152
2358.000 1543876
2359.000 1549719
2360.000 1435438
2361.000 1649040
2362.000 1334333
2363.000 1123930
2364.000 1739166
2365.000 1555666
2366.000 1545126
2367.000 1096667
2368.000 1617429
2369.000 1840958
2370.000 1525051
2371.000 1654738
2372.000 1684010
2373.000 1839918
2374.000 1463933
2375.000 1514618
2376.000 1183416
2377.000 1301205
2378.000 1468232
2379.000 1397087
2380.000 1827535
2381.000 1783123
2382.000 1383261
2383.000 1516158
2384.000 1659038
2385.000 1852489
2386.000 1660023
2387.000 1591254
2388.000 1786203
2389.000 1064236
2390.000 1497200
2391.000 1494185
2392.000 1571555
2393.000 1484809
2394.000 1534170
2395.000 1680043
2396.000 1642569
2397.000 1428083
2398.000 1306687
2399.000 1690262
2400.000 1776599
2401.000 1652636
2402.000 1401836
2403.000 1806439
2404.000 1854518
2405.000 1769891
2406.000 1730717
2407.000 1151513
2408.000 1594127
2409.000 1048059
2410.000 1412984
2411.000 1488930
2412.000 1681346
2413.000 1226008
2414.000 1058931
2415.000 1334816
2416.000 1627742
2417.000 1877089
2418.000 1690930
2419.000 1587234
2420.000 1446496
2421.000 1539108
2422.000 1831086
2423.000 1327415
2424.000 1245904
2425.000 1619698
2426.000 1352668
2427.000 1312662
2428.000 1245111
2429.000 1660458
2430.000 1427243
2431.000 1587887
2432.000 1818431
2433.000 1725595
2434.000 1815243
2435.000 1794359
2436.000 1620895
2437.000 1448865
2438.000 1233369
2439.000 1142415
2440.000 1789518
2441.000 823403
2442.000 1429381
2443.000 316958
2444.000 377950
2445.000 627499
2446.000 305658
2447.000 345501
2448.000 469285
2449.000 410541
2450.000 633617
2451.000 483515
2452.000 1263481
2453.000 1547166
2454.000 1284855
2455.000 903286
2456.000 1715866
2457.000 988435
2458.000 1530638
2459.000 1036499
2460.000 1147710
2461.000 1605519
2462.000 1397650
2463.000 1436416
2464.000 1162351
2465.000 1218984
2466.000 1139795
2467.000 1214891
2468.000 1227197
2469.000 1144591
2470.000 1249443
2471.000 1182351
2472.000 1179240
2473.000 1228224
2474.000 1160880
2475.000 1195865
2476.000 1183998
2477.000 1168848
2478.000 1211451
2479.000 1151753
2480.000 1215773
2481.000 1209936
2482.000 1187743
2483.000 1236562
2484.000 1212276
2485.000 1226360
2486.000 1185809
2487.000 1217935
2488.000 1209022
2489.000 1194608
2490.000 1216360
2491.000 1178605
2492.000 1221465
2493.000 1226351
2494.000 1161102
2495.000 1227743
2496.000 1153835
2497.000 1213909
2498.000 1205369
2499.000 1187234
2500.000 1237615
2501.000 1168104
2502.000 1256735
2503.000 1186213
2504.000 1247266
2505.000 1173415
2506.000 1242316
2507.000 1179199
2508.000 1213864
2509.000 1190408
2510.000 1193032
2511.000 1228094
2512.000 1157075
2513.000 1255226
2514.000 1164759
2515.000 1248050
2516.000 1205950
2517.000 1202215
2518.000 1205626
2519.000 1197066
2520.000 1215408
2521.000 1202369
2522.000 1235520
2523.000 1185129
2524.000 1244356
2525.000 1165718
2526.000 1243001
2527.000 1144257
2528.000 1228653
2529.000 1181826
2530.000 1245267
2531.000 1197567
2532.000 1227041
2533.000 1168484
2534.000 1270265
2535.000 1189065
2536.000 1199067
2537.000 1220328
2538.000 1172065
2539.000 1231977
2540.000 1182708
2541.000 1198466
2542.000 1212518
2543.000 1266664
2544.000 1151286
2545.000 1238427
2546.000 1197010
2547.000 1203264
2548.000 1207324
2549.000 1219419
2550.000 1208680
2551.000 1182982
2552.000 1229267
2553.000 1185845
2554.000 1259558
2555.000 1344886
2556.000 1607883
2557.000 744452
2558.000 1861016
2559.000 911664
2560.000 1836031
2561.000 1293986
2562.000 1584472
2563.000 1615025
2564.000 1201018
2565.000 1419833
2566.000 1665703
2567.000 985627
2568.000 1217405
2569.000 1446795
2570.000 1036782
2571.000 1175817
2572.000 1260232
2573.000 1154081
2574.000 1079056
2575.000 1139497
2576.000 1149885
2577.000 1027601
2578.000 1144215
2579.000 1080437
2580.000 1063393
2581.000 1154476
2582.000 980985
2583.000 1159989
2584.000 1053815
2585.000 1125199
2586.000 1120326
2587.000 1013752
2588.000 1130987
2589.000 1098446
2590.000 1018771
2591.000 1158741
2592.000 975581
2593.000 1165384
2594.000 1128475
2595.000 1006411
2596.000 1160387
2597.000 1019536
2598.000 1112311
2599.000 1164272
2600.000 977777
2601.000 1149399
2602.000 1128800
2603.000 1101853
2604.000 1708414
2605.000 1075782
2606.000 1017833
2607.000 1099442
2608.000 1002961
2609.000 1124292
2610.000 1060208
2611.000 1028766
2612.000 1101810
2613.000 980727
2614.000 1113316
2615.000 1068473
2616.000 1053373
2617.000 1107622
2618.000 1063273
2619.000 1101301
2620.000 1059903
2621.000 959836
2622.000 1090375
2623.000 975298
2624.000 1045762
2625.000 1063567
2626.000 948475
2627.000 1084282
2628.000 1055619
2629.000 954512
2630.000 1109316
2631.000 1041442
2632.000 991887
2633.000 1047504
2634.000 1002823
2635.000 1060521
2636.000 1092960
2637.000 941944
2638.000 1100502
2639.000 1053289
2640.000 1001341
2641.000 1100727
2642.000 967032
2643.000 1068909
2644.000 1194598
2645.000 1068873
2646.000 1739388
2647.000 1318303
2648.000 1625498
2649.000 1359557
2650.000 1268088
2651.000 1663141
2652.000 995143
2653.000 1826893
2654.000 1669051
2655.000 1455481
2656.000 1549332
2657.000 1841510
2658.000 1817431
2659.000 1869941
2660.000 1814702
2661.000 1832727
2662.000 1735316
2663.000 1626529
2664.000 1419712
2665.000 1510064
2666.000 1322578
2667.000 1714964
2668.000 1278635
2669.000 1379072
2670.000 1429734
2671.000 1849428
2672.000 1843733
2673.000 1847438
2674.000 1870191
2675.000 1848185
2676.000 1847026
2677.000 1812748
2678.000 1862073
2679.000 1745126
2680.000 1789843
2681.000 1549407
2682.000 1457599
2683.000 1483651
2684.000 1405735
2685.000 1676369
2686.000 1263500
2687.000 1376613
2688.000 1500687
2689.000 1879746
2690.000 1854440
2691.000 1827939
2692.000 1825221
2693.000 1858004
2694.000 1874145
2695.000 1525831
2696.000 1698079
2697.000 1809953
2698.000 1233980
2699.000 1054720
2700.000 1016059
2701.000 1441728
2702.000 1625366
2703.000 1456502
2704.000 1170342
2705.000 457336
2706.000 428654
2707.000 439065
2708.000 450758
2709.000 421842
2710.000 517642
2711.000 437339
2712.000 429555
2713.000 438804
2714.000 421124
2715.000 425987
2716.000 423805
2717.000 432739
2718.000 425175
2719.000 434743
2720.000 431308
2721.000 449174
2722.000 425250
2723.000 437186
2724.000 425713
2725.000 431127
2726.000 416270
2727.000 433191
2728.000 411853
2729.000 435793
2730.000 410691
2731.000 419795
2732.000 410576
2733.000 421359
2734.000 412212
2735.000 413776
2736.000 415757
2737.000 1073961
2738.000 1462926
2739.000 1258973
2740.000 1468709
2741.000 1654614
2742.000 1187082
2743.000 838340
2744.000 1064660
2745.000 586945
2746.000 1429132
2747.000 1665597
2748.000 1536987
2749.000 1117521
2750.000 739141
2751.000 1404394
2752.000 1379097
2753.000 455510
2754.000 1533729
2755.000 1386930
2756.000 1429647
2757.000 1455959
2758.000 1366054
2759.000 1170511
2760.000 1673703
2761.000 1217983
2762.000 1436724
2763.000 765989
2764.000 489318
2765.000 1144331
2766.000 825664
2767.000 458462
2768.000 451127
2769.000 446812
2770.000 455619
2771.000 436692
2772.000 431290
2773.000 429525
2774.000 450825
2775.000 437448
2776.000 435564
2777.000 440429
2778.000 453429
2779.000 431047
2780.000 422836
2781.000 411313
2782.000 439432
2783.000 419768
2784.000 428152
2785.000 418607
2786.000 425837
2787.000 406915
2788.000 411026
2789.000 409123
2790.000 413048
2791.000 394890
2792.000 395367
2793.000 388651
2794.000 402666
2795.000 391179
2796.000 393735
2797.000 391908
2798.000 404190
2799.000 398313
2800.000 403897
2801.000 401047
2802.000 411973
2803.000 1068329
2804.000 1558216
2805.000 1178574
2806.000 1706762
2807.000 1587097
2808.000 1579178
2809.000 1637003
2810.000 1665265
2811.000 1692066
2812.000 1678560
2813.000 1390450
2814.000 1515922
2815.000 1448105
2816.000 1608205
2817.000 1463255
2818.000 1527815
2819.000 1384260
2820.000 1595597
2821.000 1550586
2822.000 1206451
2823.000 1374418
2824.000 1731852
2825.000 1847569
2826.000 1848722
2827.000 1843917
2828.000 1821999
2829.000 1869455
2830.000 1842125
2831.000 1804262
2832.000 1816266
2833.000 1752246
2834.000 1604889
2835.000 1462782
2836.000 1560975
2837.000 1625273
2838.000 1441435
2839.000 1293841
2840.000 1587889
2841.000 1657892
2842.000 1604138
2843.000 1641709
2844.000 1590609
2845.000 998626
2846.000 1642667
2847.000 1287010
2848.000 1455322
2849.000 1531582
2850.000 1366563
2851.000 1411398
2852.000 1460578
2853.000 1459056
2854.000 1422803
2855.000 1495498
2856.000 1433639
2857.000 1320074
2858.000 1279622
2859.000 675857
2860.000 1247805
2861.000 1796895
2862.000 1091522
2863.000 1621681
2864.000 1587948
2865.000 1027972
2866.000 1769608
2867.000 1470344
2868.000 1487390
2869.000 1791844
2870.000 1692439
2871.000 1600859
2872.000 1799490
2873.000 854889
2874.000 1146706
2875.000 1415543
2876.000 1298171
2877.000 1520464
2878.000 937167
2879.000 491829
2880.000 1136404
2881.000 1689684
2882.000 1295917
2883.000 1427369
2884.000 1377840
2885.000 1324896
2886.000 1370422
2887.000 1384796
2888.000 1071826
2889.000 1778748
2890.000 1305515
2891.000 1621629
2892.000 717550
2893.000 1734842
2894.000 1176869
2895.000 1620856
2896.000 1594955
2897.000 1173012
2898.000 1265035
2899.000 1567634
2900.000 1192374
2901.000 1336895
2902.000 944607
2903.000 1715063
2904.000 783236
2905.000 990559
2906.000 1167690
2907.000 1751543
2908.000 1165253
2909.000 1761910
2910.000 1351848
2911.000 1202233
2912.000 1203487
2913.000 800905
2914.000 1673307
2915.000 1051518
2916.000 1667741
2917.000 1484900
2918.000 1518390
2919.000 1252390
2920.000 1872760
2921.000 1766252
2922.000 1358859
2923.000 1267141
2924.000 1457400
2925.000 1567103
2926.000 1614888
2927.000 1668323
2928.000 1704991
2929.000 1484148
2930.000 1120120
2931.000 1306344
2932.000 1539866
2933.000 1147082
2934.000 1386674
2935.000 1695202
2936.000 1667170
2937.000 1707861
2938.000 1173154
2939.000 1415947
2940.000 1693776
2941.000 1321199
2942.000 1640873
2943.000 1496071
2944.000 1526679
2945.000 1363399
2946.000 1516081
2947.000 568239
2948.000 1051622
2949.000 1261127
2950.000 1463575
2951.000 1282665
2952.000 1512839
2953.000 595445
2954.000 1699109
2955.000 1126109
2956.000 1766168
2957.000 1011236
2958.000 1492751
2959.000 1679987
2960.000 1289443
2961.000 947004
2962.000 991023
2963.000 1288049
2964.000 1391844
2965.000 1862059
2966.000 424998
2967.000 165849
2968.000 168807
2969.000 1796301
2970.000 1492038
2971.000 1378468
2972.000 1388680
2973.000 1284910
2974.000 1385744
2975.000 1641994
2976.000 1848082
2977.000 1825803
2978.000 1796174
2979.000 1819464
2980.000 1795566
2981.000 1719419
2982.000 1770352
2983.000 1722472
2984.000 1722604
2985.000 1763583
2986.000 1776776
2987.000 1784259
2988.000 1406316
2989.000 1095784
2990.000 1000321
2991.000 1264080
2992.000 1900388
2993.000 818124
2994.000 1207040
2995.000 1393290
2996.000 1291674
2997.000 1266099
2998.000 1304700
2999.000 1381292
3000.000 1282069
3001.000 1296133
3002.000 1867940
3003.000 1691074
3004.000 1402652
3005.000 1865773
3006.000 1228141
3007.000 1293328
3008.000 1828419
3009.000 1124522
3010.000 1857934
3011.000 1766363
3012.000 1793435
3013.000 1271229
3014.000 1065253
3015.000 1195373
3016.000 465538
3017.000 736833
3018.000 1718525
3019.000 1627118
3020.000 748560
3021.000 1825174
3022.000 1123082
3023.000 1507972
3024.000 1631993
3025.000 732125
3026.000 432229
3027.000 425373
3028.000 417072
3029.000 414195
3030.000 422421
3031.000 428309
3032.000 414589
3033.000 415624
3034.000 418712
3035.000 429450
3036.000 415233
3037.000 416138
3038.000 415055
3039.000 430631
3040.000 414006
3041.000 417728
3042.000 413713
3043.000 426607
3044.000 425276
3045.000 411396
3046.000 410761
3047.000 432496
3048.000 412451
3049.000 419914
3050.000 410826
3051.000 432382
3052.000 413701
3053.000 419461
3054.000 408830
3055.000 432305
3056.000 415455
3057.000 420130
3058.000 408554
3059.000 430596
3060.000 417085
3061.000 418893
3062.000 409528
3063.000 429854
3064.000 1451297
3065.000 1774947
3066.000 1295340
3067.000 1680245
3068.000 803689
3069.000 1845353
3070.000 1126323
3071.000 1682184
3072.000 1359225
3073.000 1208608
3074.000 1753783
3075.000 1247417
3076.000 1208898
3077.000 1796283
3078.000 1267186
3079.000 1212926
3080.000 1872874
3081.000 1185668
3082.000 1493619
3083.000 1651038
3084.000 1299494
3085.000 1483693
3086.000 1655911
3087.000 1275240
3088.000 1798057
3089.000 1367741
3090.000 1558462
3091.000 1273421
3092.000 1443230
3093.000 1622125
3094.000 1352920
3095.000 1358625
3096.000 1707092
3097.000 932694
3098.000 996970
3099.000 1100653
3100.000 1055194
3101.000 1046138
3102.000 1112871
3103.000 985419
3104.000 1107375
3105.000 1007972
3106.000 1083304
3107.000 1105509
3108.000 994258
3109.000 1477766
3110.000 1461297
3111.000 1245833
3112.000 1700207
3113.000 1439509
3114.000 1096300
3115.000 871439
3116.000 1021509
3117.000 886728
3118.000 1032157
3119.000 1040349
3120.000 930416
3121.000 1025287
3122.000 921799
3123.000 978028
3124.000 1819513
3125.000 1354092
3126.000 1129451
3127.000 1800426
3128.000 1233272
3129.000 1267836
3130.000 1833284
3131.000 777858
3132.000 911265
3133.000 1030688
3134.000 1033330
3135.000 905701
3136.000 1057751
3137.000 896141
3138.000 1016305
3139.000 1349222
3140.000 1335772
3141.000 1694767
3142.000 1392811
3143.000 1165635
3144.000 1266630
3145.000 1531018
3146.000 1586569
3147.000 1309459
3148.000 1638501
3149.000 1364278
3150.000 1295548
3151.000 1709192
3152.000 1098149
3153.000 887561
3154.000 1288404
3155.000 510414
3156.000 671690
3157.000 1131870
3158.000 1213431
3159.000 907067
3160.000 634124
3161.000 636452
3162.000 636010
3163.000 623792
3164.000 614188
3165.000 662548
3166.000 639797
3167.000 641450
3168.000 615360
3169.000 633649
3170.000 631164
3171.000 1550210
3172.000 737289
3173.000 1040037
3174.000 658730
3175.000 648399
3176.000 960105
3177.000 1487428
3178.000 1655496
3179.000 1377478
3180.000 898289
3181.000 1220572
3182.000 1638590
3183.000 1385268
3184.000 1198704
3185.000 1569403
3186.000 1547163
3187.000 1072828
3188.000 1608098
3189.000 1378521
3190.000 1128387
3191.000 1243063
3192.000 761529
3193.000 528174
3194.000 1488690
3195.000 1076531
3196.000 1775709
3197.000 1188392
3198.000 1276026
3199.000 1569418
3200.000 1300439
3201.000 1183539
3202.000 1629887
3203.000 983454
3204.000 905803
3205.000 1002168
3206.000 1023323
3207.000 1272388
3208.000 1342830
3209.000 927401
3210.000 1432246
3211.000 1598579
3212.000 1005824
3213.000 1480069
3214.000 1290522
3215.000 1452470
3216.000 1704081
3217.000 1723027
3218.000 1776491
3219.000 1736402
3220.000 1811812
3221.000 1745421
3222.000 1837321
3223.000 1832376
3224.000 1722276
3225.000 1834596
3226.000 1729767
3227.000 1831560
3228.000 1826191
3229.000 1869252
3230.000 1729097
3231.000 1629276
3232.000 1605404
3233.000 1747499
3234.000 1859647
3235.000 1764728
3236.000 1398394
3237.000 1015851
3238.000 1304832
3239.000 1663391
3240.000 1338151
3241.000 1402686
3242.000 1226558
3243.000 1221734
3244.000 1199267
3245.000 1407215
3246.000 1294932
3247.000 1431772
3248.000 1205472
3249.000 1160818
3250.000 1112288
3251.000 1235104
3252.000 1148467
3253.000 1304243
3254.000 1065727
3255.000 1065881
3256.000 1203081
3257.000 1044898
3258.000 1275873
3259.000 1356789
3260.000 1175435
3261.000 1041909
3262.000 884424
3263.000 1050831
3264.000 1273923
3265.000 990913
3266.000 1134022
3267.000 1353706
3268.000 1342065
3269.000 1145037
3270.000 1204737
3271.000 1181147
3272.000 1070264
3273.000 1166934
3274.000 1225465
3275.000 1171854
3276.000 1147129
3277.000 1148210
3278.000 1123894
3279.000 1083151
3280.000 1196783
3281.000 1097913
3282.000 1178048
3283.000 1220376
3284.000 1098912
3285.000 1335778
3286.000 1200721
3287.000 1096867
3288.000 1265549
3289.000 1262916
3290.000 1121669
3291.000 1270887
3292.000 1047522
3293.000 889411
3294.000 999046
3295.000 978748
3296.000 889992
3297.000 996984
3298.000 881644
3299.000 970631
3300.000 1012626
3301.000 879708
3302.000 993990
3303.000 999123
3304.000 887770
3305.000 1004256
3306.000 897349
3307.000 987870
3308.000 1017509
3309.000 886376
3310.000 1034167
3311.000 1017382
3312.000 890226
3313.000 1017560
3314.000 935318
3315.000 934275
3316.000 1014710
3317.000 882454
3318.000 1011477
3319.000 995195
3320.000 892493
3321.000 1007587
3322.000 987807
3323.000 894039
3324.000 1014848
3325.000 959123
3326.000 935961
3327.000 1006432
3328.000 888422
3329.000 1011897
3330.000 980634
3331.000 858948
3332.000 1002822
3333.000 1181162
3334.000 1618495
3335.000 1455725
3336.000 1536044
3337.000 1556170
3338.000 1581664
3339.000 1519008
3340.000 1579204
3341.000 1682447
3342.000 1618966
3343.000 1478582
3344.000 1564348
3345.000 1574950
3346.000 1550056
3347.000 1564211
3348.000 1513250
3349.000 1502613
3350.000 1575279
3351.000 1561869
3352.000 1573040
3353.000 1550250
3354.000 1661563
3355.000 1591011
3356.000 1581972
3357.000 1387437
3358.000 1445991
3359.000 1450821
3360.000 1393464
3361.000 1337156
3362.000 1491445
3363.000 1525498
3364.000 1315051
3365.000 1235264
3366.000 1189209
3367.000 1472368
3368.000 1855431
3369.000 1838000
3370.000 1827449
3371.000 1855225
3372.000 1844406
3373.000 1872100
3374.000 1844346
3375.000 1758770
3376.000 1596726
3377.000 1411669
3378.000 1520441
3379.000 1386137
3380.000 1652127
3381.000 1708415
3382.000 1087860
3383.000 1811730
3384.000 1258071
3385.000 1437092
3386.000 1718458
3387.000 1468849
3388.000 1192141
3389.000 1642008
3390.000 1222517
3391.000 1295876
3392.000 1344059
3393.000 1310306
3394.000 1506784
3395.000 1736841
3396.000 1228167
3397.000 1493225
3398.000 1624199
3399.000 1124084
3400.000 1209150
3401.000 1138486
3402.000 1217041
3403.000 1372137
3404.000 1114211
3405.000 1080690
3406.000 1111862
3407.000 1307648
3408.000 653885
3409.000 581407
3410.000 1785821
3411.000 1339594
3412.000 1277428
3413.000 1279639
3414.000 1575630
3415.000 1345901
3416.000 463662
3417.000 1616203
3418.000 1741325
3419.000 1597506
3420.000 1636736
3421.000 1417431
3422.000 1308261
3423.000 1644808
3424.000 1645404
3425.000 1827682
3426.000 1867614
3427.000 1422765
3428.000 1715474
3429.000 1607408
3430.000 1160989
3431.000 1137849
3432.000 1371590
3433.000 1641591
3434.000 1786156
3435.000 1590848
3436.000 1376494
3437.000 1373704
3438.000 1586124
3439.000 1296626
3440.000 1333076
3441.000 1602163
3442.000 1373611
3443.000 1639802
3444.000 1636117
3445.000 1385743
3446.000 1241578
3447.000 1597717
3448.000 1748064
3449.000 1608832
3450.000 1079255
3451.000 1224251
3452.000 1474969
3453.000 1569160
3454.000 1460164
3455.000 1473237
3456.000 1736973
3457.000 1671645
3458.000 1666809
3459.000 1630898
3460.000 1434446
3461.000 1540332
3462.000 1636674
3463.000 1304809
3464.000 1022427
3465.000 1513258
3466.000 1376256
3467.000 1554264
3468.000 1305767
3469.000 1337035
3470.000 1602140
3471.000 1610048
3472.000 1550528
3473.000 1615946
3474.000 1380230
3475.000 1500202
3476.000 1243218
3477.000 1576882
3478.000 1068598
3479.000 1767842
3480.000 1315366
3481.000 1466593
3482.000 1692035
3483.000 1701754
3484.000 1420113
3485.000 1453570
3486.000 1549760
3487.000 1698043
3488.000 1619679
3489.000 1482601
3490.000 1586901
3491.000 1679054
3492.000 1162558
3493.000 1838459
3494.000 1764789
3495.000 1613438
3496.000 1622437
3497.000 1653597
3498.000 1641691
3499.000 1631325
3500.000 1671646
3501.000 1587937
3502.000 1352280
3503.000 1678643
3504.000 1253299
3505.000 1778886
3506.000 1570634
3507.000 1419455
3508.000 1298772
3509.000 1702659
3510.000 1605321
3511.000 1023898
3512.000 1743923
3513.000 1323157
3514.000 1444429
3515.000 1198037
3516.000 1106181
3517.000 1576843
3518.000 1733777
3519.000 1779751
3520.000 1753103
3521.000 1477780
3522.000 1348809
3523.000 1564323
3524.000 1567286
3525.000 1439017
3526.000 1542460
3527.000 1561123
3528.000 1499814
3529.000 1507998
3530.000 1097229
3531.000 1466158
3532.000 1366404
3533.000 1409175
3534.000 1463694
3535.000 1543830
3536.000 1549840
3537.000 1426576
3538.000 1586356
3539.000 1322093
3540.000 1604390
3541.000 1673711
3542.000 1756411
3543.000 1661250
3544.000 1692537
3545.000 1798678
3546.000 1573591
3547.000 1247491
3548.000 1206260
3549.000 1299017
3550.000 1717904
3551.000 1438094
3552.000 1322487
3553.000 1633780
3554.000 1577509
3555.000 1714099
3556.000 1621358
3557.000 1300105
3558.000 1486788
3559.000 1699634
3560.000 1585818
3561.000 1726339
3562.000 1725137
3563.000 1634626
3564.000 1521809
3565.000 1496490
3566.000 1805756
3567.000 1654455
3568.000 1359668
3569.000 1752806
3570.000 1598642
3571.000 1286249
3572.000 1267312
3573.000 1473198
3574.000 1546491
3575.000 1558116
3576.000 1435615
3577.000 1622616
3578.000 1712982
3579.000 1430020
3580.000 1494761
3581.000 1655646
3582.000 1643920
3583.000 1283745
3584.000 1506776
3585.000 1591702
3586.000 1545283
3587.000 1312879
3588.000 1232995
3589.000 1427470
3590.000 1631909
3591.000 1077266
3592.000 1317044
3593.000 1396121
3594.000 1632180
3595.000 1637458
3596.000 1494749
3597.000 1320675
3598.000 1215866
3599.000 1534000
3600.000 1523338
3601.000 1145796
3602.000 1849717
3603.000 1144918
3604.000 1621918
3605.000 1705997
3606.000 1520836
3607.000 1091302
3608.000 1101951
3609.000 1473703
3610.000 1473369
3611.000 1305756
3612.000 1496320
3613.000 1677460
3614.000 1792489
3615.000 1285391
3616.000 1531033
3617.000 1545329
3618.000 1697732
3619.000 1248569
3620.000 1651590
3621.000 1785244
3622.000 1647966
3623.000 1462153
3624.000 1670143
3625.000 1758766
3626.000 1719676
3627.000 1719187
3628.000 1538820
3629.000 1584191
3630.000 1423233
3631.000 1584149
3632.000 1684124
3633.000 1604731
3634.000 1571251
3635.000 1730945
3636.000 1553402
3637.000 1607132
3638.000 1621561
3639.000 1500512
3640.000 1581925
3641.000 1815854
3642.000 1486215
3643.000 1331566
3644.000 1223164
3645.000 1345466
3646.000 1133469
3647.000 1296649
3648.000 1470039
3649.000 1454902
3650.000 1466929
3651.000 1556047
3652.000 1520310
3653.000 1330472
3654.000 1591744
3655.000 1373872
3656.000 1517136
3657.000 1520323
3658.000 1566909
3659.000 1530236
3660.000 1565369
3661.000 1523304
3662.000 1154172
3663.000 1375764
3664.000 1603230
3665.000 1607335
3666.000 1684394
3667.000 1737682
3668.000 1740913
3669.000 1549230
3670.000 1292299
3671.000 1429565
3672.000 1517675
3673.000 1627153
3674.000 1514435
3675.000 1727073
3676.000 1241152
3677.000 1170489
3678.000 1335489
3679.000 1499249
3680.000 1286273
3681.000 1189534
3682.000 1505099
3683.000 1453351
3684.000 1289111
3685.000 1283219
3686.000 1652809
3687.000 1348004
3688.000 1370312
3689.000 1430252
3690.000 1629656
3691.000 1445798
3692.000 1619214
3693.000 1607483
3694.000 1627030
3695.000 1254705
3696.000 1397694
3697.000 1568316
3698.000 1569405
3699.000 1283325
3700.000 1456418
3701.000 1804285
3702.000 1591757
3703.000 1655360
3704.000 1617526
3705.000 1596228
3706.000 1781377
3707.000 1774895
3708.000 1761996
3709.000 1499695
3710.000 1292833
3711.000 1636300
3712.000 1522034
3713.000 1501197
3714.000 1683258
3715.000 1620848
3716.000 1325927
3717.000 1226873
3718.000 1247253
3719.000 1264813
3720.000 1678923
3721.000 1446738
3722.000 1283639
3723.000 1621073
3724.000 1808077
3725.000 1573097
3726.000 1479867
3727.000 1512899
3728.000 1512971
3729.000 1565585
3730.000 1406474
3731.000 1377353
3732.000 1573979
3733.000 1429511
3734.000 1429744
3735.000 1535182
3736.000 1745615
3737.000 1725017
3738.000 1787622
3739.000 1729356
3740.000 1497284
3741.000 1154889
3742.000 1406814
3743.000 1475265
3744.000 1443712
3745.000 1717580
3746.000 1662437
3747.000 1380909
3748.000 1282429
3749.000 1110898
3750.000 1779833
3751.000 1626574
3752.000 1423605
3753.000 1428341
3754.000 1076886
3755.000 1176215
3756.000 1660811
3757.000 1639759
3758.000 1426022
3759.000 960136
3760.000 1112103
3761.000 1442813
3762.000 1266021
3763.000 1436034
3764.000 1498636
3765.000 1648606
3766.000 1689773
3767.000 1571803
3768.000 1741577
3769.000 1846965
3770.000 1767291
3771.000 1375082
3772.000 1630666
3773.000 1652326
3774.000 1381173
3775.000 1476163
3776.000 1578029
3777.000 1717408
3778.000 1770627
3779.000 1773566
3780.000 1664877
3781.000 1006453
3782.000 1323793
3783.000 1387344
3784.000 1562625
3785.000 1578066
3786.000 1099394
3787.000 1447783
3788.000 1668995
3789.000 1567354
3790.000 1522634
3791.000 1430950
3792.000 1502369
3793.000 1112719
3794.000 1714073
3795.000 1640740
3796.000 1638212
3797.000 1750311
3798.000 1860118
3799.000 1470417
3800.000 1235796
3801.000 1579526
3802.000 1605547
3803.000 1590834
3804.000 1671806
3805.000 1767010
3806.000 1868005
3807.000 1748853
3808.000 1677425
3809.000 1710630
3810.000 1812010
3811.000 1640072
3812.000 1633171
3813.000 1815849
3814.000 1819665
3815.000 1789733
3816.000 1834963
3817.000 1795257
3818.000 1840059
3819.000 1709483
3820.000 1545062
3821.000 1523518
3822.000 1730310
3823.000 1802228
3824.000 1763107
3825.000 1633041
3826.000 1560449
3827.000 1287573
3828.000 1570199
3829.000 1719919
3830.000 1562515
3831.000 1441588
3832.000 1706470
3833.000 1411129
3834.000 1418250
3835.000 1516339
3836.000 1548998
3837.000 1616338
3838.000 1525961
3839.000 1841824
3840.000 1717791
3841.000 1653738
3842.000 1807040
3843.000 1787050
3844.000 1659853
3845.000 1727417
3846.000 1712621
3847.000 1731528
3848.000 1582023
3849.000 1659804
3850.000 1571893
3851.000 1522771
3852.000 1411867
3853.000 1405286
3854.000 1086936
3855.000 1473981
3856.000 1577618
3857.000 917252
3858.000 1464184
3859.000 1700434
3860.000 1651733
3861.000 1662115
3862.000 1656141
3863.000 1654620
3864.000 1496082
3865.000 1340951
3866.000 1684924
3867.000 1683632
3868.000 1847720
3869.000 1850338
3870.000 1792838
3871.000 1287858
3872.000 1727009
3873.000 1685033
3874.000 1826064
3875.000 1768988
3876.000 1818034
3877.000 1793352
3878.000 1772472
3879.000 1537089
3880.000 1779896
3881.000 1706500
3882.000 1785444
3883.000 1739258
3884.000 1700139
3885.000 1785620
3886.000 1706872
3887.000 1554752
3888.000 1592713
3889.000 1499480
3890.000 1639594
3891.000 1678391
3892.000 1749810
3893.000 1775591
3894.000 1838366
3895.000 1538358
3896.000 1306269
3897.000 1474605
3898.000 1196803
3899.000 1386327
3900.000 897966
3901.000 1339390
3902.000 1612082
3903.000 1660712
3904.000 1168188
3905.000 1567991
3906.000 1749205
3907.000 1732013
3908.000 1634684
3909.000 1773541
3910.000 1512985
3911.000 1582805
3912.000 1592354
3913.000 1532914
3914.000 1606679
3915.000 1370127
3916.000 1498608
3917.000 1581806
3918.000 1570300
3919.000 1564098
3920.000 1483225
3921.000 1623417
3922.000 1566007
3923.000 1570973
3924.000 1441543
3925.000 1521369
3926.000 1500961
3927.000 1456065
3928.000 1588641
3929.000 1504677
3930.000 1310463
3931.000 1468586
3932.000 1588964
3933.000 1620699
3934.000 1605365
3935.000 1549037
3936.000 1358938
3937.000 1639219
3938.000 1577643
3939.000 1280229
3940.000 1524774
3941.000 1713502
3942.000 1737322
3943.000 1622362
3944.000 1605966
3945.000 1604236
3946.000 1513820
3947.000 1481270
3948.000 1602947
3949.000 1542087
3950.000 1427620
3951.000 1476351
3952.000 1731597
3953.000 1774359
3954.000 1586032
3955.000 1622391
3956.000 1323188
3957.000 1579115
3958.000 1541407
3959.000 1596450
3960.000 1698546
3961.000 1623373
3962.000 1699519
3963.000 1859619
3964.000 1758554
3965.000 1370090
3966.000 1320722
3967.000 1001182
3968.000 676278
3969.000 601775
3970.000 586369
3971.000 590221
3972.000 626468
3973.000 570047
3974.000 666773
3975.000 550022
3976.000 637454
3977.000 641903
3978.000 588235
3979.000 618683
3980.000 595776
3981.000 523607
3982.000 571207
3983.000 623059
3984.000 598568
3985.000 529496
3986.000 540070
3987.000 566784
3988.000 588744
3989.000 573354
3990.000 584808
3991.000 661034
3992.000 600335
3993.000 636016
3994.000 589717
3995.000 620301
3996.000 623548
3997.000 569050
3998.000 594789
3999.000 586137
4000.000 562892
4001.000 549399
4002.000 537767
4003.000 635956
4004.000 592355
4005.000 610290
4006.000 522482
4007.000 576052
4008.000 632560
4009.000 582760
4010.000 605727
4011.000 594582
4012.000 580740
4013.000 577227
4014.000 668991
4015.000 554319
4016.000 618720
4017.000 625334
4018.000 586850
4019.000 560553
4020.000 580530
4021.000 547950
4022.000 576863
4023.000 636943
4024.000 601080
4025.000 529238
4026.000 587348
4027.000 548827
4028.000 575615
4029.000 531272
4030.000 584721
4031.000 679763
4032.000 595437
4033.000 589474
4034.000 505144
4035.000 605893
4036.000 647200
4037.000 611762
4038.000 619970
4039.000 543173
4040.000 491578
4041.000 573130
4042.000 498806
4043.000 650589
4044.000 597583
4045.000 580678
4046.000 526833
4047.000 613430
4048.000 648357
4049.000 586038
4050.000 558056
4051.000 621142
4052.000 597804
4053.000 540626
4054.000 631768
4055.000 537627
4056.000 629994
4057.000 633906
4058.000 555672
4059.000 582351
4060.000 613411
4061.000 541138
4062.000 553942
4063.000 622341
4064.000 579092
4065.000 533394
4066.000 556857
4067.000 557518
4068.000 582868
4069.000 561465
4070.000 567192
4071.000 650636
4072.000 594116
4073.000 583938
4074.000 536734
4075.000 622913
4076.000 619252
4077.000 544164
4078.000 585365
4079.000 581264
4080.000 522656
4081.000 543849
4082.000 497421
4083.000 668060
4084.000 593530
4085.000 560915
4086.000 545543
4087.000 566620
4088.000 623328
4089.000 582420
4090.000 542294
4091.000 579287
4092.000 583025
4093.000 529733
4094.000 625253
4095.000 544194
4096.000 631063
4097.000 621980
4098.000 543638
4099.000 576878
4100.000 588315
4101.000 528754
4102.000 581707
4103.000 636662
4104.000 590024
4105.000 538142
4106.000 562117
4107.000 578544
4108.000 595168
4109.000 629265
4110.000 636717
4111.000 664179
4112.000 607563
4113.000 597752
4114.000 518960
4115.000 611955
4116.000 636819
4117.000 549711
4118.000 579623
4119.000 552605
4120.000 501028
4121.000 578921
4122.000 512345
4123.000 648858
4124.000 599417
4125.000 575432
4126.000 579127
4127.000 618049
4128.000 648386
4129.000 581885
4130.000 538357
4131.000 582139
4132.000 589235
4133.000 541372
4134.000 656771
4135.000 546078
4136.000 609106
4137.000 611479
4138.000 588094
4139.000 626569
4140.000 609486
4141.000 555368
4142.000 582400
4143.000 639711
4144.000 593856
4145.000 576470
4146.000 545265
4147.000 550311
4148.000 571674
4149.000 539169
4150.000 573249
4151.000 660334
4152.000 615817
4153.000 577124
4154.000 560233
4155.000 596063
4156.000 630244
4157.000 595315
4158.000 593708
4159.000 547302
4160.000 535459
4161.000 568747
4162.000 534174
4163.000 646025
4164.000 601873
4165.000 587559
4166.000 538371
4167.000 592469
4168.000 636161
4169.000 619530
4170.000 576974
4171.000 591159
4172.000 575987
4173.000 582778
4174.000 642479
4175.000 533825
4176.000 607315
4177.000 612204
4178.000 572959
4179.000 559803
4180.000 574188
4181.000 552458
4182.000 595292
4183.000 622682
4184.000 593087
4185.000 514290
4186.000 518356
4187.000 575225
4188.000 596673
4189.000 555865
4190.000 565371
4191.000 668958
4192.000 604451
4193.000 615157
4194.000 582094
4195.000 595375
4196.000 614262
4197.000 597562
4198.000 551313
4199.000 545521
4200.000 501102
4201.000 562630
4202.000 512534
4203.000 668844
4204.000 616635
4205.000 560589
4206.000 504414
4207.000 578413
4208.000 646155
4209.000 600164
4210.000 541900
4211.000 578570
4212.000 575250
4213.000 528171
4214.000 647651
4215.000 571928
4216.000 610986
4217.000 636577
4218.000 583459
4219.000 597939
4220.000 597803
4221.000 538760
4222.000 591212
4223.000 616072
4224.000 601145
4225.000 567372
4226.000 525333
4227.000 571593
4228.000 574902
4229.000 613320
4230.000 616707
4231.000 656221
4232.000 605688
4233.000 619075
4234.000 542633
4235.000 581873
4236.000 625693
4237.000 548642
4238.000 568874
4239.000 571253
4240.000 491410
4241.000 542725
4242.000 474859
4243.000 633953
4244.000 586759
4245.000 570981
4246.000 523676
4247.000 576302
4248.000 591101
4249.000 568817
4250.000 563618
4251.000 564873
4252.000 562422
4253.000 519588
4254.000 648970
4255.000 599234
4256.000 662828
4257.000 646674
4258.000 565257
4259.000 604507
4260.000 611016
4261.000 522066
4262.000 590413
4263.000 643629
4264.000 604992
4265.000 543643
4266.000 527732
4267.000 583914
4268.000 589513
4269.000 571586
4270.000 575617
4271.000 655187
4272.000 616902
4273.000 596673
4274.000 598179
4275.000 625708
4276.000 639732
4277.000 567834
4278.000 568380
4279.000 574582
4280.000 514754
4281.000 545784
4282.000 469470
4283.000 635306
4284.000 588309
4285.000 584847
4286.000 547629
4287.000 561978
4288.000 632505
4289.000 635756
4290.000 609883
4291.000 581264
4292.000 560527
4293.000 569795
4294.000 645761
4295.000 559389
4296.000 634701
4297.000 612114
4298.000 558616
4299.000 603802
4300.000 613114
4301.000 552437
4302.000 583005
4303.000 622132
4304.000 635228
4305.000 579704
4306.000 514297
4307.000 550180
4308.000 576527
4309.000 525991
4310.000 584609
4311.000 665571
4312.000 585827
4313.000 595487
4314.000 521653
4315.000 591791
4316.000 644202
4317.000 611078
4318.000 613714
4319.000 600264
4320.000 538498
4321.000 578700
4322.000 523198
4323.000 645513
4324.000 597331
4325.000 584110
4326.000 538711
4327.000 568935
4328.000 619498
4329.000 570414
4330.000 548093
4331.000 600971
4332.000 623892
4333.000 586615
4334.000 633676
4335.000 537299
4336.000 610610
4337.000 612199
4338.000 562769
4339.000 567212
4340.000 617920
4341.000 563814
4342.000 582176
4343.000 614706
4344.000 587870
4345.000 524228
4346.000 588055
4347.000 599437
4348.000 574365
4349.000 601259
4350.000 604143
4351.000 663190
4352.000 616721
4353.000 590438
4354.000 502716
4355.000 587337
4356.000 618341
4357.000 564409
4358.000 611156
4359.000 529878
4360.000 506553
4361.000 579279
4362.000 531559
4363.000 656263
4364.000 614834
4365.000 566071
4366.000 558192
4367.000 583220
4368.000 623537
4369.000 609341
4370.000 563659
4371.000 582272
4372.000 569557
4373.000 535259
4374.000 634202
4375.000 547797
4376.000 620394
4377.000 613261
4378.000 553319
4379.000 544213
4380.000 575780
4381.000 567353
4382.000 601230
4383.000 626555
4384.000 587457
4385.000 527906
4386.000 554690
4387.000 590750
4388.000 619452
4389.000 559351
4390.000 585034
4391.000 655202
4392.000 604150
4393.000 589059
4394.000 564980
4395.000 617706
4396.000 617859
4397.000 564200
4398.000 565717
4399.000 615591
4400.000 578787
4401.000 559308
4402.000 486189
4403.000 654673
4404.000 608496
4405.000 602628
4406.000 539339
4407.000 565242
4408.000 645082
4409.000 632925
4410.000 586959
4411.000 581054
4412.000 599460
4413.000 600398
4414.000 614501
4415.000 533703
4416.000 624959
4417.000 598576
4418.000 543022
4419.000 569898
4420.000 572138
4421.000 546472
4422.000 597393
4423.000 635688
4424.000 612064
4425.000 551816
4426.000 560339
4427.000 563735
4428.000 578895
4429.000 510139
4430.000 588478
4431.000 665017
4432.000 598723
4433.000 585884
4434.000 542691
4435.000 584972
4436.000 591071
4437.000 555280
4438.000 578912
4439.000 589089
4440.000 571686
4441.000 586550
4442.000 528956
4443.000 631913
4444.000 573438
4445.000 567368
4446.000 578350
4447.000 577713
4448.000 622683
4449.000 574908
4450.000 543848
4451.000 563624
4452.000 569830
4453.000 540354
4454.000 626937
4455.000 550910
4456.000 620767
4457.000 615150
4458.000 600154
4459.000 593472
4460.000 612524
4461.000 553097
4462.000 568379
4463.000 621701
4464.000 615542
4465.000 563096
4466.000 514615
4467.000 583609
4468.000 578623
4469.000 580180
4470.000 579165
4471.000 670326
4472.000 622927
4473.000 607305
4474.000 538124
4475.000 591448
4476.000 911297
4477.000 1863416
4478.000 1629951
4479.000 1597913
4480.000 1475062
4481.000 1186486
4482.000 1245154
4483.000 1727631
4484.000 1445478
4485.000 1428314
4486.000 1609545
4487.000 1595823
4488.000 1763315
4489.000 1468576
4490.000 1609279
4491.000 1666682
4492.000 1535458
4493.000 1561546
4494.000 1632158
4495.000 1578452
4496.000 1755730
4497.000 1723322
4498.000 1725343
4499.000 1796461
4500.000 1845952
4501.000 1377941
4502.000 1587056
4503.000 1650589
4504.000 1452350
4505.000 1547342
4506.000 1397886
4507.000 1482405
4508.000 1623588
4509.000 1397452
4510.000 1225633
4511.000 1569078
4512.000 1586740
4513.000 1570191
4514.000 1433086
4515.000 1646917
4516.000 1725756
4517.000 1712079
4518.000 1285101
4519.000 1606960
4520.000 1442544
4521.000 1457777
4522.000 1629146
4523.000 1498130
4524.000 1452684
4525.000 1542068
4526.000 1474932
4527.000 1244660
4528.000 1563791
4529.000 1615691
4530.000 1524485
4531.000 1368210
4532.000 1226113
4533.000 1411311
4534.000 1440608
4535.000 1328686
4536.000 1578957
4537.000 1600581
4538.000 1744545
4539.000 1573136
4540.000 1737016
4541.000 1753431
4542.000 1771772
4543.000 1704945
4544.000 1670835
4545.000 1809132
4546.000 1688080
4547.000 1549235
4548.000 1518160
4549.000 1576426
4550.000 1539764
4551.000 1435087
4552.000 1680420
4553.000 1668960
4554.000 1802613
4555.000 1777383
4556.000 1548310
4557.000 1520122
4558.000 1463733
4559.000 1468086
4560.000 1643030
4561.000 1671593
4562.000 1677645
4563.000 1795187
4564.000 1740915
4565.000 1593859
4566.000 1718534
4567.000 1595571
4568.000 1791257
4569.000 1642454
4570.000 1516117
4571.000 1368014
4572.000 1271733
4573.000 1685773
4574.000 1489718
4575.000 1242163
4576.000 1472982
4577.000 1772394
4578.000 1635765
4579.000 1721103
4580.000 1584818
4581.000 1301215
4582.000 1491183
4583.000 1339531
4584.000 1404965
4585.000 1462322
4586.000 1066096
4587.000 1370319
4588.000 1394986
4589.000 1619225
4590.000 1708100
4591.000 1708176
4592.000 1651120
4593.000 1812244
4594.000 1800406
4595.000 1754189
4596.000 1579072
4597.000 1528161
4598.000 1540346
4599.000 1606377
4600.000 1740002
4601.000 1764532
4602.000 1804459
4603.000 1854362
4604.000 1772202
4605.000 1495483
4606.000 1481129
4607.000 1635149
4608.000 1658228
4609.000 1734089
4610.000 1465722
4611.000 1754015
4612.000 1784582
4613.000 1823986
4614.000 1779461
4615.000 1700917
4616.000 1707074
4617.000 1531531
4618.000 1447020
4619.000 1598343
4620.000 1440506
4621.000 1436229
4622.000 1297945
4623.000 1347812
4624.000 1509516
4625.000 1477746
4626.000 1418733
4627.000 1259121
4628.000 1439844
4629.000 1636973
4630.000 1308764
4631.000 1423696
4632.000 1158452
4633.000 1536231
4634.000 1706244
4635.000 1298278
4636.000 1370514
4637.000 1630668
4638.000 1625562
4639.000 1437457
4640.000 1553102
4641.000 1327105
4642.000 1633369
4643.000 1739196
4644.000 1529574
4645.000 1588278
4646.000 1348533
4647.000 1576183
4648.000 1736486
4649.000 1626060
4650.000 1395145
4651.000 1561608
4652.000 1781946
4653.000 1685168
4654.000 1646569
4655.000 1327864
4656.000 1571442
4657.000 1405590
4658.000 1357636
4659.000 1532967
4660.000 1452955
4661.000 1553185
4662.000 1661750
4663.000 1769766
4664.000 1814658
4665.000 1828525
4666.000 1619666
4667.000 1472076
4668.000 1527479
4669.000 1497900
4670.000 1427690
4671.000 1773787
4672.000 1768417
4673.000 1687290
4674.000 1865165
4675.000 1533473
4676.000 1220838
4677.000 1570935
4678.000 1863311
4679.000 1832803
4680.000 1510534
4681.000 1323643
4682.000 1217585
4683.000 1577516
4684.000 1288351
4685.000 1153895
4686.000 1581065
4687.000 1502297
4688.000 1369488
4689.000 1269823
4690.000 1826643
4691.000 1572983
4692.000 1614699
4693.000 1341483
4694.000 1400987
4695.000 1465543
4696.000 1786319
4697.000 1451737
4698.000 1388678
4699.000 1356440
4700.000 1133013
4701.000 1516022
4702.000 1683873
4703.000 1767451
4704.000 1580155
4705.000 1568777
4706.000 1786689
4707.000 1489356
4708.000 1503190
4709.000 1510650
4710.000 1746818
4711.000 1605368
4712.000 1608623
4713.000 1534361
4714.000 1566809
4715.000 1302967
4716.000 1499763
4717.000 1571145
4718.000 1396071
4719.000 1192484
4720.000 1311363
4721.000 1435346
4722.000 1579707
4723.000 1635655
4724.000 1192611
4725.000 1278752
4726.000 1517068
4727.000 1501510
4728.000 1749616
4729.000 1705445
4730.000 1393436
4731.000 1541804
4732.000 1168273
4733.000 1095624
4734.000 877084
4735.000 1065365
4736.000 1220996
4737.000 1265947
4738.000 1241379
4739.000 1503478
4740.000 1672609
4741.000 1697449
4742.000 1419145
4743.000 1284922
4744.000 1532801
4745.000 1559083
4746.000 1469491
4747.000 1201244
4748.000 692321
4749.000 1598795
4750.000 937379
4751.000 1579853
4752.000 692157
4753.000 1169447
4754.000 1637150
4755.000 1027623
4756.000 1795907
4757.000 1014647
4758.000 1634706
4759.000 1336686
4760.000 1417854
4761.000 1246005
4762.000 1705187
4763.000 1510714
4764.000 1025731
4765.000 1438273
4766.000 1360498
4767.000 1718247
4768.000 1326452
4769.000 1194200
4770.000 1857142
4771.000 1202182
4772.000 1306192
4773.000 1752603
4774.000 1229962
4775.000 1403773
4776.000 1693870
4777.000 521537
4778.000 726687
4779.000 1761500
4780.000 1389632
4781.000 1298227
4782.000 1322030
4783.000 1188840
4784.000 1694826
4785.000 1512419
4786.000 506422
4787.000 1785030
4788.000 1403660
4789.000 1773909
4790.000 1856116
4791.000 1859854
4792.000 1799818
4793.000 1800569
4794.000 1751994
4795.000 1724996
4796.000 1398817
4797.000 1657317
4798.000 1790986
4799.000 1372543
4800.000 1466388
4801.000 1807106
4802.000 1658852
4803.000 1591632
4804.000 1592866
4805.000 1748975
4806.000 1668594
4807.000 1531669
4808.000 1296960
4809.000 1546607
4810.000 1708352
4811.000 1500438
4812.000 1769460
4813.000 1788060
4814.000 1386218
4815.000 1162398
4816.000 1369438
4817.000 1535717
4818.000 1255463
4819.000 1442655
4820.000 1319270
4821.000 1106269
4822.000 1330281
4823.000 817846
4824.000 1803503
4825.000 849973
4826.000 1645178
4827.000 1064308
4828.000 1036330
4829.000 1009188
4830.000 921923
4831.000 1114738
4832.000 1560843
4833.000 1517571
4834.000 1450079
4835.000 1398922
4836.000 1431059
4837.000 1503124
4838.000 1597117
4839.000 1559878
4840.000 1345305
4841.000 1470920
4842.000 1760199
4843.000 1622408
4844.000 1640941
4845.000 1591785
4846.000 1388592
4847.000 1582003
4848.000 1616470
4849.000 1696765
4850.000 1282506
4851.000 1182371
4852.000 1408185
4853.000 1746999
4854.000 1587905
4855.000 1805144
4856.000 1715798
4857.000 1785469
4858.000 1551482
4859.000 1276249
4860.000 1439116
4861.000 1738111
4862.000 1757811
4863.000 1625496
4864.000 1867226
4865.000 1600031
4866.000 1059464
4867.000 1301927
4868.000 1513616
4869.000 1675521
4870.000 1551980
4871.000 1497792
4872.000 1657179
4873.000 1461502
4874.000 1482151
4875.000 1253351
4876.000 1436868
4877.000 1743917
4878.000 1660723
4879.000 1054728
4880.000 1671284
4881.000 1525947
4882.000 1418998
4883.000 1473722
4884.000 1630131
4885.000 1659001
4886.000 1476525
4887.000 1778207
4888.000 1731100
4889.000 1551511
4890.000 1096473
4891.000 1694049
4892.000 1584840
4893.000 1623999
4894.000 1796465
4895.000 1761680
4896.000 1220371
4897.000 1573201
4898.000 1681216
4899.000 1675703
4900.000 1782510
4901.000 1840948
4902.000 1694094
4903.000 1777887
4904.000 1412791
4905.000 1614453
4906.000 1642382
4907.000 1655396
4908.000 1594595
4909.000 1671622
4910.000 1791661
4911.000 1676395
4912.000 1645117
4913.000 1679894
4914.000 1487830
4915.000 1695298
4916.000 1824434
4917.000 1105881
4918.000 1638647
4919.000 1467342
4920.000 1172420
4921.000 1410865
4922.000 1327197
4923.000 1569305
4924.000 1510690
4925.000 1666412
4926.000 1784859
4927.000 1748234
4928.000 1523859
4929.000 1795327
4930.000 1746783
4931.000 1393018
4932.000 1177108
4933.000 1253847
4934.000 1231795
4935.000 1406851
4936.000 1402934
4937.000 1591899
4938.000 1629605
4939.000 1039338
4940.000 1570986
4941.000 1401231
4942.000 1725789
4943.000 1422969
4944.000 1318752
4945.000 1677861
4946.000 1665047
4947.000 1431557
4948.000 1726023
4949.000 1751610
4950.000 1777496
4951.000 1334699
4952.000 1068494
4953.000 1521654
4954.000 1569954
4955.000 1297261
4956.000 1031846
4957.000 1568372
4958.000 1551031
4959.000 1251004
4960.000 1450850
4961.000 1291724
4962.000 1067464
4963.000 1774746
4964.000 1692143
4965.000 1821126
4966.000 1689529
4967.000 1481187
4968.000 1622931
4969.000 1771313
4970.000 1773998
4971.000 1728676
4972.000 1701419
4973.000 1761101
4974.000 1794440
4975.000 1663673
4976.000 1136675
4977.000 1550724
4978.000 1574409
4979.000 1869045
4980.000 1730289
4981.000 1115175
4982.000 1327734
4983.000 1391770
4984.000 1667042
4985.000 1113011
4986.000 948480
4987.000 1632440
4988.000 1553993
4989.000 1480806
4990.000 1171608
4991.000 1536916
4992.000 1595264
4993.000 1536888
4994.000 1717324
4995.000 1643892
4996.000 1778335
4997.000 1750214
4998.000 1820020
4999.000 1502447
5000.000 1186101
5001.000 1289544
5002.000 1449155
5003.000 1500491
5004.000 1543510
5005.000 1704526
5006.000 1819649
5007.000 1743908
5008.000 1796446
5009.000 1440376
5010.000 972119
5011.000 1855344
5012.000 1237062
5013.000 1336116
5014.000 1457202
5015.000 1369084
5016.000 1675809
5017.000 1653108
5018.000 1605438
5019.000 1675526
5020.000 1593439
5021.000 1689400
5022.000 1698024
5023.000 1711345
5024.000 1621755
5025.000 1163223
5026.000 1174485
5027.000 1512087
5028.000 1753739
5029.000 1678004
5030.000 1632610
5031.000 1707778
5032.000 1420993
5033.000 1360620
5034.000 1694294
5035.000 1321647
5036.000 1449178
5037.000 1741580
5038.000 1658048
5039.000 1816563
5040.000 1460243
5041.000 1665613
5042.000 1594341
5043.000 1192859
5044.000 1770234
5045.000 1606069
5046.000 1521316
5047.000 1665665
5048.000 1489437
5049.000 1470929
5050.000 1634713
5051.000 1860138
5052.000 1357924
5053.000 1583425
5054.000 1542439
5055.000 1512581
5056.000 1365236
5057.000 1255598
5058.000 1625614
5059.000 975059
5060.000 1462880
5061.000 1565901
5062.000 1721048
5063.000 1661056
5064.000 1637790
5065.000 1558320
5066.000 1592618
5067.000 1765417
5068.000 1769344
5069.000 1492583
5070.000 1691744
5071.000 1685743
5072.000 1460306
5073.000 1785110
5074.000 1755238
5075.000 1515919
5076.000 1416349
5077.000 1643001
5078.000 1533292
5079.000 1728434
5080.000 1638113
5081.000 1512191
5082.000 1691416
5083.000 1785358
5084.000 1806330
5085.000 1522892
5086.000 1582623
5087.000 1600030
5088.000 1723725
5089.000 1789467
5090.000 1702765
5091.000 1474144
5092.000 1285748
5093.000 1495999
5094.000 1592298
5095.000 1199181
5096.000 1688605
5097.000 1401303
5098.000 1164277
5099.000 1568547
5100.000 1846069
5101.000 1741239
5102.000 1327536
5103.000 1794564
5104.000 1813277
5105.000 1859090
5106.000 1822683
5107.000 1718008
5108.000 1870068
5109.000 1364385
5110.000 1699756
5111.000 1333893
5112.000 1588955
5113.000 1210649
5114.000 1199407
5115.000 1252166
5116.000 1417584
5117.000 1753131
5118.000 1325628
5119.000 1798844
5120.000 1664482
5121.000 1854676
5122.000 1846718
5123.000 1835408
5124.000 1855585
5125.000 1705081
5126.000 1424778
5127.000 1581631
5128.000 1374652
5129.000 1478026
5130.000 1607332
5131.000 1714995
5132.000 1455059
5133.000 1623602
5134.000 1555293
5135.000 1846629
5136.000 1688525
5137.000 1455389
5138.000 1724751
5139.000 1527612
5140.000 1558889
5141.000 1552134
5142.000 1540572
5143.000 1680858
5144.000 1563992
5145.000 1584193
5146.000 1609045
5147.000 1598020
5148.000 1788928
5149.000 1718649
5150.000 1359305
5151.000 1249859
5152.000 1522458
5153.000 1106432
5154.000 1419504
5155.000 1277078
5156.000 1466933
5157.000 1783368
5158.000 1761929
5159.000 1757990
5160.000 1711965
5161.000 1706904
5162.000 1696205
5163.000 1640575
5164.000 1728254
5165.000 1452517
5166.000 1813666
5167.000 1722329
5168.000 1662600
5169.000 1639019
5170.000 1517272
5171.000 1632322
5172.000 1417964
5173.000 1569998
5174.000 1869689
5175.000 1764051
5176.000 1632487
5177.000 1694438
5178.000 1440375
5179.000 1525020
5180.000 1757371
5181.000 1526813
5182.000 1678356
5183.000 1548612
5184.000 1621122
5185.000 1656845
5186.000 1674442
5187.000 1521805
5188.000 1673130
5189.000 1513945
5190.000 1708071
5191.000 1413596
5192.000 1265689
5193.000 1735004
5194.000 1865532
5195.000 1809606
5196.000 1561010
5197.000 1830333
5198.000 1825762
5199.000 1781493
5200.000 1110810
5201.000 1345689
5202.000 1359424
5203.000 1627951
5204.000 1600572
5205.000 1589650
5206.000 1408327
5207.000 1584790
5208.000 1444829
5209.000 958138
5210.000 1341267
5211.000 1709541
5212.000 902527
5213.000 1174571
5214.000 1332710
5215.000 1408590
5216.000 1359179
5217.000 1481585
5218.000 1614011
5219.000 1758823
5220.000 1775513
5221.000 1799521
5222.000 1722324
5223.000 1713167
5224.000 1763060
5225.000 1647642
5226.000 351070
5227.000 1636187
5228.000 1073143
5229.000 911009
5230.000 1144764
5231.000 1212017
5232.000 963579
5233.000 1546967
5234.000 1368938
5235.000 1196477
5236.000 1658180
5237.000 1407349
5238.000 1523162
5239.000 1645044
5240.000 1468878
5241.000 771468
5242.000 1531061
5243.000 1323028
5244.000 1391982
5245.000 1656027
5246.000 1228151
5247.000 1506596
5248.000 1429989
5249.000 1267927
5250.000 1625373
5251.000 819052
5252.000 1223850
5253.000 1389860
5254.000 1694942
5255.000 1349416
5256.000 1348151
5257.000 1641811
5258.000 1479914
5259.000 1332163
5260.000 1399918
5261.000 1680701
5262.000 1216607
5263.000 1399746
5264.000 1706163
5265.000 1331531
5266.000 1436982
5267.000 1533769
5268.000 1511944
5269.000 1477236
5270.000 1484332
5271.000 1287026
5272.000 1613682
5273.000 1281300
5274.000 1291774
5275.000 1465896
5276.000 1385871
5277.000 1113223
5278.000 951661
5279.000 1314620
5280.000 1374461
5281.000 1747679
5282.000 1706969
5283.000 1709321
5284.000 1286476
5285.000 1238365
5286.000 1356113
5287.000 1590518
5288.000 1559073
5289.000 1361743
5290.000 1560036
5291.000 1187196
5292.000 966025
5293.000 1048702
5294.000 1215317
5295.000 1583482
5296.000 1216843
5297.000 1495513
5298.000 1349922
5299.000 1564656
5300.000 1360532
5301.000 1393438
5302.000 1370108
5303.000 1364413
5304.000 1689982
5305.000 1195348
5306.000 1364705
5307.000 1709312
5308.000 1215266
5309.000 1396149
5310.000 974705
5311.000 1062232
5312.000 998270
5313.000 1084887
5314.000 974856
5315.000 1074316
5316.000 1090908
5317.000 977072
5318.000 1064981
5319.000 1069668
5320.000 1002815
5321.000 1085176
5322.000 987222
5323.000 1114694
5324.000 1079337
5325.000 981688
5326.000 1104232
5327.000 971313
5328.000 1096975
5329.000 1073928
5330.000 980447
5331.000 1104853
5332.000 1019957
5333.000 1049906
5334.000 1124233
5335.000 989911
5336.000 1092548
5337.000 1089837
5338.000 982565
5339.000 1088779
5340.000 977953
5341.000 1076659
5342.000 1111737
5343.000 977610
5344.000 1121765
5345.000 1077680
5346.000 1013184
5347.000 1096835
5348.000 982210
5349.000 1126603
5350.000 1099853
5351.000 1005922
5352.000 1098426
5353.000 979659
5354.000 1108433
5355.000 1098436
5356.000 1005540
5357.000 1110370
5358.000 1004048
5359.000 1098592
5360.000 1114601
5361.000 1004330
5362.000 1102479
5363.000 1062387
5364.000 1003492
5365.000 1096464
5366.000 987604
5367.000 1088738
5368.000 1141679
5369.000 1061054
5370.000 1427053
5371.000 1456452
5372.000 1332605
5373.000 1445197
5374.000 1702264
5375.000 1022265
5376.000 1113079
5377.000 1143369
5378.000 1237256
5379.000 1196981
5380.000 1123515
5381.000 1114648
5382.000 1285327
5383.000 1147429
5384.000 1169446
5385.000 972848
5386.000 1340188
5387.000 1114642
5388.000 1102119
5389.000 1167705
5390.000 1347504
5391.000 1166540
5392.000 1137605
5393.000 1085169
5394.000 1138477
5395.000 1166275
5396.000 1038057
5397.000 1121408
5398.000 283512
5399.000 1445201
5400.000 1547140
5401.000 1284504
5402.000 1168210
5403.000 1619835
5404.000 1457311
5405.000 408175
5406.000 1764596
5407.000 1585510
5408.000 1353481
5409.000 1566550
5410.000 1720245
5411.000 1801832
5412.000 1589055
5413.000 1161137
5414.000 1437292
5415.000 1585258
5416.000 1642995
5417.000 1740125
5418.000 1671912
5419.000 1384751
5420.000 1375341
5421.000 1424740
5422.000 1663212
5423.000 1429451
5424.000 1537113
5425.000 1408167
5426.000 1670355
5427.000 1492034
5428.000 1436861
5429.000 1561510
5430.000 1487494
5431.000 1534824
5432.000 1515428
5433.000 1685952
5434.000 1158081
5435.000 1368710
5436.000 1393792
5437.000 1564700
5438.000 1046888
5439.000 1766729
5440.000 1464966
5441.000 1607732
5442.000 1523031
5443.000 1697084
5444.000 1584183
5445.000 1439284
5446.000 1755819
5447.000 1536598
5448.000 1367313
5449.000 1515572
5450.000 1548119
5451.000 1589418
5452.000 1208540
5453.000 1701396
5454.000 1116316
5455.000 1161699
5456.000 1361930
5457.000 1373083
5458.000 986984
5459.000 1169479
5460.000 1516612
5461.000 1688227
5462.000 1680852
5463.000 1264846
5464.000 1475241
5465.000 1317724
5466.000 1452758
5467.000 1530581
5468.000 1459181
5469.000 1536167
5470.000 1487320
5471.000 1733472
5472.000 1496811
5473.000 1352276
5474.000 1577809
5475.000 1247330
5476.000 1305948
5477.000 1499843
5478.000 1510818
5479.000 1515370
5480.000 1462307
5481.000 1541730
5482.000 1423631
5483.000 1519938
5484.000 1494678
5485.000 1631966
5486.000 1414827
5487.000 1813411
5488.000 1755774
5489.000 1403427
5490.000 1297575
5491.000 1677162
5492.000 1671112
5493.000 1564998
5494.000 1702578
5495.000 1732870
5496.000 1738305
5497.000 1659224
5498.000 1304791
5499.000 1380658
5500.000 1167432
5501.000 1459938
5502.000 1290510
5503.000 1179577
5504.000 1411755
5505.000 1540961
5506.000 1127392
5507.000 1406896
5508.000 1346824
5509.000 1489423
5510.000 1415687
5511.000 1389304
5512.000 1490834
5513.000 1631733
5514.000 1681087
5515.000 1747613
5516.000 1670586
5517.000 1471444
5518.000 1568551
5519.000 1485351
5520.000 1381196
5521.000 1354075
5522.000 1086566
5523.000 1516838
5524.000 1445745
5525.000 1495471
5526.000 1665071
5527.000 1748087
5528.000 1759019
5529.000 1537959
5530.000 1492747
5531.000 1765668
5532.000 1785272
5533.000 1417689
5534.000 1090386
5535.000 1765398
5536.000 1659040
5537.000 1767250
5538.000 1745376
5539.000 1443755
5540.000 1770683
5541.000 1739544
5542.000 1646289
5543.000 1434511
5544.000 1556295
5545.000 1530330
5546.000 1446814
5547.000 1302768
5548.000 1383012
5549.000 1417306
5550.000 1642693
5551.000 1555975
5552.000 1614658
5553.000 1661922
5554.000 1399743
5555.000 1336647
5556.000 1666795
5557.000 1432826
5558.000 1357612
5559.000 1695959
5560.000 1726415
5561.000 1373610
5562.000 1405669
5563.000 1551325
5564.000 1392759
5565.000 1420071
5566.000 1544543
5567.000 1589480
5568.000 1367068
5569.000 1548436
5570.000 1267228
5571.000 1304517
5572.000 1465251
5573.000 1478501
5574.000 1569836
5575.000 1487980
5576.000 1525777
5577.000 1550696
5578.000 1502677
5579.000 1698786
5580.000 1513694
5581.000 1505179
5582.000 1556354
5583.000 1472901
5584.000 1499703
5585.000 1209206
5586.000 1647418
5587.000 1133128
5588.000 1504810
5589.000 1403403
5590.000 1612953
5591.000 1778944
5592.000 1607814
5593.000 1473275
5594.000 1497694
5595.000 1533533
5596.000 1563582
5597.000 1654390
5598.000 1292829
5599.000 1326685
5600.000 1299095
5601.000 1589975
5602.000 1868146
5603.000 1566282
5604.000 1258017
5605.000 1614704
5606.000 1560550
5607.000 1513053
5608.000 1679072
5609.000 1443308
5610.000 1516901
5611.000 1410266
5612.000 1438004
5613.000 1619456
5614.000 1766000
5615.000 1435460
5616.000 1394196
5617.000 1381262
5618.000 1218524
5619.000 1680068
5620.000 1390449
5621.000 1458558
5622.000 1481195
5623.000 1294528
5624.000 1563819
5625.000 1418100
5626.000 1534308
5627.000 1602834
5628.000 1507441
5629.000 1461772
5630.000 1709941
5631.000 1721796
5632.000 1537470
5633.000 1400147
5634.000 1526066
5635.000 1524895
5636.000 1534526
5637.000 1574471
5638.000 1539433
5639.000 1641008
5640.000 1630656
5641.000 1599903
5642.000 1660896
5643.000 1659830
5644.000 1174807
5645.000 1860591
5646.000 1790354
5647.000 1376160
5648.000 1201646
5649.000 1176159
5650.000 1146109
5651.000 1709569
5652.000 1685228
5653.000 1522130
5654.000 1608515
5655.000 1711382
5656.000 1169063
5657.000 1243034
5658.000 1368555
5659.000 1511172
5660.000 1481100
5661.000 1134083
5662.000 1201737
5663.000 1712837
5664.000 1521806
5665.000 1484642
5666.000 986553
5667.000 1410292
5668.000 1467834
5669.000 1486852
5670.000 1420034
5671.000 1546698
5672.000 1461627
5673.000 1460478
5674.000 1497125
5675.000 1649303
5676.000 1748206
5677.000 1757021
5678.000 1872896
5679.000 1612309
5680.000 1649048
5681.000 1699470
5682.000 1408786
5683.000 1020929
5684.000 1111159
5685.000 1228203
5686.000 1184594
5687.000 1355800
5688.000 1692507
5689.000 1293166
5690.000 1358128
5691.000 1370556
5692.000 1442622
5693.000 1369389
5694.000 1644393
5695.000 1373563
5696.000 1566894
5697.000 1611644
5698.000 1530486
5699.000 1717755
5700.000 1527178
5701.000 1391381
5702.000 1499176
5703.000 1388879
5704.000 1478417
5705.000 1363199
5706.000 1558393
5707.000 1410590
5708.000 1442654
5709.000 1478095
5710.000 1428329
5711.000 1408138
5712.000 1392145
5713.000 1527882
5714.000 1545466
5715.000 1464101
5716.000 1499006
5717.000 1367798
5718.000 1587717
5719.000 1435693
5720.000 1271372
5721.000 1528130
5722.000 1700454
5723.000 1557373
5724.000 1230335
5725.000 1442992
5726.000 1360947
5727.000 1372264
5728.000 1466444
5729.000 1401821
5730.000 1487443
5731.000 1033088
5732.000 1263058
5733.000 1412025
5734.000 1633170
5735.000 1395263
5736.000 1090470
5737.000 1480149
5738.000 1588946
5739.000 1580029
5740.000 1357659
5741.000 1285136
5742.000 1372201
5743.000 1639353
5744.000 1033895
5745.000 1516706
5746.000 1496968
5747.000 1492553
5748.000 1492648
5749.000 1506984
5750.000 1508162
5751.000 1336728
5752.000 1459632
5753.000 1764321
5754.000 1522240
5755.000 1564487
5756.000 1668179
5757.000 1225514
5758.000 1452490
5759.000 1597853
5760.000 1390856
5761.000 1497624
5762.000 1534110
5763.000 1508307
5764.000 1455840
5765.000 1492936
5766.000 1383878
5767.000 1713125
5768.000 1345122
5769.000 1612226
5770.000 1260066
5771.000 1402535
5772.000 1625078
5773.000 1604544
5774.000 1678910
5775.000 1310052
5776.000 1432764
5777.000 1337425
5778.000 1638187
5779.000 1461556
5780.000 1457321
5781.000 1509403
5782.000 1500463
5783.000 1586292
5784.000 1522660
5785.000 1349140
5786.000 1142730
5787.000 1325014
5788.000 1549074
5789.000 1285379
5790.000 1288039
5791.000 1608581
5792.000 1634894
5793.000 1866336
5794.000 1187003
5795.000 1004904
5796.000 1365444
5797.000 1471089
5798.000 1418321
5799.000 1428311
5800.000 1552020
5801.000 1395155
5802.000 1435639
5803.000 1739044
5804.000 1594272
5805.000 1749045
5806.000 1586832
5807.000 1393962
5808.000 1312516
5809.000 1298395
5810.000 1581542
5811.000 1512338
5812.000 1331277
5813.000 1306670
5814.000 1510625
5815.000 1405150
5816.000 1455746
5817.000 1640546
5818.000 1677128
5819.000 1862459
5820.000 1763378
5821.000 1638646
5822.000 1598387
5823.000 1688246
5824.000 1808242
5825.000 1640310
5826.000 1792242
5827.000 1546055
5828.000 1783628
5829.000 1819196
5830.000 1852722
5831.000 1868463
5832.000 1605790
5833.000 1210730
5834.000 1793370
5835.000 924090
5836.000 1348504
5837.000 1493509
5838.000 1523980
5839.000 1704455
5840.000 1826043
5841.000 1648201
5842.000 1536263
5843.000 1722939
5844.000 1712542
5845.000 1309454
5846.000 1095207
5847.000 1364107
5848.000 1487058
5849.000 1499587
5850.000 1749132
5851.000 1594587
5852.000 1451445
5853.000 1307227
5854.000 1484390
5855.000 1726437
5856.000 1203516
5857.000 1539834
5858.000 1676300
5859.000 1124652
5860.000 1606059
5861.000 1650027
5862.000 1811030
5863.000 1432636
5864.000 1658528
5865.000 1588316
5866.000 1504523
5867.000 1470751
5868.000 1298204
5869.000 1469561
5870.000 1602161
5871.000 1494977
5872.000 1509920
5873.000 1627503
5874.000 1708224
5875.000 1560064
5876.000 1637795
5877.000 1540160
5878.000 1287540
5879.000 1449240
5880.000 1617692
5881.000 1788292
5882.000 1455159
5883.000 1762214
5884.000 1651222
5885.000 1386406
5886.000 1584187
5887.000 1329107
5888.000 1476040
5889.000 1449162
5890.000 1446810
5891.000 1527486
5892.000 1514295
5893.000 1502276
5894.000 1355611
5895.000 1665057
5896.000 1778813
5897.000 1158040
5898.000 1185780
5899.000 1454287
5900.000 1434849
5901.000 1609132
5902.000 1573058
5903.000 1583627
5904.000 1730093
5905.000 1442867
5906.000 1198002
5907.000 1405038
5908.000 1520527
5909.000 1459688
5910.000 1473703
5911.000 1253584
5912.000 1558300
5913.000 1431609
5914.000 1361909
5915.000 1823173
5916.000 1745747
5917.000 1724938
5918.000 1547806
5919.000 1715028
5920.000 1647384
5921.000 1018219
5922.000 1296292
5923.000 1562602
5924.000 1640865
5925.000 1784951
5926.000 1728096
5927.000 1431406
5928.000 1362849
5929.000 1608956
5930.000 1829156
5931.000 1868440
5932.000 1667372
5933.000 1562390
5934.000 1433050
5935.000 1395355
5936.000 1629237
5937.000 1585291
5938.000 1300425
5939.000 1264096
5940.000 1291929
5941.000 1371517
5942.000 1417781
5943.000 1371096
5944.000 1548955
5945.000 1052651
5946.000 1526871
5947.000 987580
5948.000 1219984
5949.000 1293400
5950.000 1387407
5951.000 1444736
5952.000 1141365
5953.000 1485350
5954.000 1383482
5955.000 1365576
5956.000 1481345
5957.000 1515026
5958.000 1453070
5959.000 1622741
5960.000 1802442
5961.000 1468746
5962.000 1354387
5963.000 1768937
5964.000 1584014
5965.000 1738516
5966.000 1096513
5967.000 1858945
5968.000 1785321
5969.000 1592959
5970.000 1611919
5971.000 1426216
5972.000 1521263
5973.000 1436260
5974.000 1558616
5975.000 1123210
