# Slice: eMBB | 112.217.128.200:13409 -> 10.215.173.1:49005 (UDP)
# offset_sec  packet_size_bytes
0.000 386084
1.000 556931
2.000 676545
3.000 952739
4.000 1156757
5.000 1040306
6.000 649421
7.000 169980
8.000 172090
9.000 176843
10.000 614089
11.000 279895
12.000 179397
13.000 165860
14.000 168660
15.000 168660
16.000 168660
17.000 168660
18.000 168660
19.000 168660
20.000 169460
21.000 301310
22.000 494831
23.000 213415
24.000 168660
25.000 168660
26.000 169449
27.000 168660
28.000 168660
29.000 168660
30.000 177934
31.000 176331
32.000 196671
33.000 168660
34.000 165849
35.000 170139
36.000 167181
37.000 169296
38.000 168660
39.000 168660
40.000 383852
41.000 194405
42.000 178444
43.000 174205
44.000 183155
45.000 180461
46.000 182167
47.000 182342
48.000 180787
49.000 180390
50.000 179561
51.000 182917
52.000 179706
53.000 185263
54.000 177846
55.000 182373
56.000 172646
57.000 180412
58.000 181608
59.000 309584
60.000 1616485
61.000 1219776
62.000 1508339
63.000 1655005
64.000 1659303
65.000 1707891
66.000 1604006
67.000 1668881
68.000 1623865
69.000 1706208
70.000 1603317
71.000 1663204
72.000 1669274
73.000 802744
74.000 395686
75.000 995297
76.000 1816772
77.000 1548785
78.000 1393887
79.000 1402841
80.000 1719425
81.000 1431077
82.000 1437560
83.000 986472
84.000 1010743
85.000 1672867
86.000 1197360
87.000 1744476
88.000 1521517
89.000 1337640
90.000 1614890
91.000 1850495
92.000 1865515
93.000 1861965
94.000 1867018
95.000 1848941
96.000 1860081
97.000 1838047
98.000 1849302
99.000 1812624
100.000 1854912
101.000 1807769
102.000 1852423
103.000 1818737
104.000 1853472
105.000 1848563
106.000 1802423
107.000 1468912
108.000 1293793
109.000 1755703
110.000 1459575
111.000 1534198
112.000 331834
113.000 956844
114.000 1379448
115.000 1719755
116.000 1257711
117.000 1379464
118.000 1489091
119.000 1122669
120.000 1125523
121.000 1206341
122.000 1386797
123.000 1255499
124.000 889091
125.000 1120621
126.000 1251561
127.000 1456745
128.000 1293460
129.000 1042468
130.000 823566
131.000 1794625
132.000 1255689
133.000 1608690
134.000 1277284
135.000 1276847
136.000 1578450
137.000 1638624
138.000 1259189
139.000 1390393
140.000 1741618
141.000 1234481
142.000 1450128
143.000 969811
144.000 1093612
145.000 1117762
146.000 1207359
147.000 1077765
148.000 1123259
149.000 1301069
150.000 1275534
151.000 1865030
152.000 1298629
153.000 1237303
154.000 1879620
155.000 1261961
156.000 1295779
157.000 1814397
158.000 387686
159.000 216192
160.000 1200615
161.000 1216885
162.000 1776280
163.000 1274487
164.000 1354851
165.000 298531
166.000 508082
167.000 835724
168.000 966589
169.000 933121
170.000 1073294
171.000 1002510
172.000 1086642
173.000 996886
174.000 1011821
175.000 752050
176.000 168660
177.000 168660
178.000 303783
179.000 1611955
180.000 1166219
181.000 1257243
182.000 1322422
183.000 874450
184.000 794578
185.000 1668108
186.000 1298505
187.000 1617841
188.000 1626937
189.000 1547795
190.000 1760563
191.000 1540877
192.000 1463957
193.000 1708850
194.000 1711030
195.000 1417274
196.000 1822652
197.000 1772285
198.000 1551604
199.000 1705729
200.000 1741385
201.000 1784124
202.000 1709471
203.000 1186757
204.000 1586918
205.000 1627918
206.000 1667214
207.000 1255373
208.000 1678075
209.000 1813580
210.000 1855283
211.000 1759749
212.000 1738752
213.000 1687377
214.000 1506264
215.000 1764999
216.000 1688537
217.000 1770825
218.000 1508993
219.000 1415965
220.000 1499469
221.000 1565763
222.000 1430816
223.000 1699993
224.000 1412092
225.000 1245271
226.000 1229053
227.000 1347707
228.000 1680735
229.000 1812462
230.000 1521156
231.000 1075544
232.000 1097632
233.000 1717807
234.000 1249258
235.000 1412927
236.000 1450697
237.000 1382863
238.000 1540058
239.000 1420621
240.000 1428365
241.000 1528733
242.000 1624414
243.000 1591254
244.000 1711662
245.000 1857619
246.000 1730509
247.000 1717194
248.000 1650920
249.000 1540950
250.000 1268092
251.000 1589528
252.000 1625569
253.000 1530469
254.000 1772233
255.000 1775870
256.000 1503170
257.000 1656865
258.000 1760215
259.000 1596454
260.000 1454129
261.000 1666156
262.000 1470413
263.000 1630174
264.000 1802395
265.000 1514789
266.000 1677884
267.000 1806772
268.000 1860951
269.000 1715438
270.000 1851473
271.000 1885493
272.000 1862119
273.000 1459887
274.000 1431211
275.000 1844589
276.000 1409482
277.000 1515296
278.000 1581243
279.000 1695186
280.000 1765424
281.000 1397725
282.000 1465174
283.000 1574844
284.000 1494135
285.000 1744089
286.000 1789662
287.000 1675819
288.000 1432235
289.000 1743363
290.000 1730600
291.000 1871284
292.000 1627191
293.000 1749892
294.000 1535468
295.000 1868525
296.000 1703346
297.000 1471058
298.000 1626094
299.000 1766029
300.000 1303552
301.000 1739184
302.000 1639910
303.000 1685953
304.000 1667397
305.000 1903213
306.000 1576337
307.000 1399018
308.000 1378736
309.000 1804901
310.000 1720103
311.000 1642346
312.000 1317274
313.000 1123447
314.000 1474857
315.000 1570620
316.000 1618296
317.000 1607622
318.000 1548388
319.000 1541852
320.000 1627794
321.000 1461903
322.000 1511701
323.000 1520867
324.000 1714020
325.000 1558832
326.000 1331669
327.000 1346202
328.000 1497583
329.000 1455794
330.000 1522709
331.000 1529326
332.000 1531100
333.000 1509079
334.000 1802998
335.000 1660902
336.000 1794534
337.000 1759644
338.000 1806990
339.000 1469119
340.000 1412613
341.000 1529401
342.000 1207338
343.000 1346889
344.000 1356830
345.000 1509640
346.000 1650616
347.000 1255213
348.000 1181616
349.000 1563752
350.000 1713680
351.000 1851793
352.000 1607675
353.000 1545826
354.000 1742574
355.000 1599631
356.000 1587128
357.000 1711900
358.000 1489396
359.000 1548224
360.000 1237876
361.000 1399315
362.000 1549894
363.000 1788215
364.000 1742584
365.000 1348622
366.000 1443429
367.000 1424684
368.000 1799421
369.000 1871991
370.000 1733303
371.000 1455301
372.000 1572039
373.000 1187632
374.000 1303583
375.000 1575462
376.000 1602323
377.000 1852559
378.000 1338508
379.000 1085104
380.000 1214288
381.000 1350018
382.000 1343265
383.000 1527643
384.000 1596831
385.000 1033917
386.000 1678995
387.000 1679390
388.000 1444079
389.000 1555432
390.000 1531556
391.000 1389820
392.000 1550569
393.000 1782664
394.000 1413038
395.000 1527389
396.000 1680998
397.000 1865655
398.000 1603194
399.000 1590449
400.000 1676834
401.000 1859367
402.000 1480452
403.000 960393
404.000 1326050
405.000 1832781
406.000 1862499
407.000 1570354
408.000 1570599
409.000 1379082
410.000 1732691
411.000 1729550
412.000 1828267
413.000 1713534
414.000 1438932
415.000 1638708
416.000 1336640
417.000 1851070
418.000 1605781
419.000 1047759
420.000 1583923
421.000 1738243
422.000 1761833
423.000 1524550
424.000 1584452
425.000 1608097
426.000 1585119
427.000 1529580
428.000 1285169
429.000 1708093
430.000 1674531
431.000 1452867
432.000 1804972
433.000 1852697
434.000 1716698
435.000 1658707
436.000 1884927
437.000 1711849
438.000 1437673
439.000 1630915
440.000 1585474
441.000 1640787
442.000 1579687
443.000 1757890
444.000 1535639
445.000 1646938
446.000 1746416
447.000 1769886
448.000 1591623
449.000 1388495
450.000 1801199
451.000 1490795
452.000 1449774
453.000 1697108
454.000 1736339
455.000 1552965
456.000 1341797
457.000 1825014
458.000 1681024
459.000 1716500
460.000 1825007
461.000 1869390
462.000 1764114
463.000 1719449
464.000 1196732
465.000 1215640
466.000 1214752
467.000 1413660
468.000 1425952
469.000 1564592
470.000 1575442
471.000 1604019
472.000 1579512
473.000 1181188
474.000 1533188
475.000 1550297
476.000 1046689
477.000 1718495
478.000 1139083
479.000 1201933
480.000 1119252
481.000 1290055
482.000 1324110
483.000 1540085
484.000 1533884
485.000 1332802
486.000 1370827
487.000 1575953
488.000 1260700
489.000 1340261
490.000 354242
491.000 990948
492.000 1104117
493.000 1334742
494.000 770552
495.000 1210969
496.000 1535236
497.000 1178349
498.000 1038395
499.000 1357556
500.000 1686354
501.000 1425012
502.000 1343579
503.000 833291
504.000 1855281
505.000 1333443
506.000 1216160
507.000 1820554
508.000 1342998
509.000 1614287
510.000 1167056
511.000 1579929
512.000 1504077
513.000 1347677
514.000 1397676
515.000 1691749
516.000 1092669
517.000 1603894
518.000 1528932
519.000 1276576
520.000 1441790
521.000 1665699
522.000 1243513
523.000 1381125
524.000 1773185
525.000 1284441
526.000 1265712
527.000 931544
528.000 1520423
529.000 1085023
530.000 1587114
531.000 1282718
532.000 1575036
533.000 1556573
534.000 1025722
535.000 1109222
536.000 1129937
537.000 1075996
538.000 1295178
539.000 1156048
540.000 1095722
541.000 1236261
542.000 990389
543.000 950675
544.000 1018610
545.000 870722
546.000 1214277
547.000 279832
548.000 206667
549.000 200167
550.000 1220374
551.000 1329443
552.000 1083734
553.000 1146346
554.000 1044092
555.000 1073381
556.000 1566205
557.000 1375270
558.000 1247987
559.000 1778325
560.000 242977
561.000 207853
562.000 213389
563.000 215971
564.000 209644
565.000 203159
566.000 203187
567.000 198186
568.000 196872
569.000 204674
570.000 207825
571.000 206159
572.000 219227
573.000 227636
574.000 220761
575.000 212086
576.000 1242223
577.000 1200887
578.000 1124737
579.000 1631036
580.000 999403
581.000 364249
582.000 1073403
583.000 878401
584.000 1046908
585.000 942313
586.000 1080207
587.000 1052883
588.000 931308
589.000 168660
590.000 168660
591.000 168660
592.000 773703
593.000 1502707
594.000 451995
595.000 1779059
596.000 1561352
597.000 1615646
598.000 1597829
599.000 1788022
600.000 1702999
601.000 1732537
602.000 1293702
603.000 1457445
604.000 1603667
605.000 1764266
606.000 1800779
607.000 1651637
608.000 1058903
609.000 1566631
610.000 1421124
611.000 1587635
612.000 1755596
613.000 1656904
614.000 1513156
615.000 1720271
616.000 1661977
617.000 1796883
618.000 1438115
619.000 1317242
620.000 1446466
621.000 1819450
622.000 1365352
623.000 1405352
624.000 1412693
625.000 1484618
626.000 1091705
627.000 1657849
628.000 1535809
629.000 1399275
630.000 1164919
631.000 1278756
632.000 1275004
633.000 1602330
634.000 1599062
635.000 1440041
636.000 1381371
637.000 1209240
638.000 1259714
639.000 1234470
640.000 1309962
641.000 1703900
642.000 1709732
643.000 1644385
644.000 1528219
645.000 1587078
646.000 1657727
647.000 1761343
648.000 1704490
649.000 1498624
650.000 1550072
651.000 1679446
652.000 1390600
653.000 1660199
654.000 1264667
655.000 1226635
656.000 1740266
657.000 1087604
658.000 1273642
659.000 1556792
660.000 1476773
661.000 1328640
662.000 1605329
663.000 1567673
664.000 1347749
665.000 1213482
666.000 1084429
667.000 1657009
668.000 1760729
669.000 1814584
670.000 1248514
671.000 1409110
672.000 1681736
673.000 1393386
674.000 1444681
675.000 1484107
676.000 1192848
677.000 1452524
678.000 1527327
679.000 1774621
680.000 1514992
681.000 1154442
682.000 1590064
683.000 1383802
684.000 1451613
685.000 1792619
686.000 1837126
687.000 1865665
688.000 1834961
689.000 1812691
690.000 1757103
691.000 1808352
692.000 1496228
693.000 1161870
694.000 1731110
695.000 1520924
696.000 1474257
697.000 1143050
698.000 1060380
699.000 1258242
700.000 1430668
701.000 1299448
702.000 1540076
703.000 1545073
704.000 1467471
705.000 1663030
706.000 1447761
707.000 1587853
708.000 1612881
709.000 1610542
710.000 1050204
711.000 1438254
712.000 1231900
713.000 1424777
714.000 1687785
715.000 1668806
716.000 1758229
717.000 1261445
718.000 1722451
719.000 1239292
720.000 1226782
721.000 1768693
722.000 1019686
723.000 1405698
724.000 1309229
725.000 1533877
726.000 1509095
727.000 1559549
728.000 1615919
729.000 1496233
730.000 1425292
731.000 1381389
732.000 1667150
733.000 1753902
734.000 1450125
735.000 1472320
736.000 1664598
737.000 1762381
738.000 1464408
739.000 1522086
740.000 1270483
741.000 1503332
742.000 1334083
743.000 1792411
744.000 1638709
745.000 1181096
746.000 1714548
747.000 1774363
748.000 1751611
749.000 1329688
750.000 1697850
751.000 1625545
752.000 1795504
753.000 1572255
754.000 1147760
755.000 1764373
756.000 1699275
757.000 1641736
758.000 1833003
759.000 1412846
760.000 1314690
761.000 1780981
762.000 1768331
763.000 1561793
764.000 1681846
765.000 1533369
766.000 1323438
767.000 1503660
768.000 1848576
769.000 1562127
770.000 1093874
771.000 1079559
772.000 1393637
773.000 1378077
774.000 1488422
775.000 1823080
776.000 1449724
777.000 1635713
778.000 1760417
779.000 1319870
780.000 1372912
781.000 1361061
782.000 1579426
783.000 1710340
784.000 1501557
785.000 989957
786.000 1569037
787.000 1478775
788.000 1382175
789.000 1511241
790.000 1382870
791.000 1484740
792.000 1393236
793.000 1111039
794.000 1556948
795.000 1609160
796.000 1658653
797.000 1684888
798.000 1835758
799.000 1797791
800.000 1799684
801.000 1679769
802.000 1431312
803.000 1234058
804.000 1328939
805.000 1464578
806.000 1731590
807.000 1805315
808.000 1491661
809.000 1378861
810.000 1658417
811.000 1799875
812.000 1578785
813.000 1510095
814.000 1533092
815.000 1640121
816.000 1831893
817.000 1758408
818.000 1556052
819.000 1650088
820.000 1736508
821.000 1596774
822.000 1720429
823.000 1104121
824.000 1749589
825.000 1846344
826.000 1797347
827.000 1780168
828.000 1787925
829.000 1720001
830.000 1406728
831.000 1542900
832.000 1693291
833.000 1561929
834.000 1717356
835.000 1628235
836.000 1669955
837.000 1421962
838.000 1449855
839.000 1750493
840.000 1728730
841.000 1761732
842.000 1493335
843.000 1403076
844.000 1679237
845.000 1444223
846.000 1300114
847.000 1689623
848.000 1321126
849.000 1548941
850.000 1339537
851.000 1538511
852.000 1354184
853.000 1593250
854.000 1703943
855.000 1477859
856.000 1319452
857.000 1332072
858.000 1710674
859.000 1707927
860.000 1507181
861.000 1276481
862.000 1290070
863.000 1742056
864.000 1332792
865.000 1585741
866.000 1154678
867.000 1809397
868.000 1362316
869.000 1697906
870.000 1304107
871.000 1441474
872.000 1421542
873.000 1495177
874.000 1725033
875.000 1621220
876.000 1247558
877.000 1493023
878.000 1436619
879.000 1200111
880.000 1268832
881.000 1331194
882.000 1117804
883.000 1363607
884.000 1014780
885.000 1439678
886.000 1298865
887.000 1152348
888.000 1459967
889.000 1703895
890.000 1770875
891.000 1372078
892.000 1539578
893.000 1667865
894.000 1585831
895.000 1872352
896.000 1660748
897.000 1792298
898.000 1719465
899.000 1605666
900.000 1451150
901.000 1599132
902.000 1626865
903.000 1811237
904.000 1776179
905.000 1531603
906.000 1751840
907.000 1557574
908.000 1595528
909.000 1726434
910.000 1685576
911.000 1713821
912.000 1744473
913.000 1502745
914.000 1601056
915.000 1231303
916.000 11988
917.000 1241699
918.000 1100977
919.000 1025623
920.000 1008423
921.000 1215217
922.000 1323844
923.000 1599569
924.000 1706365
925.000 1531149
926.000 1409941
927.000 1572154
928.000 1318372
929.000 1375807
930.000 1369883
931.000 1416807
932.000 1057331
933.000 1564202
934.000 1512332
935.000 1110295
936.000 1780128
937.000 1106719
938.000 1443831
939.000 1620319
940.000 1158131
941.000 1295644
942.000 1297321
943.000 1325055
944.000 1268856
945.000 1271593
946.000 1327887
947.000 1255427
948.000 1261774
949.000 460407
950.000 373530
951.000 1186513
952.000 992435
953.000 1484310
954.000 1279669
955.000 922029
956.000 1651127
957.000 1319558
958.000 1215151
959.000 1816078
960.000 1052052
961.000 1786665
962.000 1835490
963.000 1675677
964.000 1448344
965.000 1299931
966.000 1321079
967.000 1392638
968.000 1537609
969.000 1257250
970.000 1579610
971.000 1423788
972.000 1599900
973.000 1504908
974.000 1262002
975.000 966637
976.000 1262670
977.000 1365259
978.000 1320236
979.000 1352090
980.000 1317303
981.000 1317558
982.000 1411043
983.000 1594024
984.000 1801098
985.000 1832356
986.000 1838459
987.000 1786322
988.000 1819452
989.000 1765476
990.000 1797421
991.000 1821568
992.000 1836476
993.000 1830347
994.000 1845299
995.000 1815965
996.000 1854337
997.000 1820691
998.000 1804875
999.000 1852910
1000.000 1812845
1001.000 1803426
1002.000 1764125
1003.000 1839763
1004.000 1822707
1005.000 1770578
1006.000 1748059
1007.000 1756443
1008.000 1792715
1009.000 1830106
1010.000 1819996
1011.000 1812385
1012.000 1835393
1013.000 1827204
1014.000 1796970
1015.000 1824337
1016.000 1825395
1017.000 1756334
1018.000 1826571
1019.000 1753750
1020.000 1824038
1021.000 1790937
1022.000 1814065
1023.000 1782201
1024.000 1744943
1025.000 1828811
1026.000 1815500
1027.000 1728631
1028.000 1828691
1029.000 1822007
1030.000 1781807
1031.000 1804732
1032.000 1777949
1033.000 1736444
1034.000 1839991
1035.000 1789837
1036.000 1868252
1037.000 1819562
1038.000 1813928
1039.000 1829940
1040.000 1830296
1041.000 1814809
1042.000 1811017
1043.000 1790617
1044.000 1821718
1045.000 1806977
1046.000 1795608
1047.000 1803413
1048.000 1816727
1049.000 1796222
1050.000 1816383
1051.000 1824240
1052.000 1827299
1053.000 1818873
1054.000 1835305
1055.000 1818055
1056.000 1812220
1057.000 1795564
1058.000 1781122
1059.000 1783771
1060.000 1811962
1061.000 1834770
1062.000 1802015
1063.000 1824027
1064.000 1821429
1065.000 1811114
1066.000 1705853
1067.000 1840106
1068.000 1834399
1069.000 1839683
1070.000 1839327
1071.000 1775730
1072.000 1832051
1073.000 1868888
1074.000 1787827
1075.000 1828831
1076.000 1840829
1077.000 1798861
1078.000 1858777
1079.000 1781351
1080.000 1805031
1081.000 1817008
1082.000 1817726
1083.000 1820716
1084.000 1834399
1085.000 1819724
1086.000 1824225
1087.000 1808954
1088.000 1794813
1089.000 1824768
1090.000 1824687
1091.000 1830488
1092.000 1829701
1093.000 1841287
1094.000 1847627
1095.000 1830206
1096.000 1837616
1097.000 1801459
1098.000 1818912
1099.000 1811614
1100.000 1860340
1101.000 1773108
1102.000 1822035
1103.000 1830310
1104.000 1821979
1105.000 1837441
1106.000 1828219
1107.000 1835046
1108.000 1839633
1109.000 1825666
1110.000 1786627
1111.000 1827914
1112.000 1798831
1113.000 1796183
1114.000 1809988
1115.000 1831871
1116.000 1824753
1117.000 1838763
1118.000 1838466
1119.000 1853938
1120.000 1819944
1121.000 1839167
1122.000 1836283
1123.000 1840053
1124.000 1838346
1125.000 1811038
1126.000 1805842
1127.000 1826589
1128.000 1786162
1129.000 1840323
1130.000 1848138
1131.000 1840070
1132.000 1821866
1133.000 1834159
1134.000 1831805
1135.000 1791292
1136.000 1821889
1137.000 1810730
1138.000 1795564
1139.000 1837109
1140.000 1809327
1141.000 1831036
1142.000 1821315
1143.000 1833256
1144.000 1779424
1145.000 1862934
1146.000 1789326
1147.000 1829464
1148.000 1860840
1149.000 1818503
1150.000 1813835
1151.000 1789299
1152.000 1751163
1153.000 1813046
1154.000 1827445
1155.000 1812191
1156.000 1873905
1157.000 1806502
1158.000 1800747
1159.000 1727961
1160.000 1831519
1161.000 1804345
1162.000 1805484
1163.000 1833441
1164.000 1819544
1165.000 1807277
1166.000 1868328
1167.000 1802263
1168.000 1826717
1169.000 1832615
1170.000 1795359
1171.000 1788604
1172.000 1765429
1173.000 1845843
1174.000 1793133
1175.000 1804863
1176.000 1827401
1177.000 1789797
1178.000 1845095
1179.000 1784119
1180.000 1790108
1181.000 1835412
1182.000 1809891
1183.000 1799895
1184.000 1835419
1185.000 1833395
1186.000 1759244
1187.000 1105472
1188.000 1359575
1189.000 1333822
1190.000 1636227
1191.000 1322378
1192.000 1227385
1193.000 1362424
1194.000 1329366
1195.000 1583776
1196.000 1141509
1197.000 1680480
1198.000 1387120
1199.000 1316943
1200.000 1114739
1201.000 1160545
1202.000 861555
1203.000 986993
1204.000 1522492
1205.000 1135017
1206.000 982187
1207.000 1061628
1208.000 921146
1209.000 1655685
1210.000 1027320
1211.000 1806997
1212.000 999539
1213.000 1588777
1214.000 1555580
1215.000 1257967
1216.000 1487515
1217.000 1696500
1218.000 1204094
1219.000 1466097
1220.000 1647391
1221.000 1266141
1222.000 1079760
1223.000 1313761
1224.000 1223312
1225.000 1841262
1226.000 1268301
1227.000 1363753
1228.000 455570
1229.000 908776
1230.000 867575
1231.000 1024887
1232.000 596325
1233.000 168660
1234.000 168660
1235.000 428356
1236.000 1077700
1237.000 860991
1238.000 1011814
1239.000 1622019
1240.000 1244790
1241.000 1493946
1242.000 1538418
1243.000 1399165
1244.000 1572047
1245.000 1789356
1246.000 1590183
1247.000 1402826
1248.000 1670207
1249.000 1542266
1250.000 1663617
1251.000 1794831
1252.000 1767005
1253.000 1535531
1254.000 1190930
1255.000 1647299
1256.000 1405697
1257.000 1726536
1258.000 1552424
1259.000 1461285
1260.000 1342691
1261.000 1513958
1262.000 1588882
1263.000 1263897
1264.000 1614061
1265.000 1191147
1266.000 1732647
1267.000 1427829
1268.000 1841340
1269.000 1449361
1270.000 1367832
1271.000 1386036
1272.000 1273745
1273.000 1272998
1274.000 1562701
1275.000 1587609
1276.000 1370148
1277.000 1644372
1278.000 1455776
1279.000 1597951
1280.000 1684167
1281.000 1206219
1282.000 1269163
1283.000 1833731
1284.000 1226703
1285.000 1495096
1286.000 1550639
1287.000 1525168
1288.000 1836956
1289.000 1494061
1290.000 1585655
1291.000 1727601
1292.000 1772646
1293.000 1831606
1294.000 1669776
1295.000 1681875
1296.000 1501637
1297.000 1705349
1298.000 1737275
1299.000 1640198
1300.000 1590000
1301.000 1649485
1302.000 1642373
1303.000 1767471
1304.000 1356572
1305.000 1084528
1306.000 1540830
1307.000 1583276
1308.000 1300442
1309.000 1568093
1310.000 1549738
1311.000 1489896
1312.000 1723840
1313.000 1786624
1314.000 1615232
1315.000 1645897
1316.000 1644295
1317.000 1816803
1318.000 1804570
1319.000 1657816
1320.000 1309083
1321.000 1293370
1322.000 1183781
1323.000 1187960
1324.000 1479009
1325.000 1636299
1326.000 1749236
1327.000 1593608
1328.000 1748738
1329.000 1736723
1330.000 1262247
1331.000 1364058
1332.000 1474817
1333.000 1652626
1334.000 1653496
1335.000 1654650
1336.000 1572624
1337.000 1550956
1338.000 1601475
1339.000 1624095
1340.000 1612542
1341.000 1672837
1342.000 1559842
1343.000 1290025
1344.000 1645533
1345.000 1837062
1346.000 1924274
1347.000 1746617
1348.000 1647937
1349.000 1852083
1350.000 1659790
1351.000 1840902
1352.000 1826842
1353.000 1528027
1354.000 1542235
1355.000 1541616
1356.000 1492133
1357.000 1328873
1358.000 1360975
1359.000 1747443
1360.000 1751728
1361.000 1809288
1362.000 1265086
1363.000 1233835
1364.000 1615744
1365.000 1614301
1366.000 1546694
1367.000 1195703
1368.000 1545711
1369.000 1714924
1370.000 940873
1371.000 1554657
1372.000 1656558
1373.000 1536951
1374.000 1295191
1375.000 1553287
1376.000 1513863
1377.000 1516964
1378.000 1701484
1379.000 1409787
1380.000 1579894
1381.000 1855294
1382.000 1840066
1383.000 1847656
1384.000 992379
1385.000 1366048
1386.000 1434725
1387.000 1692399
1388.000 1675572
1389.000 1820791
1390.000 1248441
1391.000 1622345
1392.000 1545659
1393.000 1449317
1394.000 1803861
1395.000 1657627
1396.000 1851913
1397.000 1847588
1398.000 1438365
1399.000 1359925
1400.000 1692834
1401.000 1386801
1402.000 1265889
1403.000 1834703
1404.000 1595204
1405.000 1839989
1406.000 1124313
1407.000 1213291
1408.000 1245952
1409.000 1608652
1410.000 1716972
1411.000 1839890
1412.000 1837958
1413.000 1848667
1414.000 1678326
1415.000 1668938
1416.000 1191823
1417.000 1223595
1418.000 1658945
1419.000 1675309
1420.000 1582944
1421.000 1508794
1422.000 1619709
1423.000 1651478
1424.000 1790306
1425.000 1757041
1426.000 1831181
1427.000 1763670
1428.000 1701223
1429.000 1070127
1430.000 1195061
1431.000 1586747
1432.000 1775766
1433.000 1622499
1434.000 1594483
1435.000 1442620
1436.000 1575732
1437.000 1744111
1438.000 1419968
1439.000 1421003
1440.000 1546409
1441.000 1606971
1442.000 1482457
1443.000 1636676
1444.000 1756367
1445.000 1860872
1446.000 1834499
1447.000 1554810
1448.000 1815723
1449.000 1775469
1450.000 1550130
1451.000 1479782
1452.000 1294296
1453.000 1497993
1454.000 1374171
1455.000 1396908
1456.000 1759935
1457.000 1752228
1458.000 1727246
1459.000 1641346
1460.000 1523869
1461.000 1848046
1462.000 1777888
1463.000 1549130
1464.000 1312446
1465.000 1658469
1466.000 1689006
1467.000 1835614
1468.000 1780379
1469.000 1676555
1470.000 1395677
1471.000 1594018
1472.000 1863414
1473.000 1587974
1474.000 1753171
1475.000 1296341
1476.000 1623532
1477.000 1701736
1478.000 1808211
1479.000 1470280
1480.000 1587600
1481.000 1598947
1482.000 1177900
1483.000 1615654
1484.000 999540
1485.000 1266432
1486.000 1195199
1487.000 1330716
1488.000 1407821
1489.000 1184903
1490.000 1671356
1491.000 1837132
1492.000 1781048
1493.000 1496483
1494.000 1456391
1495.000 1414011
1496.000 1470630
1497.000 1577086
1498.000 1737976
1499.000 1208791
1500.000 1636346
1501.000 1222820
1502.000 1815950
1503.000 1825599
1504.000 1559780
1505.000 1711698
1506.000 1860385
1507.000 1673661
1508.000 1722796
1509.000 1697747
1510.000 1576152
1511.000 1665679
1512.000 1548977
1513.000 1721238
1514.000 1696624
1515.000 1578076
1516.000 1556026
1517.000 1502146
1518.000 1697351
1519.000 1551700
1520.000 1526173
1521.000 1562473
1522.000 1697357
1523.000 1514230
1524.000 1599038
1525.000 1436817
1526.000 1404064
1527.000 1634839
1528.000 1647382
1529.000 1492565
1530.000 1459644
1531.000 1468007
1532.000 1304765
1533.000 1342047
1534.000 1242063
1535.000 1822389
1536.000 1025241
1537.000 1508627
1538.000 1180602
1539.000 1698381
1540.000 1195961
1541.000 1709994
1542.000 907166
1543.000 1164458
1544.000 1328771
1545.000 1342317
1546.000 1325640
1547.000 1406056
1548.000 1201587
1549.000 1228013
1550.000 275334
1551.000 498740
1552.000 1177457
1553.000 1540723
1554.000 875490
1555.000 1391063
1556.000 987668
1557.000 1498510
1558.000 846030
1559.000 1821260
1560.000 1620760
1561.000 1453593
1562.000 1340817
1563.000 1679287
1564.000 895226
1565.000 1535955
1566.000 1333152
1567.000 1853007
1568.000 1287786
1569.000 1233213
1570.000 1885403
1571.000 1246617
1572.000 1219701
1573.000 1858496
1574.000 880359
1575.000 305258
1576.000 710820
1577.000 925443
1578.000 1208527
1579.000 1445535
1580.000 1064805
1581.000 1761001
1582.000 1388860
1583.000 1718005
1584.000 1718877
1585.000 313765
1586.000 1283423
1587.000 1477237
1588.000 1156670
1589.000 1406715
1590.000 1340161
1591.000 1285117
1592.000 1316449
1593.000 1684006
1594.000 1708276
1595.000 1461652
1596.000 1369057
1597.000 1675461
1598.000 1274583
1599.000 1509895
1600.000 1585570
1601.000 1131055
1602.000 1403281
1603.000 1524967
1604.000 1633761
1605.000 1637740
1606.000 1314355
1607.000 832065
1608.000 458049
1609.000 468462
1610.000 1354641
1611.000 1665487
1612.000 1693345
1613.000 1522736
1614.000 720738
1615.000 1775499
1616.000 1197082
1617.000 1136517
1618.000 1394345
1619.000 1592717
1620.000 1463743
1621.000 1418794
1622.000 848131
1623.000 1048612
1624.000 1689391
1625.000 1611451
1626.000 1692186
1627.000 1487806
1628.000 1680460
1629.000 1879125
1630.000 1517730
1631.000 1749381
1632.000 1687892
1633.000 1291657
1634.000 1350711
1635.000 1635194
1636.000 1634104
1637.000 1504673
1638.000 1809472
1639.000 1602869
1640.000 1622971
1641.000 1628297
1642.000 1825876
1643.000 1674461
1644.000 1708008
1645.000 1641472
1646.000 1828249
1647.000 1623317
1648.000 1655808
1649.000 1691558
1650.000 1483509
1651.000 1245227
1652.000 1310964
1653.000 1576217
1654.000 1653691
1655.000 1397675
1656.000 1172541
1657.000 1002982
1658.000 1592977
1659.000 1405145
1660.000 1309858
1661.000 1314472
1662.000 1291942
1663.000 1136140
1664.000 1095702
1665.000 1175417
1666.000 1336243
1667.000 1469456
1668.000 928366
1669.000 1273130
1670.000 1353492
1671.000 1368893
1672.000 1367073
1673.000 1441608
1674.000 1379935
1675.000 1395407
1676.000 1381127
1677.000 1379254
1678.000 423936
1679.000 174882
1680.000 161251
1681.000 105761
1682.000 117713
1683.000 179884
1684.000 648308
1685.000 901781
1686.000 865747
1687.000 1772703
1688.000 1053885
1689.000 1152154
1690.000 1555988
1691.000 1116710
1692.000 1783025
1693.000 1272245
1694.000 1021727
1695.000 1362214
1696.000 1455520
1697.000 1424470
1698.000 1356475
1699.000 1468321
1700.000 1719745
1701.000 1227966
1702.000 1819741
1703.000 1334796
1704.000 1223244
1705.000 1728538
1706.000 1380654
1707.000 1285648
1708.000 1665842
1709.000 1482749
1710.000 1363641
1711.000 1232479
1712.000 1885962
1713.000 1190396
1714.000 1457895
1715.000 1121557
1716.000 1204356
1717.000 1174156
1718.000 1234804
1719.000 1033053
1720.000 1284288
1721.000 1761805
1722.000 1282070
1723.000 1584795
1724.000 1223798
1725.000 1804103
1726.000 1834764
1727.000 1318001
1728.000 1495208
1729.000 1256382
1730.000 1330310
1731.000 1298834
1732.000 1439207
1733.000 1806717
1734.000 1525731
1735.000 1373250
1736.000 1693796
1737.000 1380516
1738.000 1782532
1739.000 1482345
1740.000 1499278
1741.000 1613254
1742.000 1322867
1743.000 1470757
1744.000 1719847
1745.000 1651721
1746.000 1255166
1747.000 1461097
1748.000 1638367
1749.000 1078013
1750.000 1825322
1751.000 1180044
1752.000 1722480
1753.000 982605
1754.000 1835228
1755.000 1466035
1756.000 1377811
1757.000 1284964
1758.000 1786566
1759.000 1358281
1760.000 1515783
1761.000 1184926
1762.000 1522859
1763.000 1301481
1764.000 1258689
1765.000 1138097
1766.000 1827002
1767.000 1121300
1768.000 1567166
1769.000 1552144
1770.000 1300633
1771.000 1593734
1772.000 1044543
1773.000 1303774
1774.000 990220
1775.000 1256134
1776.000 598588
1777.000 1808489
1778.000 1159711
1779.000 1042449
1780.000 1884026
1781.000 976611
1782.000 1402762
1783.000 1075846
1784.000 1776839
1785.000 1111539
1786.000 1341424
1787.000 1422472
1788.000 1289980
1789.000 1873564
1790.000 1361772
1791.000 1311443
1792.000 1881053
1793.000 1043487
1794.000 1806337
1795.000 1296388
1796.000 1651707
1797.000 1204085
1798.000 1651642
1799.000 1666903
1800.000 1242212
1801.000 1748919
1802.000 1493586
1803.000 1045601
1804.000 1437682
1805.000 1740579
1806.000 1506674
1807.000 1157204
1808.000 1612555
1809.000 1591537
1810.000 1361041
1811.000 1323753
1812.000 1182103
1813.000 1596419
1814.000 892165
1815.000 1834906
1816.000 1376420
1817.000 1317581
1818.000 1376414
1819.000 1262829
1820.000 1142286
1821.000 1499744
1822.000 1396255
1823.000 1053007
1824.000 1171172
1825.000 1540402
1826.000 1332529
1827.000 1144501
1828.000 1169928
1829.000 1223806
1830.000 1163983
1831.000 1344121
1832.000 1165519
1833.000 1277631
1834.000 1251269
1835.000 1140705
1836.000 1356242
1837.000 1432930
1838.000 1510621
1839.000 1153414
1840.000 1357654
1841.000 1658700
1842.000 1612175
1843.000 1616425
1844.000 1444428
1845.000 1526562
1846.000 1469823
1847.000 1565435
1848.000 1652237
1849.000 1446679
1850.000 1272972
1851.000 1232856
1852.000 1426042
1853.000 1101236
1854.000 1587651
1855.000 1486867
1856.000 1498175
1857.000 1546001
1858.000 1551694
1859.000 1606947
1860.000 1321300
1861.000 1602245
1862.000 1397989
1863.000 1419315
1864.000 1420774
1865.000 1329541
1866.000 1802476
1867.000 1786486
1868.000 1819786
1869.000 1816641
1870.000 1812101
1871.000 1822904
1872.000 1808260
1873.000 1833489
1874.000 1829634
1875.000 1830737
1876.000 1771707
1877.000 1766101
1878.000 1748664
1879.000 1375690
1880.000 1480870
1881.000 1524538
1882.000 1323099
1883.000 1364936
1884.000 1566984
1885.000 1602111
1886.000 1604109
1887.000 1542842
1888.000 1189863
1889.000 1242277
1890.000 1649661
1891.000 1608285
1892.000 1356390
1893.000 1613515
1894.000 1625109
1895.000 1603184
1896.000 1610071
1897.000 1344533
1898.000 1502869
1899.000 1564622
1900.000 1375903
1901.000 1384795
1902.000 1536806
1903.000 1510506
1904.000 1543464
1905.000 1446844
1906.000 1377208
1907.000 1836771
1908.000 1855174
1909.000 1845788
1910.000 1586040
1911.000 1330373
1912.000 1235920
1913.000 1517617
1914.000 1580134
1915.000 1569265
1916.000 1548646
1917.000 1585698
1918.000 1598431
1919.000 1781164
1920.000 1555788
1921.000 1691997
1922.000 1598343
1923.000 1497045
1924.000 1138951
1925.000 1515791
1926.000 1532745
1927.000 1190898
1928.000 1476587
1929.000 1507179
1930.000 1429688
1931.000 1593399
1932.000 1729682
1933.000 1305090
1934.000 1379790
1935.000 1733157
1936.000 1731335
1937.000 1732469
1938.000 1795207
1939.000 1790131
1940.000 1820545
1941.000 1809501
1942.000 1697054
1943.000 1815550
1944.000 1740083
1945.000 1816433
1946.000 1779937
1947.000 1766225
1948.000 1704445
1949.000 1774577
1950.000 1749095
1951.000 1774503
1952.000 1761875
1953.000 1831996
1954.000 1801459
1955.000 1760012
1956.000 1796394
1957.000 1832254
1958.000 1805962
1959.000 1835258
1960.000 1740101
1961.000 1724663
1962.000 1763394
1963.000 1728510
1964.000 1787522
1965.000 1750768
1966.000 1809904
1967.000 1730329
1968.000 1720515
1969.000 1833215
1970.000 1844227
1971.000 1671966
1972.000 1748717
1973.000 1729346
1974.000 1753670
1975.000 1696956
1976.000 1794812
1977.000 1736808
1978.000 1795693
1979.000 1754692
1980.000 1772941
1981.000 1765545
1982.000 1803242
1983.000 1773386
1984.000 1775231
1985.000 1766591
1986.000 1707520
1987.000 1731953
1988.000 1670766
1989.000 1798402
1990.000 1778338
1991.000 1787868
1992.000 1795343
1993.000 1814356
1994.000 1750095
1995.000 1752478
1996.000 1766873
1997.000 1768808
1998.000 1730133
1999.000 1781279
2000.000 1778802
2001.000 1831665
2002.000 1746637
2003.000 1693145
2004.000 1749703
2005.000 1805278
2006.000 1794214
2007.000 1805976
2008.000 1807595
2009.000 1723036
2010.000 1698336
2011.000 1778879
2012.000 1838850
2013.000 1800305
2014.000 1765290
2015.000 1729208
2016.000 1774209
2017.000 1797744
2018.000 1743393
2019.000 1760594
2020.000 1779029
2021.000 1813568
2022.000 1796286
2023.000 1654160
2024.000 1784658
2025.000 1771426
2026.000 1833706
2027.000 1730860
2028.000 1711070
2029.000 1833340
2030.000 1780026
2031.000 1766728
2032.000 1747286
2033.000 1763333
2034.000 1741401
2035.000 1709867
2036.000 1826504
2037.000 1735210
2038.000 1703667
2039.000 1794726
2040.000 1832937
2041.000 1752367
2042.000 1786002
2043.000 1801371
2044.000 1758981
2045.000 1768929
2046.000 1685538
2047.000 1691242
2048.000 1822749
2049.000 1720213
2050.000 1796462
2051.000 1805945
2052.000 1704979
2053.000 1754811
2054.000 1831119
2055.000 1756907
2056.000 1820002
2057.000 1763945
2058.000 1701333
2059.000 1680318
2060.000 1720537
2061.000 1787832
2062.000 1746141
2063.000 1750337
2064.000 1786306
2065.000 1808021
2066.000 1777348
2067.000 1850984
2068.000 1737836
2069.000 1794403
2070.000 1742409
2071.000 1741253
2072.000 1804654
2073.000 1808388
2074.000 1748147
2075.000 1744985
2076.000 1758440
2077.000 1758410
2078.000 1695303
2079.000 1739080
2080.000 1710276
2081.000 1806677
2082.000 1750180
2083.000 1778031
2084.000 1781763
2085.000 1770013
2086.000 1774987
2087.000 1802588
2088.000 1810195
2089.000 1769337
2090.000 1771688
2091.000 1849099
2092.000 1803121
2093.000 1829203
2094.000 1726859
2095.000 1830269
2096.000 1767213
2097.000 1801899
2098.000 1797488
2099.000 1766164
2100.000 1753338
2101.000 1782046
2102.000 1738688
2103.000 1717244
2104.000 1702292
2105.000 1792713
2106.000 1817513
2107.000 1820401
2108.000 1788266
2109.000 1764227
2110.000 1754764
2111.000 1785123
2112.000 1718696
2113.000 1760819
2114.000 1831452
2115.000 1708288
2116.000 1759714
2117.000 1802735
2118.000 1808680
2119.000 1757238
2120.000 1861880
2121.000 1752204
2122.000 1685533
2123.000 1830283
2124.000 1739958
2125.000 1759169
2126.000 1771267
2127.000 1730449
2128.000 1747320
2129.000 1817816
2130.000 1689168
2131.000 1753809
2132.000 1871263
2133.000 1777799
2134.000 1792050
2135.000 1715895
2136.000 1741629
2137.000 1794210
2138.000 1820168
2139.000 1758007
2140.000 1804887
2141.000 1735167
2142.000 1683010
2143.000 1760823
2144.000 1732432
2145.000 1702142
2146.000 1798532
2147.000 1767077
2148.000 1798364
2149.000 1788887
2150.000 1804714
2151.000 1736939
2152.000 1788143
2153.000 1779269
2154.000 1752327
2155.000 1812435
2156.000 1805075
2157.000 1796160
2158.000 1806937
2159.000 1808716
2160.000 1807837
2161.000 1804768
2162.000 1791046
2163.000 1760124
2164.000 1794639
2165.000 1761383
2166.000 1789279
2167.000 1820665
2168.000 1715219
2169.000 1795969
2170.000 1778417
2171.000 1802826
2172.000 1736706
2173.000 1731285
2174.000 1745690
2175.000 1705669
2176.000 1793252
2177.000 1749123
2178.000 1781779
2179.000 1786567
2180.000 1778980
2181.000 1724575
2182.000 1812056
2183.000 1780166
2184.000 1816066
2185.000 1629799
2186.000 1746851
2187.000 1844836
2188.000 1805212
2189.000 1796608
2190.000 1793682
2191.000 1797519
2192.000 1781674
2193.000 1793024
2194.000 1761323
2195.000 1819701
2196.000 1680587
2197.000 1731223
2198.000 1804806
2199.000 1819803
2200.000 1797147
2201.000 1758910
2202.000 1752017
2203.000 1816436
2204.000 1757117
2205.000 1696211
2206.000 1759954
2207.000 1746088
2208.000 1740580
2209.000 1769704
2210.000 1747426
2211.000 1706206
2212.000 1807637
2213.000 1773112
2214.000 1778952
2215.000 1774818
2216.000 1779045
2217.000 1783259
2218.000 1748498
2219.000 1783573
2220.000 1674681
2221.000 1798410
2222.000 1801983
2223.000 1737787
2224.000 1770234
2225.000 1844440
2226.000 1715465
2227.000 1760253
2228.000 1789441
2229.000 1770482
2230.000 1815885
2231.000 1786069
2232.000 1771523
2233.000 1723359
2234.000 1799816
2235.000 1753284
2236.000 1651844
2237.000 1820292
2238.000 1727069
2239.000 1765472
2240.000 1754920
2241.000 1759491
2242.000 1820315
2243.000 1804712
2244.000 1774496
2245.000 1776548
2246.000 1777986
2247.000 1750659
2248.000 1738613
2249.000 1728386
2250.000 1752607
2251.000 1810289
2252.000 1707318
2253.000 1801612
2254.000 1681862
2255.000 1791107
2256.000 1753403
2257.000 1747458
2258.000 1802338
2259.000 1715279
2260.000 1808390
2261.000 1825789
2262.000 1766498
2263.000 1766038
2264.000 1771042
2265.000 1796630
2266.000 1803939
2267.000 1789591
2268.000 1729666
2269.000 1809909
2270.000 1761319
2271.000 1793268
2272.000 1753098
2273.000 1663306
2274.000 1733351
2275.000 1761107
2276.000 1810444
2277.000 1765413
2278.000 1752356
2279.000 1819131
2280.000 1814819
2281.000 1804159
2282.000 1699392
2283.000 1761268
2284.000 1729374
2285.000 1799457
2286.000 1733277
2287.000 1783041
2288.000 1736443
2289.000 1862310
2290.000 1705342
2291.000 1821859
2292.000 1798443
2293.000 1797736
2294.000 1845793
2295.000 1727006
2296.000 1802040
2297.000 1825636
2298.000 1720022
2299.000 1761542
2300.000 1784343
2301.000 1778133
2302.000 1744118
2303.000 1771688
2304.000 1779119
2305.000 1756824
2306.000 1734798
2307.000 1709877
2308.000 1697234
2309.000 1791354
2310.000 1769860
2311.000 1756658
2312.000 1769898
2313.000 1683367
2314.000 1757370
2315.000 1685653
2316.000 1805410
2317.000 1823847
2318.000 1793779
2319.000 1836489
2320.000 1832970
2321.000 1795812
2322.000 1822102
2323.000 1798355
2324.000 1788885
2325.000 1802245
2326.000 1691745
2327.000 1751050
2328.000 1608607
2329.000 1287480
2330.000 1740594
2331.000 1513181
2332.000 1726040
2333.000 1656639
2334.000 1875661
2335.000 1603176
2336.000 1348141
2337.000 1343940
2338.000 1480319
2339.000 1701517
2340.000 1224671
2341.000 1752842
2342.000 1365283
2343.000 1300932
2344.000 1636102
2345.000 1474081
2346.000 1381834
2347.000 1318043
2348.000 1714259
2349.000 1318853
2350.000 1354828
2351.000 1679286
2352.000 1381272
2353.000 1547580
2354.000 1353943
2355.000 1101831
2356.000 1179129
2357.000 1247035
2358.000 1246335
2359.000 1213097
2360.000 1203090
2361.000 1198498
2362.000 274593
2363.000 1003902
2364.000 754600
2365.000 1030678
2366.000 1110846
2367.000 1652010
2368.000 927153
2369.000 1024529
2370.000 1267141
2371.000 1848534
2372.000 1381602
2373.000 410100
2374.000 1426659
2375.000 1675787
2376.000 1774141
2377.000 1864101
2378.000 1672242
2379.000 1796603
2380.000 1791845
2381.000 1776862
2382.000 1642581
2383.000 1518262
2384.000 1558098
2385.000 1582245
2386.000 1486708
2387.000 1516865
2388.000 1511661
2389.000 1434328
2390.000 1508521
2391.000 1285771
2392.000 1542281
2393.000 1704922
2394.000 1587880
2395.000 1520728
2396.000 1523111
2397.000 1491605
2398.000 1643263
2399.000 1694114
2400.000 1700310
2401.000 1605719
2402.000 1396660
2403.000 1495778
2404.000 1510270
2405.000 1753121
2406.000 1493879
2407.000 1752795
2408.000 1483751
2409.000 1854184
2410.000 1828953
2411.000 1449639
2412.000 1205890
2413.000 1656913
2414.000 1301270
2415.000 1655954
2416.000 1082724
2417.000 1781937
2418.000 1379525
2419.000 1512740
2420.000 1539404
2421.000 1552261
2422.000 1519896
2423.000 1487470
2424.000 1493073
2425.000 1688519
2426.000 1574675
2427.000 1076963
2428.000 1425276
2429.000 1243750
2430.000 1462176
2431.000 1636534
2432.000 1062546
2433.000 1196963
2434.000 1111930
2435.000 1198999
2436.000 1331492
2437.000 1619966
2438.000 1678090
2439.000 1449253
2440.000 1420179
2441.000 1555408
2442.000 1602626
2443.000 1770867
2444.000 1681933
2445.000 1730234
2446.000 1650138
2447.000 1284868
2448.000 1740418
2449.000 1683186
2450.000 1619059
2451.000 1649635
2452.000 1388544
2453.000 1383356
2454.000 1583076
2455.000 1764179
2456.000 1821258
2457.000 1518965
2458.000 1237160
2459.000 1657364
2460.000 1741444
2461.000 1844312
2462.000 1731033
2463.000 1120227
2464.000 1114031
2465.000 1604637
2466.000 1826620
2467.000 1503730
2468.000 1632892
2469.000 1160392
2470.000 1280147
2471.000 1514229
2472.000 1810538
2473.000 1728387
2474.000 1177385
2475.000 1183362
2476.000 1355299
2477.000 1639735
2478.000 1545396
2479.000 1579695
2480.000 1875565
2481.000 1622049
2482.000 1398444
2483.000 1698342
2484.000 1652861
2485.000 1736094
2486.000 1687785
2487.000 1731108
2488.000 1790023
2489.000 1530675
2490.000 1481691
2491.000 1426874
2492.000 1432095
2493.000 1412505
2494.000 1588161
2495.000 1496601
2496.000 1690805
2497.000 1379197
2498.000 1808539
2499.000 1708762
2500.000 1861871
2501.000 1856673
2502.000 1615096
2503.000 1246899
2504.000 1557884
2505.000 1561285
2506.000 1610054
2507.000 1284985
2508.000 1246897
2509.000 1331533
2510.000 1676923
2511.000 1646901
2512.000 1497776
2513.000 1790550
2514.000 1658442
2515.000 1809951
2516.000 1827032
2517.000 1867832
2518.000 1220390
2519.000 1214531
2520.000 1356251
2521.000 1856743
2522.000 1216046
2523.000 1080585
2524.000 1150291
2525.000 1451535
2526.000 1474669
2527.000 1124423
2528.000 1456856
2529.000 1545181
2530.000 1436761
2531.000 1356725
2532.000 1514030
2533.000 1538748
2534.000 1335974
2535.000 1443027
2536.000 1387537
2537.000 1396498
2538.000 1116930
2539.000 1513080
2540.000 1618338
2541.000 1416315
2542.000 1393418
2543.000 1439683
2544.000 1496005
2545.000 1188299
2546.000 1457226
2547.000 1581318
2548.000 1573403
2549.000 1421859
2550.000 1286571
2551.000 1567604
2552.000 1522547
2553.000 1467484
2554.000 1398684
2555.000 1568038
2556.000 1501561
2557.000 1610077
2558.000 1584592
2559.000 1573496
2560.000 1623912
2561.000 1252267
2562.000 1342101
2563.000 1516007
2564.000 1670142
2565.000 1629991
2566.000 1715487
2567.000 1495178
2568.000 1624631
2569.000 1532298
2570.000 1530604
2571.000 1820191
2572.000 1700828
2573.000 1344480
2574.000 1670524
2575.000 1575968
2576.000 1834311
2577.000 1282586
2578.000 1213543
2579.000 1591888
2580.000 1500758
2581.000 1428278
2582.000 1246788
2583.000 1589582
2584.000 1367896
2585.000 1737222
2586.000 1344558
2587.000 1627670
2588.000 1701467
2589.000 1795389
2590.000 1763389
2591.000 1265575
2592.000 1606790
2593.000 1679481
2594.000 1722086
2595.000 1323225
2596.000 1288098
2597.000 1744402
2598.000 1616703
2599.000 1356328
2600.000 1251059
2601.000 1600141
2602.000 1713248
2603.000 1705986
2604.000 1239302
2605.000 1623347
2606.000 1560157
2607.000 1471714
2608.000 1429130
2609.000 1501382
2610.000 1821277
2611.000 1655938
2612.000 1406544
2613.000 1679042
2614.000 1506193
2615.000 1439625
2616.000 1550786
2617.000 1512469
2618.000 1520129
2619.000 1495153
2620.000 1439139
2621.000 1022172
2622.000 1631484
2623.000 1676991
2624.000 1651504
2625.000 1223181
2626.000 1509629
2627.000 1575864
2628.000 1279538
2629.000 1681425
2630.000 1308100
2631.000 1518923
2632.000 1625675
2633.000 1554509
2634.000 1503941
2635.000 1818595
2636.000 1795165
2637.000 1434528
2638.000 1539866
2639.000 1785846
2640.000 1847832
2641.000 1826972
2642.000 1567140
2643.000 1725284
2644.000 1563952
2645.000 1215437
2646.000 1337984
2647.000 1767354
2648.000 1702357
2649.000 1705444
2650.000 1777989
2651.000 1573562
2652.000 1449947
2653.000 1661697
2654.000 1728522
2655.000 1621322
2656.000 1560111
2657.000 1386321
2658.000 1590122
2659.000 1624182
2660.000 1578249
2661.000 1397378
2662.000 1455250
2663.000 1216438
2664.000 1699753
2665.000 1835832
2666.000 1511152
2667.000 1451929
2668.000 1619032
2669.000 1731889
2670.000 1699641
2671.000 1468916
2672.000 1615427
2673.000 1672425
2674.000 1610292
2675.000 1710551
2676.000 1616239
2677.000 1394559
2678.000 1576473
2679.000 1622588
2680.000 1582642
2681.000 1420855
2682.000 1630955
2683.000 1745379
2684.000 1221372
2685.000 1492864
2686.000 1732138
2687.000 1700374
2688.000 1610301
2689.000 1241485
2690.000 1735382
2691.000 1312408
2692.000 1682826
2693.000 1479819
2694.000 1751575
2695.000 1466196
2696.000 1479250
2697.000 1690235
2698.000 1593477
2699.000 1672144
2700.000 1455708
2701.000 1786690
2702.000 1724212
2703.000 1690989
2704.000 1587780
2705.000 1739501
2706.000 1864011
2707.000 1581163
2708.000 1593660
2709.000 1520895
2710.000 1619578
2711.000 1726503
2712.000 1834636
2713.000 1524102
2714.000 1772203
2715.000 1771794
2716.000 1908038
2717.000 1872721
2718.000 1762353
2719.000 1699831
2720.000 1615803
2721.000 1259027
2722.000 837163
2723.000 1788118
2724.000 1729584
2725.000 1730375
2726.000 1831356
2727.000 1870151
2728.000 1743802
2729.000 1724423
2730.000 1785479
2731.000 1618668
2732.000 1596413
2733.000 1435039
2734.000 1612871
2735.000 1609564
2736.000 1368991
2737.000 1229180
2738.000 1696457
2739.000 1863099
2740.000 1672487
2741.000 1492458
2742.000 1292145
2743.000 1652121
2744.000 1788236
2745.000 1753109
2746.000 1654239
2747.000 1732020
2748.000 1586788
2749.000 1637132
2750.000 1270332
2751.000 1670426
2752.000 1866509
2753.000 1729595
2754.000 1401229
2755.000 1594886
2756.000 1737037
2757.000 1650476
2758.000 1479134
2759.000 1193787
2760.000 1337740
2761.000 1418007
2762.000 1159258
2763.000 1614886
2764.000 1749690
2765.000 1850411
2766.000 1673487
2767.000 1627725
2768.000 1731945
2769.000 1684233
2770.000 1678098
2771.000 1766282
2772.000 1785020
2773.000 1696917
2774.000 1142043
2775.000 1307958
2776.000 1479881
2777.000 1790578
2778.000 1341609
2779.000 1563708
2780.000 1555557
2781.000 1597674
2782.000 1204330
2783.000 1416758
2784.000 1477311
2785.000 1665701
2786.000 1780676
2787.000 1821163
2788.000 1757187
2789.000 1876759
2790.000 1843570
2791.000 1864061
2792.000 1739252
2793.000 1715134
2794.000 1382430
2795.000 1463491
2796.000 1770447
2797.000 1644861
2798.000 1546905
2799.000 1344565
2800.000 1514219
2801.000 1637403
2802.000 1258784
2803.000 1426122
2804.000 1542841
2805.000 1855350
2806.000 1510368
2807.000 1163695
2808.000 1667588
2809.000 1571556
2810.000 1666108
2811.000 1359230
2812.000 1207463
2813.000 1452510
2814.000 1651916
2815.000 1673706
2816.000 1725661
2817.000 1603010
2818.000 1352029
2819.000 1686646
2820.000 1450911
2821.000 1089231
2822.000 1098284
2823.000 1370486
2824.000 1591009
2825.000 1753147
2826.000 1186415
2827.000 1806465
2828.000 1774046
2829.000 1608970
2830.000 1873171
2831.000 1813267
2832.000 1785740
2833.000 1711745
2834.000 1875562
2835.000 1888921
2836.000 1881027
2837.000 1873971
2838.000 1395989
2839.000 1430219
2840.000 1622907
2841.000 1390359
2842.000 1647269
2843.000 1675175
2844.000 1835423
2845.000 1891956
2846.000 1718352
2847.000 1440464
2848.000 1019465
2849.000 1465131
2850.000 1843724
2851.000 1595370
2852.000 1552400
2853.000 1601501
2854.000 1456629
2855.000 1020851
2856.000 1009260
2857.000 1683209
2858.000 1820897
2859.000 1624175
2860.000 1618712
2861.000 1840873
2862.000 1796912
2863.000 1658229
2864.000 1801975
2865.000 1549483
2866.000 1574198
2867.000 1832992
2868.000 1363663
2869.000 1246075
2870.000 1545422
2871.000 1776392
2872.000 1731057
2873.000 1378331
2874.000 1469081
2875.000 1686475
2876.000 1497274
2877.000 1849917
2878.000 1264031
2879.000 1621285
2880.000 1558704
2881.000 1485016
2882.000 1592996
2883.000 1505436
2884.000 1542087
2885.000 1844703
2886.000 1814711
2887.000 1378153
2888.000 1250819
2889.000 1624723
2890.000 1658280
2891.000 1773258
2892.000 1768369
2893.000 1806737
2894.000 1484837
2895.000 1502290
2896.000 1512634
2897.000 1832366
2898.000 1845341
2899.000 1613676
2900.000 1593089
2901.000 1127577
2902.000 1751655
2903.000 1633477
2904.000 1410778
2905.000 1452284
2906.000 1710567
2907.000 1767347
2908.000 1589611
2909.000 1734370
2910.000 1845808
2911.000 1862841
2912.000 1883477
2913.000 1834131
2914.000 1824802
2915.000 1859682
2916.000 1718091
2917.000 1447280
2918.000 1240636
2919.000 1581435
2920.000 1680917
2921.000 1822602
2922.000 1618058
2923.000 1477341
2924.000 1876752
2925.000 1782451
2926.000 1383543
2927.000 1538621
2928.000 1771509
2929.000 1037454
2930.000 1370755
2931.000 1683127
2932.000 1708221
2933.000 1521266
2934.000 1473477
2935.000 1612375
2936.000 1862403
2937.000 1737995
2938.000 1544583
2939.000 1692741
2940.000 1817725
2941.000 1648802
2942.000 1551490
2943.000 1272945
2944.000 933776
2945.000 1265501
2946.000 1470627
2947.000 920945
2948.000 1249373
2949.000 1358113
2950.000 1119124
2951.000 1398412
2952.000 1317359
2953.000 1620306
2954.000 1753212
2955.000 1788491
2956.000 1750076
2957.000 1696033
2958.000 1770233
2959.000 1670178
2960.000 1168721
2961.000 174383
2962.000 824183
2963.000 1213760
2964.000 1168443
2965.000 1444164
2966.000 794266
2967.000 1095565
2968.000 1640246
2969.000 1031579
2970.000 958382
2971.000 1635892
2972.000 1522784
2973.000 1329611
2974.000 937691
2975.000 1156924
2976.000 1435405
2977.000 1796819
2978.000 1777331
2979.000 1818736
2980.000 1807693
2981.000 1820196
2982.000 1806545
2983.000 1786659
2984.000 1746146
2985.000 1823038
2986.000 1730636
2987.000 1807227
2988.000 1819679
2989.000 1800157
2990.000 1824242
2991.000 1827488
2992.000 1826011
2993.000 1817919
2994.000 1781155
2995.000 772367
2996.000 1866575
2997.000 1335284
2998.000 1348648
2999.000 1605006
3000.000 1496009
3001.000 1111831
3002.000 1856817
3003.000 994616
3004.000 362572
3005.000 980828
3006.000 838501
3007.000 962856
3008.000 1642234
3009.000 1154291
3010.000 1145658
3011.000 1863246
3012.000 1786097
3013.000 1341646
3014.000 1327003
3015.000 864342
3016.000 845711
3017.000 1807604
3018.000 1332882
3019.000 1388118
3020.000 1332188
3021.000 1575478
3022.000 1649105
3023.000 1335247
3024.000 1476088
3025.000 1760596
3026.000 1785846
3027.000 1882868
3028.000 1685935
3029.000 1581934
3030.000 1563492
3031.000 1603943
3032.000 1834364
3033.000 1832026
3034.000 1505354
3035.000 1320947
3036.000 1779101
3037.000 1868457
3038.000 1849396
3039.000 1530449
3040.000 1226215
3041.000 1301970
3042.000 1749634
3043.000 1432072
3044.000 1708630
3045.000 1846255
3046.000 1526373
3047.000 1556853
3048.000 1669587
3049.000 1516697
3050.000 1881510
3051.000 1759625
3052.000 1730847
3053.000 1646064
3054.000 1818193
3055.000 1497745
3056.000 1230204
3057.000 1514578
3058.000 1669120
3059.000 1447102
3060.000 1660107
3061.000 1612936
3062.000 1279843
3063.000 1245281
3064.000 1402356
3065.000 1738765
3066.000 1313744
3067.000 1644246
3068.000 1558824
3069.000 1223016
3070.000 1542777
3071.000 989175
3072.000 1534178
3073.000 1653991
3074.000 1793199
3075.000 1301646
3076.000 1806433
3077.000 1804304
3078.000 1591259
3079.000 1107808
3080.000 1358999
3081.000 1593698
3082.000 1601611
3083.000 1596860
3084.000 1610113
3085.000 1595624
3086.000 1453390
3087.000 1882186
3088.000 1570144
3089.000 1614586
3090.000 1262406
3091.000 1457690
3092.000 1437968
3093.000 1362105
3094.000 1179380
3095.000 1494738
3096.000 1620100
3097.000 1723737
3098.000 1546019
3099.000 1473331
3100.000 1623210
3101.000 1834531
3102.000 1545213
3103.000 1541443
3104.000 1551106
3105.000 1466709
3106.000 1610492
3107.000 1710669
3108.000 1803525
3109.000 1820550
3110.000 1786375
3111.000 1733016
3112.000 1749896
3113.000 1648379
3114.000 1200687
3115.000 1766618
3116.000 1689672
3117.000 1148197
3118.000 1400046
3119.000 1334045
3120.000 1620865
3121.000 1845702
3122.000 1756187
3123.000 1362190
3124.000 1443942
3125.000 1646652
3126.000 1717650
3127.000 1015749
3128.000 1818897
3129.000 1662466
3130.000 1405497
3131.000 1447276
3132.000 1766541
3133.000 1811567
3134.000 1709442
3135.000 1539620
3136.000 1688830
3137.000 1297130
3138.000 1742243
3139.000 1244980
3140.000 1706715
3141.000 1700840
3142.000 1504737
3143.000 1651649
3144.000 1588605
3145.000 1598298
3146.000 1531504
3147.000 1721742
3148.000 1628669
3149.000 1535021
3150.000 1720793
3151.000 1520328
3152.000 1733838
3153.000 1726156
3154.000 1706308
3155.000 1443168
3156.000 1754248
3157.000 1860015
3158.000 1629483
3159.000 1302921
3160.000 1587984
3161.000 1474039
3162.000 1404656
3163.000 1573934
3164.000 1870757
3165.000 1774060
3166.000 1365267
3167.000 1651178
3168.000 1855505
3169.000 1223177
3170.000 1417467
3171.000 1640638
3172.000 1631167
3173.000 1697026
3174.000 1439247
3175.000 1167061
3176.000 1262208
3177.000 1566920
3178.000 1545512
3179.000 1802369
3180.000 1755252
3181.000 1624946
3182.000 1620151
3183.000 1447478
3184.000 1261032
3185.000 1721484
3186.000 1635100
3187.000 1570979
3188.000 1476510
3189.000 1629866
3190.000 1513872
3191.000 1679268
3192.000 1891529
3193.000 1190516
3194.000 1292718
3195.000 1507676
3196.000 1405083
3197.000 1415671
3198.000 1816762
3199.000 1012812
3200.000 1276412
3201.000 1333080
3202.000 1420232
3203.000 1407205
3204.000 1428750
3205.000 1458195
3206.000 1567099
3207.000 1407401
3208.000 1600051
3209.000 1641885
3210.000 1366864
3211.000 1525918
3212.000 1098348
3213.000 1367285
3214.000 1712914
3215.000 1565355
3216.000 1455283
3217.000 1492360
3218.000 1463945
3219.000 1626061
3220.000 1742441
3221.000 1585437
3222.000 1437339
3223.000 1449134
3224.000 1238252
3225.000 1270433
3226.000 1471112
3227.000 1218874
3228.000 1309112
3229.000 1532191
3230.000 1481851
3231.000 1233744
3232.000 1784011
3233.000 1704793
3234.000 1789571
3235.000 1558620
3236.000 1491691
3237.000 994934
3238.000 1104175
3239.000 1307152
3240.000 1166629
3241.000 1285206
3242.000 1181169
3243.000 1350560
3244.000 1743135
3245.000 1748103
3246.000 1563494
3247.000 1590158
3248.000 1835632
3249.000 1525468
3250.000 1610952
3251.000 1548719
3252.000 1629706
3253.000 1530563
3254.000 1654359
3255.000 1612588
3256.000 1538124
3257.000 1615762
3258.000 1463105
3259.000 1856294
3260.000 1775469
3261.000 1297867
3262.000 1626971
3263.000 1432501
3264.000 1817028
3265.000 1854042
3266.000 1829306
3267.000 1806127
3268.000 1835972
3269.000 1763072
3270.000 1768804
3271.000 1256768
3272.000 1630626
3273.000 1667973
3274.000 1699781
3275.000 1869969
3276.000 1868817
3277.000 1767960
3278.000 1208766
3279.000 1408131
3280.000 1624832
3281.000 1657594
3282.000 1340398
3283.000 1795676
3284.000 1099489
3285.000 1361543
3286.000 1822206
3287.000 1624095
3288.000 1462732
3289.000 1575246
3290.000 1597096
3291.000 1793892
3292.000 1597958
3293.000 1586015
3294.000 1744772
3295.000 1733888
3296.000 1703220
3297.000 1854868
3298.000 1846275
3299.000 1763713
3300.000 1358099
3301.000 1286303
3302.000 1640458
3303.000 1745662
3304.000 1709011
3305.000 1495948
3306.000 1104289
3307.000 1427916
3308.000 1619516
3309.000 1646478
3310.000 1387794
3311.000 1198681
3312.000 1761415
3313.000 1606640
3314.000 1709889
3315.000 1629231
3316.000 1715949
3317.000 1610276
3318.000 1455569
3319.000 1253846
3320.000 1509966
3321.000 1790663
3322.000 1738079
3323.000 1713360
3324.000 1756900
3325.000 1684505
3326.000 1753146
3327.000 1599770
3328.000 1634973
3329.000 1706993
3330.000 1594569
3331.000 1752608
3332.000 1448753
3333.000 1409117
3334.000 1637882
3335.000 1664707
3336.000 1641880
3337.000 1191046
3338.000 1588451
3339.000 1653000
3340.000 1822727
3341.000 1644143
3342.000 1368678
3343.000 1568077
3344.000 1606399
3345.000 1783641
3346.000 1710029
3347.000 1504165
3348.000 1311722
3349.000 1844068
3350.000 1806624
3351.000 1520071
3352.000 1581322
3353.000 1697682
3354.000 1684641
3355.000 1107269
3356.000 1575567
3357.000 1608004
3358.000 1852874
3359.000 1749456
3360.000 1547050
3361.000 1525194
3362.000 1695866
3363.000 1666324
3364.000 1751650
3365.000 1841254
3366.000 1547318
3367.000 1183350
3368.000 1574591
3369.000 1654506
3370.000 1527192
3371.000 1882752
3372.000 1621816
3373.000 1492591
3374.000 1770352
3375.000 1570446
3376.000 1525488
3377.000 1564034
3378.000 1818963
3379.000 1864827
3380.000 1792898
3381.000 1744804
3382.000 1687204
3383.000 1476842
3384.000 1246490
3385.000 1202381
3386.000 1412819
3387.000 1827165
3388.000 1721910
3389.000 1864088
3390.000 1763643
3391.000 1783915
3392.000 1667011
3393.000 1475436
3394.000 1747682
3395.000 1667481
3396.000 1472232
3397.000 1836771
3398.000 1755691
3399.000 1779190
3400.000 1461175
3401.000 1303549
3402.000 1689544
3403.000 1528290
3404.000 1459755
3405.000 1761189
3406.000 1601662
3407.000 1048060
3408.000 1687726
3409.000 1571934
3410.000 1535765
3411.000 1369791
3412.000 1453418
3413.000 1222909
3414.000 1250390
3415.000 1323854
3416.000 1150063
3417.000 1758537
3418.000 1650954
3419.000 1604420
3420.000 1606035
3421.000 1513148
3422.000 1722658
3423.000 1648060
3424.000 1276177
3425.000 1537788
3426.000 1735375
3427.000 1586310
3428.000 1581741
3429.000 1811092
3430.000 1721972
3431.000 1749446
3432.000 1827467
3433.000 1574741
3434.000 1791448
3435.000 1438567
3436.000 1074489
3437.000 1490220
3438.000 1601133
3439.000 1041384
3440.000 1552139
3441.000 1636134
3442.000 1608215
3443.000 1674247
3444.000 1756890
3445.000 1263321
3446.000 1822399
3447.000 1225747
3448.000 1528339
3449.000 1283031
3450.000 1644809
3451.000 1660129
3452.000 1616275
3453.000 1556537
3454.000 1463383
3455.000 1144455
3456.000 1746087
3457.000 1504374
3458.000 1485737
3459.000 1438920
3460.000 1643743
3461.000 1541871
3462.000 1370338
3463.000 1402242
3464.000 1247117
3465.000 1211428
3466.000 1220267
3467.000 1338423
3468.000 1558135
3469.000 1502009
3470.000 1617146
3471.000 1748521
3472.000 1667919
3473.000 1757240
3474.000 1723424
3475.000 1399122
3476.000 1459630
3477.000 1376496
3478.000 1398181
3479.000 1350700
3480.000 1395496
3481.000 1322259
3482.000 1501368
3483.000 1481204
3484.000 1421649
3485.000 1501887
3486.000 1317822
3487.000 1474455
3488.000 1264368
3489.000 1173711
3490.000 1789248
3491.000 1277636
3492.000 1498519
3493.000 1578558
3494.000 1630980
3495.000 1721942
3496.000 1775269
3497.000 1679039
3498.000 1761154
3499.000 1356484
3500.000 1609052
3501.000 1829252
3502.000 1518882
3503.000 1721123
3504.000 1476319
3505.000 1621099
3506.000 1680806
3507.000 1320283
3508.000 1664889
3509.000 1201017
3510.000 1355720
3511.000 1653943
3512.000 1701955
3513.000 1782363
3514.000 1755684
3515.000 931845
3516.000 1039455
3517.000 1691011
3518.000 968883
3519.000 1186626
3520.000 1691247
3521.000 1727145
3522.000 1628956
3523.000 1176535
3524.000 1499971
3525.000 1528530
3526.000 1509659
3527.000 1381510
3528.000 1717386
3529.000 1640849
3530.000 1799914
3531.000 1827923
3532.000 1855598
3533.000 1829459
3534.000 1616702
3535.000 1774365
3536.000 1706115
3537.000 1804801
3538.000 1552635
3539.000 1256184
3540.000 1303817
3541.000 1491287
3542.000 1404081
3543.000 1813790
3544.000 1809651
3545.000 1799265
3546.000 1797812
3547.000 1713785
3548.000 1579010
3549.000 1024759
3550.000 1477472
3551.000 1571562
3552.000 1626856
3553.000 1395595
3554.000 1309042
3555.000 1795450
3556.000 1762532
3557.000 1611962
3558.000 1636438
3559.000 1727230
3560.000 1347705
3561.000 1390307
3562.000 1544142
3563.000 1809305
3564.000 1806692
3565.000 1119881
3566.000 1360208
3567.000 1495673
3568.000 1472499
3569.000 1463444
3570.000 1551777
3571.000 1706167
3572.000 1740083
3573.000 1600502
3574.000 1124540
3575.000 1475937
3576.000 1689130
3577.000 1764553
3578.000 1750464
3579.000 1287865
3580.000 1200952
3581.000 1658995
3582.000 1689509
3583.000 1485668
3584.000 1807675
3585.000 1345542
3586.000 1696401
3587.000 1698331
3588.000 1146294
3589.000 1317212
3590.000 1477453
3591.000 1571583
3592.000 1426518
3593.000 1603081
3594.000 1512760
3595.000 1770186
3596.000 1601295
3597.000 1622279
3598.000 1368807
3599.000 1079204
3600.000 1848240
3601.000 1275716
3602.000 1813787
3603.000 1866233
3604.000 1550072
3605.000 1693895
3606.000 1738073
3607.000 1588149
3608.000 1331247
3609.000 1530335
3610.000 1143885
3611.000 1860742
3612.000 1392356
3613.000 1626053
3614.000 1697642
3615.000 1477866
3616.000 1664479
3617.000 1532585
3618.000 1784440
3619.000 1591053
3620.000 1507923
3621.000 1415162
3622.000 1512996
3623.000 1149130
3624.000 1656575
3625.000 1468176
3626.000 1190511
3627.000 1255880
3628.000 1578412
3629.000 993949
3630.000 1099122
3631.000 1257887
3632.000 1260184
3633.000 1640702
3634.000 1447848
3635.000 1645012
3636.000 1491904
3637.000 1595776
3638.000 1574534
3639.000 1556284
3640.000 1587258
3641.000 1408270
3642.000 1338753
3643.000 1217042
3644.000 1699032
3645.000 1126057
3646.000 1423053
3647.000 1754303
3648.000 1702694
3649.000 1820008
3650.000 1363351
3651.000 1673873
3652.000 1603556
3653.000 1587724
3654.000 1765079
3655.000 1604325
3656.000 1130087
3657.000 1767026
3658.000 1547743
3659.000 1742716
3660.000 1758721
3661.000 1434323
3662.000 1406151
3663.000 1454520
3664.000 1277193
3665.000 1149299
3666.000 1320395
3667.000 1180142
3668.000 1356440
3669.000 1258392
3670.000 1596080
3671.000 1684717
3672.000 1786469
3673.000 1231416
3674.000 1580696
3675.000 1131293
3676.000 1271980
3677.000 1376193
3678.000 1380611
3679.000 1758008
3680.000 1747810
3681.000 1851698
3682.000 1833248
3683.000 1722717
3684.000 1676311
3685.000 1314025
3686.000 1710093
3687.000 1859933
3688.000 1573915
3689.000 1320140
3690.000 1768781
3691.000 1411378
3692.000 1266676
3693.000 1559417
3694.000 1704858
3695.000 1704787
3696.000 1583461
3697.000 1424070
3698.000 1559179
3699.000 1537963
3700.000 1584811
3701.000 1733069
3702.000 1592788
3703.000 1696132
3704.000 1847181
3705.000 1664084
3706.000 1628533
3707.000 1579256
3708.000 1551462
3709.000 1584362
3710.000 1809268
3711.000 1872456
3712.000 1741192
3713.000 1711609
3714.000 1647566
3715.000 1490964
3716.000 1561978
3717.000 1731061
3718.000 1742629
3719.000 1532115
3720.000 1724141
3721.000 1735323
3722.000 1524300
3723.000 1514257
3724.000 1646137
3725.000 1416545
3726.000 1583461
3727.000 1587492
3728.000 1665000
3729.000 1678441
3730.000 1642232
3731.000 1686615
3732.000 1607292
3733.000 1567173
3734.000 1448671
3735.000 1631604
3736.000 1550683
3737.000 1477407
3738.000 1366207
3739.000 1582866
3740.000 1688332
3741.000 1559997
3742.000 1687054
3743.000 1852359
3744.000 1816820
3745.000 1726240
3746.000 1435711
3747.000 1625287
3748.000 1692451
3749.000 1593609
3750.000 1760283
3751.000 1804310
3752.000 1423172
3753.000 1229489
3754.000 1708329
3755.000 1195388
3756.000 1331686
3757.000 1434273
3758.000 1434567
3759.000 1706161
3760.000 1570395
3761.000 1358992
3762.000 1554714
3763.000 1676544
3764.000 1256116
3765.000 1465227
3766.000 1625633
3767.000 1714453
3768.000 1664718
3769.000 1708033
3770.000 1821569
3771.000 1391910
3772.000 977756
3773.000 1379918
3774.000 1820456
3775.000 1587968
3776.000 1397729
3777.000 1278225
3778.000 1354589
3779.000 1533583
3780.000 1524898
3781.000 1848754
3782.000 1773684
3783.000 1331125
3784.000 1674470
3785.000 1841564
3786.000 1745745
3787.000 1568209
3788.000 1530514
3789.000 1681765
3790.000 1589871
3791.000 1746176
3792.000 1882131
3793.000 1698375
3794.000 1839667
3795.000 1777025
3796.000 1791848
3797.000 1650931
3798.000 1694247
3799.000 1578715
3800.000 1380471
3801.000 966137
3802.000 1350219
3803.000 1390425
3804.000 868565
3805.000 1238257
3806.000 1375310
3807.000 1376390
3808.000 1362468
3809.000 1530373
3810.000 1652797
3811.000 1585871
3812.000 1200405
3813.000 1218874
3814.000 1040476
3815.000 1535146
3816.000 1244599
3817.000 817551
3818.000 220427
3819.000 725007
3820.000 1241495
3821.000 1433918
3822.000 1222694
3823.000 1083765
3824.000 918752
3825.000 1582999
3826.000 1120857
3827.000 1535276
3828.000 1380855
3829.000 1167864
3830.000 1806322
3831.000 1178911
3832.000 1403707
3833.000 1576051
3834.000 1150391
3835.000 1723806
3836.000 1331842
3837.000 1165860
3838.000 918147
3839.000 1368958
3840.000 1645775
3841.000 1719823
3842.000 1706251
3843.000 1745197
3844.000 1768450
3845.000 1786925
3846.000 1769413
3847.000 1793069
3848.000 1773664
3849.000 1638935
3850.000 1626157
3851.000 1677276
3852.000 1633761
3853.000 1676079
3854.000 1719895
3855.000 1749733
3856.000 1736544
3857.000 1796898
3858.000 1689377
3859.000 1716736
3860.000 1750840
3861.000 1805059
3862.000 1768273
3863.000 1747756
3864.000 1728343
3865.000 1750975
3866.000 1789383
3867.000 1818248
3868.000 1835830
3869.000 1775285
3870.000 1764736
3871.000 1679311
3872.000 1786422
3873.000 1752857
3874.000 1799269
3875.000 1693036
3876.000 1745778
3877.000 1756976
3878.000 1760850
3879.000 1744615
3880.000 1768987
3881.000 1761068
3882.000 1697440
3883.000 1778562
3884.000 1697302
3885.000 1810774
3886.000 1656109
3887.000 1767288
3888.000 1583978
3889.000 1739746
3890.000 1649628
3891.000 1576855
3892.000 1724181
3893.000 1733364
3894.000 1776938
3895.000 1757258
3896.000 1607398
3897.000 1750991
3898.000 1775230
3899.000 1751922
3900.000 1683963
3901.000 1775144
3902.000 1660122
3903.000 1741691
3904.000 1778557
3905.000 1800328
3906.000 1750543
3907.000 1745666
3908.000 1791213
3909.000 1760001
3910.000 1768653
3911.000 1742472
3912.000 1721458
3913.000 1766299
3914.000 1731136
3915.000 1704631
3916.000 1727637
3917.000 1812703
3918.000 1752981
3919.000 1832437
3920.000 1755397
3921.000 1755982
3922.000 1692032
3923.000 1819615
3924.000 1747622
3925.000 1626076
3926.000 813945
3927.000 1507190
3928.000 1713582
3929.000 1376645
3930.000 1233338
3931.000 1089748
3932.000 1156048
3933.000 1145152
3934.000 1191473
3935.000 1139632
3936.000 1265560
3937.000 1021639
3938.000 1101278
3939.000 1033881
3940.000 1143041
3941.000 1018453
3942.000 1121619
3943.000 1100107
3944.000 1005560
3945.000 1099385
3946.000 1093274
3947.000 1011678
3948.000 1104688
3949.000 988200
3950.000 1114627
3951.000 1117606
3952.000 996327
3953.000 1114978
3954.000 1018081
3955.000 1118786
3956.000 1077093
3957.000 999847
3958.000 1102684
3959.000 983266
3960.000 1119141
3961.000 1091684
3962.000 1015708
3963.000 1119789
3964.000 1093083
3965.000 989084
3966.000 1123351
3967.000 992991
3968.000 1112562
3969.000 1115190
3970.000 979946
3971.000 1107405
3972.000 1095298
3973.000 1009918
3974.000 1125696
3975.000 1035774
3976.000 1075325
3977.000 1096482
3978.000 1016868
3979.000 1102274
3980.000 1110492
3981.000 1010426
3982.000 1111338
3983.000 1079955
3984.000 1015776
3985.000 1071271
3986.000 999233
3987.000 1091994
3988.000 1100479
3989.000 1001776
3990.000 1116905
3991.000 1101284
3992.000 985740
3993.000 1083973
3994.000 1011852
3995.000 1090716
3996.000 1094875
3997.000 997159
3998.000 1121071
3999.000 1077781
4000.000 1031987
4001.000 1109242
4002.000 1000751
4003.000 1117761
4004.000 1087859
4005.000 1011266
4006.000 1130998
4007.000 1044151
4008.000 1053045
4009.000 1093622
4010.000 1001800
4011.000 1101191
4012.000 1097100
4013.000 1018424
4014.000 1089055
4015.000 1070600
4016.000 1047749
4017.000 1109651
4018.000 1000399
4019.000 1094616
4020.000 1095500
4021.000 1013995
4022.000 1115992
4023.000 991595
4024.000 1113541
4025.000 1094402
4026.000 998103
4027.000 1093081
4028.000 1077419
4029.000 1016142
4030.000 1112025
4031.000 1000928
4032.000 1102787
4033.000 1063130
4034.000 1014143
4035.000 1104498
4036.000 1086686
4037.000 1008386
4038.000 1109742
4039.000 986981
4040.000 1103957
4041.000 1092895
4042.000 995075
4043.000 1091178
4044.000 1083706
4045.000 995264
4046.000 1086737
4047.000 1079173
4048.000 997800
4049.000 1089402
4050.000 995317
4051.000 1106863
4052.000 1075183
4053.000 991172
4054.000 1121404
4055.000 1071478
4056.000 999294
4057.000 1120305
4058.000 985631
4059.000 1097195
4060.000 1089324
4061.000 993206
4062.000 1099585
4063.000 1076102
4064.000 996565
4065.000 1104851
4066.000 988873
4067.000 1107348
4068.000 1099186
4069.000 1002392
4070.000 1089034
4071.000 990333
4072.000 1103895
4073.000 1088352
4074.000 997725
4075.000 1111449
4076.000 1079695
4077.000 994019
4078.000 1090763
4079.000 1020713
4080.000 1081050
4081.000 1100233
4082.000 1004764
4083.000 1105773
4084.000 1087357
4085.000 1010450
4086.000 1080060
4087.000 1027740
4088.000 1065269
4089.000 1114926
4090.000 998170
4091.000 1114153
4092.000 1074155
4093.000 1002230
4094.000 1087755
4095.000 988708
4096.000 1104268
4097.000 1107122
4098.000 999693
4099.000 1106483
4100.000 1058574
4101.000 1025481
4102.000 1085159
4103.000 1003307
4104.000 1084430
4105.000 1090322
4106.000 990891
4107.000 1078137
4108.000 1057743
4109.000 1033063
4110.000 1104379
4111.000 987320
4112.000 1086462
4113.000 1071025
4114.000 983221
4115.000 1103976
4116.000 985699
4117.000 1085021
4118.000 1081762
4119.000 982094
4120.000 1089105
4121.000 1066908
4122.000 973391
4123.000 1091117
4124.000 981213
4125.000 1076726
4126.000 1078013
4127.000 982924
4128.000 1098866
4129.000 1053317
4130.000 1046325
4131.000 1095986
4132.000 973492
4133.000 1078858
4134.000 1076948
4135.000 977504
4136.000 1094795
4137.000 967987
4138.000 1079666
4139.000 1064938
4140.000 972311
4141.000 1079021
4142.000 1105538
4143.000 981054
4144.000 1048268
4145.000 1061690
4146.000 981148
4147.000 1078361
4148.000 962040
4149.000 1064782
4150.000 1068126
4151.000 984866
4152.000 1091332
4153.000 1082122
4154.000 966204
4155.000 1076914
4156.000 961834
4157.000 1080965
4158.000 1058852
4159.000 972086
4160.000 1063053
4161.000 1070888
4162.000 981668
4163.000 1091580
4164.000 963548
4165.000 1061338
4166.000 1067746
4167.000 953170
4168.000 1065625
4169.000 1067042
4170.000 975551
4171.000 1066468
4172.000 957403
4173.000 1083217
4174.000 1058688
4175.000 953454
4176.000 1054799
4177.000 1028667
4178.000 994222
4179.000 1065998
4180.000 958401
4181.000 1055570
4182.000 1064958
4183.000 981335
4184.000 1076259
4185.000 1004068
4186.000 998946
4187.000 1070548
4188.000 962801
4189.000 1077924
4190.000 1074837
4191.000 958017
4192.000 1073889
4193.000 971406
4194.000 1065354
4195.000 1080660
4196.000 964453
4197.000 1086639
4198.000 1026215
4199.000 1022573
4200.000 1066442
4201.000 947836
4202.000 1054181
4203.000 1082378
4204.000 962735
4205.000 1087915
4206.000 1069843
4207.000 967048
4208.000 1106672
4209.000 965276
4210.000 1064777
4211.000 1059716
4212.000 961255
4213.000 1065779
4214.000 993981
4215.000 1030130
4216.000 1082034
4217.000 946207
4218.000 1068428
4219.000 1057773
4220.000 970908
4221.000 1088610
4222.000 983613
4223.000 1065367
4224.000 1053237
4225.000 961642
4226.000 1061584
4227.000 1063979
4228.000 968230
4229.000 1089114
4230.000 956285
4231.000 1095886
4232.000 1051913
4233.000 969528
4234.000 1063175
4235.000 1018365
4236.000 1009570
4237.000 1095889
4238.000 946145
4239.000 1065374
4240.000 1083547
4241.000 973874
4242.000 1083396
4243.000 945711
4244.000 1079875
4245.000 1079674
4246.000 956302
4247.000 1096567
4248.000 1057825
4249.000 966339
4250.000 1099454
4251.000 969502
4252.000 1087475
4253.000 1066835
4254.000 979754
4255.000 1061856
4256.000 1049575
4257.000 990775
4258.000 1083706
4259.000 976821
4260.000 1057452
4261.000 1090293
4262.000 965214
4263.000 1079508
4264.000 1063713
4265.000 958795
4266.000 1079472
4267.000 992335
4268.000 1066502
4269.000 1098497
4270.000 971013
4271.000 1071344
4272.000 1064826
4273.000 960005
4274.000 1082037
4275.000 968872
4276.000 1067675
4277.000 1086579
4278.000 973613
4279.000 1057333
4280.000 1044589
4281.000 982345
4282.000 1109458
4283.000 1023910
4284.000 1014038
4285.000 1046740
4286.000 981999
4287.000 1076345
4288.000 1082969
4289.000 974166
4290.000 1098491
4291.000 970461
4292.000 1085671
4293.000 1072977
4294.000 998810
4295.000 1080702
4296.000 1068516
4297.000 974836
4298.000 1077875
4299.000 1053686
4300.000 1027376
4301.000 1093738
4302.000 971741
4303.000 1096354
4304.000 1068008
4305.000 992702
4306.000 1100990
4307.000 1004068
4308.000 1043490
4309.000 1090949
4310.000 973270
4311.000 1066430
4312.000 1085356
4313.000 976666
4314.000 1071635
4315.000 989854
4316.000 1058567
4317.000 1068613
4318.000 968858
4319.000 1100324
4320.000 1072948
4321.000 983433
4322.000 1074665
4323.000 1039512
4324.000 1021344
4325.000 1094134
4326.000 983955
4327.000 1083347
4328.000 1078781
4329.000 990523
4330.000 1091304
4331.000 1016030
4332.000 1092963
4333.000 1083781
4334.000 988400
4335.000 1075465
4336.000 1099586
4337.000 1006401
4338.000 1083591
4339.000 993399
4340.000 1120248
4341.000 1075023
4342.000 984013
4343.000 1083882
4344.000 1027881
4345.000 1008608
4346.000 1107172
4347.000 987555
4348.000 1086924
4349.000 1079981
4350.000 982093
4351.000 1080568
4352.000 1073235
4353.000 995349
4354.000 1069316
4355.000 962352
4356.000 1102796
4357.000 1068637
4358.000 982104
4359.000 1087356
4360.000 1018826
4361.000 1025107
4362.000 1064144
4363.000 972133
4364.000 1081161
4365.000 1080535
4366.000 987108
4367.000 1100874
4368.000 1036378
4369.000 1033569
4370.000 1088863
4371.000 977413
4372.000 1102199
4373.000 1076144
4374.000 1041679
4375.000 1075615
4376.000 991760
4377.000 1090964
4378.000 1090115
4379.000 991825
4380.000 1086717
4381.000 991331
4382.000 1105299
4383.000 1092749
4384.000 989695
4385.000 1087329
4386.000 1092388
4387.000 1004510
4388.000 1112425
4389.000 1038761
4390.000 1057280
4391.000 1115400
4392.000 985790
4393.000 1108092
4394.000 1094812
4395.000 982678
4396.000 1120315
4397.000 1077417
4398.000 967707
4399.000 1139670
4400.000 1014582
4401.000 1082162
4402.000 1106465
4403.000 1004950
4404.000 1117206
4405.000 1007442
4406.000 1101465
4407.000 1097821
4408.000 993173
4409.000 1120262
4410.000 1102075
4411.000 1000221
4412.000 1126332
4413.000 992220
4414.000 1093197
4415.000 1084150
4416.000 977167
4417.000 1108664
4418.000 1081220
4419.000 1005029
4420.000 1101276
4421.000 1016759
4422.000 1091608
4423.000 1068889
4424.000 1002440
4425.000 1095097
4426.000 1107592
4427.000 1007617
4428.000 1074092
4429.000 1005871
4430.000 1109226
4431.000 1108707
4432.000 1012127
4433.000 1093514
4434.000 1050360
4435.000 1057179
4436.000 1102887
4437.000 993290
4438.000 1109680
4439.000 1073716
4440.000 998311
4441.000 1117321
4442.000 1006067
4443.000 1087006
4444.000 1108119
4445.000 1008760
4446.000 1102948
4447.000 1093534
4448.000 1003497
4449.000 1103594
4450.000 1100337
4451.000 1003442
4452.000 1113660
4453.000 1001833
4454.000 1102320
4455.000 1107086
4456.000 1025441
4457.000 1098423
4458.000 1099864
4459.000 1016049
4460.000 1113572
4461.000 1005485
4462.000 1129721
4463.000 1097978
4464.000 1012761
4465.000 1095580
4466.000 1099924
4467.000 312479
