# Slice: eMBB | 112.217.128.200:19148 -> 10.215.173.1:49005 (UDP)
# offset_sec  packet_size_bytes
0.000 241818
1.000 206325
2.000 175809
3.000 202330
4.000 174122
5.000 170177
6.000 168825
7.000 170805
8.000 168505
9.000 176497
10.000 172979
11.000 169633
12.000 180776
13.000 179889
14.000 170651
15.000 176374
16.000 168997
17.000 166064
18.000 171652
19.000 168840
20.000 167728
21.000 167608
22.000 171641
23.000 166014
24.000 168752
25.000 168826
26.000 168949
27.000 171637
28.000 166012
29.000 168826
30.000 166014
31.000 170305
32.000 170494
33.000 171130
34.000 169104
35.000 166282
36.000 172208
37.000 166337
38.000 171664
39.000 169254
40.000 172578
41.000 166051
42.000 169016
43.000 168817
44.000 171627
45.000 169428
46.000 165932
47.000 168808
48.000 168814
49.000 168762
50.000 168762
51.000 168862
52.000 168856
53.000 168838
54.000 168837
55.000 166083
56.000 173127
57.000 196745
58.000 168960
59.000 168735
60.000 168743
61.000 168715
62.000 168752
63.000 168744
64.000 168732
65.000 168730
66.000 165931
67.000 171660
68.000 168734
69.000 168744
70.000 168764
71.000 168729
72.000 168714
73.000 165943
74.000 168724
75.000 168731
76.000 244735
77.000 168660
78.000 168660
79.000 168807
80.000 168513
81.000 168660
82.000 174296
83.000 207401
84.000 168660
85.000 168660
86.000 168660
87.000 169287
88.000 168660
89.000 165849
90.000 171471
91.000 165849
92.000 171471
93.000 168660
94.000 168660
95.000 166751
96.000 172833
97.000 169536
98.000 173325
99.000 170721
100.000 251274
101.000 174333
102.000 190688
103.000 174055
104.000 189147
105.000 209796
106.000 177548
107.000 169852
108.000 174653
109.000 169249
110.000 166733
111.000 171264
112.000 165790
113.000 168600
114.000 168600
115.000 171410
116.000 165790
117.000 168746
118.000 168454
119.000 172683
120.000 170572
121.000 168600
122.000 165790
123.000 168600
124.000 168746
125.000 168488
126.000 168600
127.000 168600
128.000 168746
129.000 168454
130.000 168600
131.000 171410
132.000 165790
133.000 168600
134.000 168600
135.000 168600
136.000 168600
137.000 168600
138.000 168600
139.000 168600
140.000 168600
141.000 168600
142.000 168600
143.000 168600
144.000 168600
145.000 168600
146.000 168600
147.000 168600
148.000 168600
149.000 168600
150.000 168600
151.000 168600
152.000 168600
153.000 168600
154.000 165790
155.000 171410
156.000 168600
157.000 168600
158.000 168600
159.000 168600
160.000 168600
161.000 168600
162.000 168600
163.000 168600
164.000 165790
165.000 168600
166.000 168600
167.000 168600
168.000 168600
169.000 168600
170.000 168600
171.000 168600
172.000 168600
173.000 168600
174.000 168600
175.000 168600
176.000 167268
177.000 169932
178.000 168600
179.000 168600
180.000 168600
181.000 168600
182.000 165790
183.000 171410
184.000 168600
185.000 165790
186.000 168600
187.000 168600
188.000 168600
189.000 168600
190.000 168600
191.000 168746
192.000 168454
193.000 168600
194.000 168600
195.000 168600
196.000 168600
197.000 165936
198.000 171264
199.000 168600
200.000 168600
201.000 168600
202.000 168600
203.000 168600
204.000 167268
205.000 167122
206.000 168600
207.000 168600
208.000 171410
209.000 165790
210.000 168600
211.000 168600
212.000 168600
213.000 168600
214.000 171410
215.000 165790
216.000 168600
217.000 168600
218.000 171410
219.000 165790
220.000 168600
221.000 168600
222.000 168600
223.000 168600
224.000 168600
225.000 168600
226.000 168600
227.000 168600
228.000 168600
229.000 168600
230.000 168600
231.000 168600
232.000 168600
233.000 165790
234.000 171410
235.000 168600
236.000 168600
237.000 168600
238.000 168600
239.000 168600
240.000 165790
241.000 171410
242.000 168600
243.000 167186
244.000 172944
245.000 170025
246.000 168600
247.000 168600
248.000 168600
249.000 168600
250.000 165790
251.000 171410
252.000 168600
253.000 168600
254.000 165790
255.000 171410
256.000 168600
257.000 168600
258.000 168600
259.000 165790
260.000 171410
261.000 168600
262.000 168600
263.000 168600
264.000 168600
265.000 168600
266.000 165790
267.000 168600
268.000 168600
269.000 168600
270.000 168600
271.000 171410
272.000 168600
273.000 165790
274.000 168600
275.000 168600
276.000 168600
277.000 171410
278.000 165936
279.000 168454
280.000 168600
281.000 168600
282.000 168600
283.000 168746
284.000 168454
285.000 168600
286.000 168600
287.000 171410
288.000 165936
289.000 168454
290.000 168600
291.000 168600
292.000 168600
293.000 168600
294.000 168600
295.000 168600
296.000 165790
297.000 171410
298.000 168600
299.000 168600
300.000 168600
301.000 168600
302.000 168600
303.000 168600
304.000 168600
305.000 168600
306.000 168600
307.000 168600
308.000 168600
309.000 165790
310.000 168600
311.000 168600
312.000 168600
313.000 168600
314.000 171410
315.000 174059
316.000 244175
317.000 168960
318.000 205930
319.000 188985
320.000 247184
321.000 175230
322.000 169958
323.000 180214
324.000 175054
325.000 171735
326.000 173645
327.000 195782
328.000 173332
329.000 173876
330.000 193963
331.000 174695
332.000 175203
333.000 169324
334.000 171043
335.000 172979
336.000 193419
337.000 367824
338.000 174782
339.000 217260
340.000 284256
341.000 509834
342.000 342253
343.000 275656
344.000 209672
345.000 229108
346.000 215245
347.000 204249
348.000 189364
349.000 186449
350.000 326572
351.000 273650
352.000 171133
353.000 173221
354.000 202929
355.000 180598
356.000 177105
357.000 168660
358.000 168660
359.000 189544
360.000 169654
361.000 394389
362.000 459783
363.000 495635
364.000 169296
365.000 385041
366.000 290244
367.000 403274
368.000 169334
369.000 168660
370.000 165996
371.000 312419
372.000 166854
373.000 172320
374.000 172320
375.000 359098
376.000 169092
377.000 168660
378.000 168660
379.000 469609
380.000 194524
381.000 181604
382.000 259892
383.000 191741
384.000 302697
385.000 271233
386.000 178587
387.000 293898
388.000 165849
389.000 189148
390.000 175920
391.000 238689
392.000 170044
393.000 170337
394.000 168660
395.000 165849
396.000 171471
397.000 168660
398.000 167604
399.000 170184
400.000 168689
401.000 168660
402.000 168817
403.000 169747
404.000 166925
405.000 168660
406.000 168660
407.000 168660
408.000 168660
409.000 194795
410.000 165849
411.000 168660
412.000 168660
413.000 168660
414.000 168660
415.000 168660
416.000 168660
417.000 168660
418.000 168660
419.000 168660
420.000 168660
421.000 168660
422.000 168660
423.000 168660
424.000 168660
425.000 168660
426.000 168660
427.000 168660
428.000 168660
429.000 168660
430.000 168660
431.000 168660
432.000 165849
433.000 168660
434.000 168660
435.000 168660
436.000 168660
437.000 168660
438.000 168660
439.000 168660
440.000 168660
441.000 165849
442.000 171471
443.000 165849
444.000 168660
445.000 168660
446.000 168660
447.000 168660
448.000 168660
449.000 168660
450.000 168660
451.000 168660
452.000 165996
453.000 171324
454.000 168660
455.000 165849
456.000 171471
457.000 168660
458.000 168660
459.000 168660
460.000 165849
461.000 171471
462.000 165996
463.000 168513
464.000 168660
465.000 168660
466.000 168660
467.000 168660
468.000 168660
469.000 168660
470.000 168660
471.000 168790
472.000 205675
473.000 185555
474.000 168660
475.000 170978
476.000 171915
477.000 168997
478.000 186101
479.000 177194
480.000 168660
481.000 165849
482.000 168660
483.000 168660
484.000 168660
485.000 191162
486.000 168660
487.000 168660
488.000 168660
489.000 168660
490.000 168660
491.000 165849
492.000 171471
493.000 168660
494.000 165849
495.000 168660
496.000 168660
497.000 168807
498.000 168513
499.000 171471
500.000 168660
501.000 168660
502.000 310630
503.000 169210
504.000 169513
505.000 169451
506.000 168692
507.000 169363
508.000 170134
509.000 170371
510.000 504706
511.000 843289
512.000 1001066
513.000 1117762
514.000 1154942
515.000 1209571
516.000 513981
517.000 182064
518.000 181557
519.000 185265
520.000 178492
521.000 182981
522.000 165849
523.000 165996
524.000 168660
525.000 171324
526.000 165996
527.000 171324
528.000 165849
529.000 168660
530.000 171471
531.000 165849
532.000 168660
533.000 167135
534.000 209479
535.000 168660
536.000 165849
537.000 182354
538.000 168660
539.000 185691
540.000 165849
541.000 192138
542.000 165849
543.000 171471
544.000 168660
545.000 190799
546.000 198401
547.000 168660
548.000 635907
549.000 747239
550.000 778367
551.000 886218
552.000 677735
553.000 436295
554.000 384525
555.000 1425593
556.000 1444642
557.000 612431
558.000 553085
559.000 884838
560.000 451668
561.000 491198
562.000 480554
563.000 432409
564.000 454023
565.000 434956
566.000 446236
567.000 475946
568.000 471981
569.000 432445
570.000 435967
571.000 401144
572.000 461648
573.000 485293
574.000 451671
575.000 436110
576.000 427587
577.000 399997
578.000 476458
579.000 502654
580.000 434505
581.000 437759
582.000 430125
583.000 419556
584.000 441507
585.000 493120
586.000 430258
587.000 452304
588.000 622130
589.000 518520
590.000 482554
591.000 510268
592.000 454193
593.000 494727
594.000 524099
595.000 543630
596.000 969447
597.000 1737467
598.000 592389
599.000 361139
600.000 371300
601.000 738743
602.000 1579588
603.000 443691
604.000 504812
605.000 440207
606.000 468544
607.000 587233
608.000 1247268
609.000 536017
610.000 487476
611.000 578509
612.000 999819
613.000 1718204
614.000 1230931
615.000 1400901
616.000 1580620
617.000 1681445
618.000 1218759
619.000 751749
620.000 995145
621.000 1783058
622.000 1694432
623.000 963709
624.000 543143
625.000 559705
626.000 537553
627.000 473288
628.000 1219784
629.000 1396910
630.000 652943
631.000 659060
632.000 731159
633.000 648432
634.000 596195
635.000 806922
636.000 686339
637.000 679079
638.000 735253
639.000 703391
640.000 631700
641.000 713083
642.000 755698
643.000 755762
644.000 684741
645.000 691171
646.000 639150
647.000 691306
648.000 706375
649.000 655291
650.000 654658
651.000 701003
652.000 670192
653.000 693036
654.000 713729
655.000 762571
656.000 708681
657.000 816573
658.000 850465
659.000 908692
660.000 863819
661.000 728032
662.000 684364
663.000 809023
664.000 824326
665.000 779530
666.000 789973
667.000 985522
668.000 688901
669.000 781329
670.000 894175
671.000 783040
672.000 775398
673.000 769564
674.000 1655942
675.000 1797747
676.000 1656489
677.000 925000
678.000 1171309
679.000 1363427
680.000 1411505
681.000 1543953
682.000 1537235
683.000 1605769
684.000 1369645
685.000 1621268
686.000 1629311
687.000 1410130
688.000 1638250
689.000 1689080
690.000 1637157
691.000 1862389
692.000 1626116
693.000 979571
694.000 1088708
695.000 369901
696.000 274864
697.000 803871
698.000 1851406
699.000 1199113
700.000 553582
701.000 651313
702.000 550918
703.000 529509
704.000 593383
705.000 576117
706.000 524752
707.000 620205
708.000 574610
709.000 535884
710.000 580961
711.000 635246
712.000 526169
713.000 617229
714.000 619209
715.000 553481
716.000 613415
717.000 1595532
718.000 1143931
719.000 984310
720.000 1012416
721.000 1467744
722.000 1864910
723.000 1129231
724.000 1061965
725.000 1020953
726.000 565204
727.000 505858
728.000 531130
729.000 526729
730.000 525147
731.000 645549
732.000 1155532
733.000 1219992
734.000 986546
735.000 1009994
736.000 1078967
737.000 947800
738.000 1026893
739.000 1119854
740.000 1018149
741.000 1288104
742.000 1101797
743.000 1014869
744.000 1181474
745.000 1215656
746.000 1089881
747.000 1084532
748.000 1186867
749.000 1227970
750.000 1071132
751.000 1133520
752.000 1157407
753.000 1075233
754.000 1151939
755.000 975190
756.000 1273390
757.000 1048016
758.000 1297180
759.000 1096152
760.000 1160022
761.000 1251435
762.000 1118012
763.000 1245352
764.000 1799685
765.000 1615403
766.000 1243223
767.000 1327359
768.000 1156788
769.000 1039930
770.000 1198955
771.000 1057240
772.000 967191
773.000 1007521
774.000 1427790
775.000 1508521
776.000 971046
777.000 1325446
778.000 1270875
779.000 1197229
780.000 1601883
781.000 681391
782.000 599049
783.000 589321
784.000 578035
785.000 1217638
786.000 831569
787.000 692577
788.000 722921
789.000 748653
790.000 643997
791.000 1343807
792.000 1600314
793.000 1445585
794.000 1567379
795.000 1439009
796.000 660660
797.000 330070
798.000 882603
799.000 1855475
800.000 1494559
801.000 447866
802.000 424869
803.000 728602
804.000 1181683
805.000 369929
806.000 375482
807.000 1592730
808.000 1542966
809.000 505229
810.000 388888
811.000 349219
812.000 420031
813.000 354187
814.000 480332
815.000 1401582
816.000 1103340
817.000 1323990
818.000 1728022
819.000 1783147
820.000 1714926
821.000 1637160
822.000 1259486
823.000 1677152
824.000 1561501
825.000 1518941
826.000 1676541
827.000 1061056
828.000 1306356
829.000 1715942
830.000 898039
831.000 1079892
832.000 950248
833.000 1314715
834.000 1018172
835.000 819770
836.000 1685020
837.000 730690
838.000 650626
839.000 752640
840.000 727472
841.000 623465
842.000 561188
843.000 632314
844.000 494881
845.000 586607
846.000 568588
847.000 564384
848.000 576327
849.000 596085
850.000 564444
851.000 659836
852.000 414920
853.000 347482
854.000 483223
855.000 340705
856.000 493127
857.000 470878
858.000 343324
859.000 307377
860.000 393915
861.000 450534
862.000 310381
863.000 819077
864.000 747313
865.000 752258
866.000 736826
867.000 585634
868.000 703817
869.000 692725
870.000 587378
871.000 519717
872.000 503135
873.000 517889
874.000 518839
875.000 534028
876.000 537835
877.000 501102
878.000 664800
879.000 630793
880.000 620525
881.000 728569
882.000 610452
883.000 555947
884.000 596911
885.000 611649
886.000 694415
887.000 740371
888.000 556630
889.000 656621
890.000 746883
891.000 619635
892.000 630217
893.000 720028
894.000 615987
895.000 623121
896.000 774530
897.000 675338
898.000 628771
899.000 851564
900.000 441000
901.000 793669
902.000 720602
903.000 784653
904.000 1306909
905.000 1818087
906.000 1858031
907.000 1751931
908.000 742429
909.000 736824
910.000 622038
911.000 1051906
912.000 1848004
913.000 1487319
914.000 1814447
915.000 1731878
916.000 1100480
917.000 1759360
918.000 1429246
919.000 1124525
920.000 1260808
921.000 959541
922.000 952862
923.000 1095891
924.000 1830300
925.000 1838931
926.000 1153326
927.000 1528796
928.000 570660
929.000 439570
930.000 667961
931.000 1826693
932.000 1827682
933.000 1767644
934.000 1160958
935.000 737650
936.000 772274
937.000 1821951
938.000 1794938
939.000 1862490
940.000 1810344
941.000 1743877
942.000 1528225
943.000 1580583
944.000 1252521
945.000 1077259
946.000 1035747
947.000 914701
948.000 866656
949.000 990381
950.000 1324634
951.000 1318707
952.000 712109
953.000 711843
954.000 610472
955.000 612496
956.000 611400
957.000 611983
958.000 1393197
959.000 1852046
960.000 1168780
961.000 1390797
962.000 1418333
963.000 1171869
964.000 1252588
965.000 1368892
966.000 1316766
967.000 1172355
968.000 1304225
969.000 1310742
970.000 1257121
971.000 1245485
972.000 1277930
973.000 1165811
974.000 1175547
975.000 1214369
976.000 1304593
977.000 1658259
978.000 1336013
979.000 1480625
980.000 1496708
981.000 1508962
982.000 1591472
983.000 1781909
984.000 1882329
985.000 1560661
986.000 1536444
987.000 1523963
988.000 970670
989.000 939870
990.000 1242045
991.000 1276360
992.000 1187455
993.000 1152952
994.000 1752695
995.000 1031921
996.000 1428170
997.000 1466342
998.000 1403150
999.000 1613826
1000.000 653001
1001.000 474946
1002.000 1002724
1003.000 1684684
1004.000 600837
1005.000 240366
1006.000 221348
1007.000 206883
1008.000 367850
1009.000 170285
1010.000 166951
1011.000 170178
1012.000 169798
1013.000 167183
1014.000 172990
1015.000 182659
1016.000 166607
1017.000 174935
1018.000 177528
1019.000 171032
1020.000 170235
1021.000 168880
1022.000 169509
1023.000 169451
1024.000 169602
1025.000 170139
1026.000 166386
1027.000 173949
1028.000 169075
1029.000 168660
1030.000 168660
1031.000 168660
1032.000 165849
1033.000 171471
1034.000 165996
1035.000 170312
1036.000 187271
1037.000 168660
1038.000 174059
1039.000 512920
1040.000 370674
1041.000 166797
1042.000 178072
1043.000 261989
1044.000 509533
1045.000 261980
1046.000 241701
1047.000 171126
1048.000 169058
1049.000 168805
1050.000 170262
1051.000 170104
1052.000 166504
1053.000 170964
1054.000 173586
1055.000 169223
1056.000 168527
1057.000 170607
1058.000 178898
1059.000 168613
1060.000 169671
1061.000 171678
1062.000 166367
1063.000 168660
1064.000 171471
1065.000 170298
1066.000 170444
1067.000 171662
1068.000 168681
1069.000 165849
1070.000 171471
1071.000 165849
1072.000 168660
1073.000 168660
1074.000 171471
1075.000 165849
1076.000 171471
1077.000 165849
1078.000 171471
1079.000 151794
1080.000 182715
1081.000 168660
1082.000 168807
1083.000 168513
1084.000 171471
1085.000 157416
1086.000 179904
1087.000 165849
1088.000 168660
1089.000 168958
1090.000 169500
1091.000 168721
1092.000 168766
1093.000 168771
1094.000 171519
1095.000 165963
1096.000 168771
1097.000 168723
1098.000 168775
1099.000 168770
1100.000 168774
1101.000 168712
1102.000 168770
1103.000 168776
1104.000 168720
1105.000 168773
1106.000 168773
1107.000 170001
1108.000 168726
1109.000 171384
1110.000 211101
1111.000 309571
1112.000 505958
1113.000 261923
1114.000 259569
1115.000 714683
1116.000 983772
1117.000 893040
1118.000 902974
1119.000 834028
1120.000 834176
1121.000 809659
1122.000 536181
1123.000 333562
1124.000 218694
1125.000 261218
1126.000 283860
1127.000 238900
1128.000 174710
1129.000 173909
1130.000 410670
1131.000 173190
1132.000 173233
1133.000 170560
1134.000 168660
1135.000 165849
1136.000 172034
1137.000 174519
1138.000 180730
1139.000 170396
1140.000 169016
1141.000 168806
1142.000 201871
1143.000 172408
1144.000 168000
1145.000 171120
1146.000 171178
1147.000 171160
1148.000 171633
1149.000 171480
1150.000 171856
1151.000 168660
1152.000 168660
1153.000 168660
1154.000 169405
1155.000 168660
1156.000 168660
1157.000 389019
1158.000 803132
1159.000 580359
1160.000 1839195
1161.000 970476
1162.000 593272
1163.000 1652216
1164.000 1767427
1165.000 1517984
1166.000 726297
1167.000 420817
1168.000 539386
1169.000 1881867
1170.000 1852174
1171.000 1866915
1172.000 1757104
1173.000 1762935
1174.000 1167835
1175.000 739460
1176.000 693835
1177.000 567024
1178.000 701277
1179.000 1310195
1180.000 1350052
1181.000 853631
1182.000 878381
1183.000 662387
1184.000 685855
1185.000 633726
1186.000 572076
1187.000 688208
1188.000 1153833
1189.000 1699710
1190.000 706466
1191.000 611743
1192.000 677268
1193.000 1913449
1194.000 1059041
1195.000 530299
1196.000 867886
1197.000 1838972
1198.000 1102430
1199.000 1862541
1200.000 1867432
1201.000 896327
1202.000 698046
1203.000 774023
1204.000 784760
1205.000 590770
1206.000 825539
1207.000 906705
1208.000 927771
1209.000 896129
1210.000 764486
1211.000 637769
1212.000 642842
1213.000 593217
1214.000 796723
1215.000 790761
1216.000 787039
1217.000 545653
1218.000 537760
1219.000 668637
1220.000 809236
1221.000 1346368
1222.000 1835046
1223.000 1804837
1224.000 1444326
1225.000 712277
1226.000 594037
1227.000 433212
1228.000 520501
1229.000 625345
1230.000 504395
1231.000 545548
1232.000 650957
1233.000 498533
1234.000 539381
1235.000 1709368
1236.000 1779779
1237.000 819207
1238.000 969194
1239.000 1132351
1240.000 597943
1241.000 645002
1242.000 685345
1243.000 713342
1244.000 708922
1245.000 653105
1246.000 1741034
1247.000 1874984
1248.000 1701170
1249.000 1144387
1250.000 1276205
1251.000 1719329
1252.000 1798372
1253.000 1216727
1254.000 1363939
1255.000 1243413
1256.000 1320190
1257.000 1421498
1258.000 1378211
1259.000 1189934
1260.000 1196224
1261.000 1400575
1262.000 1611189
1263.000 1602450
1264.000 1299684
1265.000 1461244
1266.000 1581161
1267.000 1150294
1268.000 1130236
1269.000 1791200
1270.000 1309437
1271.000 1121076
1272.000 1185377
1273.000 1232242
1274.000 1136343
1275.000 1099936
1276.000 1178860
1277.000 1087624
1278.000 1112042
1279.000 1162594
1280.000 1759225
1281.000 985762
1282.000 1286031
1283.000 1376154
1284.000 943188
1285.000 1098324
1286.000 1180562
1287.000 1026975
1288.000 1049996
1289.000 1039713
1290.000 957621
1291.000 1012707
1292.000 1302430
1293.000 1032404
1294.000 954294
1295.000 1080900
1296.000 1072284
1297.000 932232
1298.000 1505429
1299.000 1899402
1300.000 1547755
1301.000 1216331
1302.000 1229293
1303.000 1287280
1304.000 892511
1305.000 943696
1306.000 930251
1307.000 857665
1308.000 993546
1309.000 1274294
1310.000 1350160
1311.000 1040481
1312.000 1454019
1313.000 1450797
1314.000 1129331
1315.000 918688
1316.000 895269
1317.000 1635532
1318.000 1862439
1319.000 1344574
1320.000 1524731
1321.000 1853408
1322.000 1808934
1323.000 1836385
1324.000 1830913
1325.000 1712307
1326.000 1650039
1327.000 1746432
1328.000 1689586
1329.000 1253199
1330.000 1312395
1331.000 1383719
1332.000 1490169
1333.000 1271344
1334.000 1236973
1335.000 1284285
1336.000 1414806
1337.000 1157000
1338.000 1215826
1339.000 1381703
1340.000 1738818
1341.000 1824836
1342.000 1189903
1343.000 1703045
1344.000 1397085
1345.000 1438658
1346.000 1413911
1347.000 1258477
1348.000 1573099
1349.000 1365034
1350.000 1489392
1351.000 1527621
1352.000 1356014
1353.000 1525260
1354.000 1071509
1355.000 1004858
1356.000 974694
1357.000 1083914
1358.000 1090389
1359.000 935793
1360.000 1029430
1361.000 1095886
1362.000 996617
1363.000 1040294
1364.000 1219334
1365.000 1539874
1366.000 1550349
1367.000 1136976
1368.000 1583652
1369.000 1848157
1370.000 1287442
1371.000 980038
1372.000 988134
1373.000 1613295
1374.000 1803708
1375.000 1709664
1376.000 1060321
1377.000 1107684
1378.000 961339
1379.000 1152487
1380.000 1232332
1381.000 848074
1382.000 1027009
1383.000 992265
1384.000 867269
1385.000 996748
1386.000 1087519
1387.000 919692
1388.000 959765
1389.000 1751648
1390.000 1302684
1391.000 1852817
1392.000 1272890
1393.000 1244157
1394.000 1298029
1395.000 1774172
1396.000 1581785
1397.000 1771915
1398.000 1101338
1399.000 950207
1400.000 904988
1401.000 1388092
1402.000 872098
1403.000 756367
1404.000 1703372
1405.000 1845906
1406.000 1863493
1407.000 1500436
1408.000 1432961
1409.000 1431902
1410.000 1164364
1411.000 1688807
1412.000 1647267
1413.000 1831237
1414.000 1668509
1415.000 1000917
1416.000 1626928
1417.000 1402888
1418.000 1806085
1419.000 1729709
1420.000 1138388
1421.000 1862618
1422.000 1432069
1423.000 919012
1424.000 1783650
1425.000 1636886
1426.000 1791534
1427.000 1170054
1428.000 1209778
1429.000 1233830
1430.000 1050636
1431.000 936582
1432.000 1763902
1433.000 1514296
1434.000 1705022
1435.000 1743390
1436.000 1138195
1437.000 959286
1438.000 1679388
1439.000 1162312
1440.000 796468
1441.000 1757145
1442.000 1411672
1443.000 1190787
1444.000 809064
1445.000 1403457
1446.000 1499980
1447.000 1018141
1448.000 1068911
1449.000 1430557
1450.000 1449592
1451.000 1125112
1452.000 1779200
1453.000 1638833
1454.000 1414218
1455.000 1440755
1456.000 1464011
1457.000 1586786
1458.000 1645546
1459.000 1623521
1460.000 1601607
1461.000 1771495
1462.000 1795399
1463.000 1845506
1464.000 1817397
1465.000 1821157
1466.000 1854677
1467.000 1303540
1468.000 1588987
1469.000 1004847
1470.000 1439664
1471.000 1343022
1472.000 1030432
1473.000 1730374
1474.000 1108215
1475.000 1180856
1476.000 1379988
1477.000 997707
1478.000 1479414
1479.000 912140
1480.000 1790328
1481.000 737331
1482.000 250463
1483.000 390943
1484.000 169129
1485.000 169310
1486.000 171648
1487.000 165849
1488.000 168660
1489.000 168675
1490.000 173537
1491.000 168685
1492.000 169699
1493.000 170380
1494.000 170891
1495.000 172137
1496.000 169307
1497.000 171128
1498.000 185340
1499.000 168660
1500.000 181673
1501.000 796206
1502.000 218381
1503.000 227422
1504.000 524847
1505.000 173561
1506.000 403924
1507.000 169163
1508.000 171041
1509.000 165849
1510.000 168660
1511.000 168660
1512.000 173384
1513.000 176443
1514.000 173420
1515.000 166975
1516.000 168660
1517.000 168660
1518.000 203628
1519.000 170374
1520.000 170952
1521.000 168910
1522.000 168997
1523.000 171461
1524.000 166223
1525.000 168749
1526.000 168660
1527.000 169038
1528.000 165849
1529.000 171471
1530.000 168660
1531.000 168791
1532.000 168960
1533.000 168660
1534.000 168660
1535.000 168757
1536.000 169013
1537.000 169050
1538.000 168796
1539.000 165939
1540.000 169796
1541.000 169380
1542.000 169342
1543.000 168660
1544.000 175880
1545.000 777966
1546.000 864705
1547.000 1713836
1548.000 1309106
1549.000 694508
1550.000 789611
1551.000 675402
1552.000 625663
1553.000 826994
1554.000 621491
1555.000 584764
1556.000 709193
1557.000 760088
1558.000 629777
1559.000 659196
1560.000 658031
1561.000 612947
1562.000 663901
1563.000 660481
1564.000 636753
1565.000 701100
1566.000 693853
1567.000 654230
1568.000 612985
1569.000 660578
1570.000 843292
1571.000 1071084
1572.000 1046866
1573.000 983000
1574.000 1199853
1575.000 1285111
1576.000 1815313
1577.000 1043226
1578.000 1450981
1579.000 1223625
1580.000 1552398
1581.000 1770794
1582.000 950379
1583.000 854753
1584.000 822508
1585.000 900268
1586.000 1309963
1587.000 726623
1588.000 631916
1589.000 1446570
1590.000 1774084
1591.000 696981
1592.000 559653
1593.000 1862966
1594.000 1836923
1595.000 1843726
1596.000 1565324
1597.000 585695
1598.000 902747
1599.000 1299074
1600.000 540601
1601.000 1735272
1602.000 1740827
1603.000 1810706
1604.000 1050509
1605.000 465920
1606.000 408108
1607.000 356818
1608.000 393999
1609.000 430642
1610.000 414518
1611.000 435491
1612.000 1480827
1613.000 1492148
1614.000 610995
1615.000 762904
1616.000 484856
1617.000 906278
1618.000 1599700
1619.000 490543
1620.000 485508
1621.000 525862
1622.000 1560802
1623.000 464106
1624.000 420229
1625.000 1399925
1626.000 649750
1627.000 491155
1628.000 1335564
1629.000 1627340
1630.000 698869
1631.000 1061206
1632.000 486361
1633.000 1842783
1634.000 1520394
1635.000 1715194
1636.000 1802717
1637.000 1826506
1638.000 1860004
1639.000 1014354
1640.000 1122639
1641.000 1021282
1642.000 748291
1643.000 711537
1644.000 757172
1645.000 1902039
1646.000 1544551
1647.000 1340806
1648.000 1320630
1649.000 1820037
1650.000 981200
1651.000 790302
1652.000 1033908
1653.000 1614181
1654.000 747873
1655.000 1563448
1656.000 1794148
1657.000 1237613
1658.000 1881711
1659.000 1842954
1660.000 1537904
1661.000 1374758
1662.000 949397
1663.000 1360092
1664.000 1855735
1665.000 1785805
1666.000 1681292
1667.000 1705752
1668.000 1167079
1669.000 1591850
1670.000 1111536
1671.000 1323488
1672.000 880645
1673.000 882954
1674.000 1411135
1675.000 1028071
1676.000 1442143
1677.000 1859919
1678.000 1639163
1679.000 1568545
1680.000 1040899
1681.000 1436530
1682.000 1004052
1683.000 1717968
1684.000 1804943
1685.000 1170695
1686.000 1865777
1687.000 1187622
1688.000 1660997
1689.000 884440
1690.000 1223470
1691.000 1229890
1692.000 1162892
1693.000 900614
1694.000 957505
1695.000 857591
1696.000 1105905
1697.000 571604
1698.000 1485017
1699.000 1314616
1700.000 653269
1701.000 679595
1702.000 1867565
1703.000 1178037
1704.000 671610
1705.000 637318
1706.000 592072
1707.000 1509268
1708.000 1768485
1709.000 723090
1710.000 548387
1711.000 672909
1712.000 1722443
1713.000 525949
1714.000 753652
1715.000 998034
1716.000 1857372
1717.000 1095504
1718.000 811657
1719.000 832753
1720.000 1844856
1721.000 1782374
1722.000 1837185
1723.000 1580529
1724.000 1521359
1725.000 996718
1726.000 1357150
1727.000 1809826
1728.000 1658144
1729.000 1166567
1730.000 1401372
1731.000 1569558
1732.000 1805337
1733.000 1023625
1734.000 847305
1735.000 599572
1736.000 651576
1737.000 707987
1738.000 1637991
1739.000 1439210
1740.000 1714138
1741.000 1510427
1742.000 1677383
1743.000 1493576
1744.000 1472788
1745.000 1591205
1746.000 874345
1747.000 1230651
1748.000 1836842
1749.000 1168542
1750.000 1858631
1751.000 1633647
1752.000 1348102
1753.000 651948
1754.000 682172
1755.000 542754
1756.000 551301
1757.000 744926
1758.000 1247648
1759.000 657509
1760.000 511211
1761.000 483725
1762.000 494742
1763.000 526644
1764.000 538197
1765.000 752387
1766.000 428933
1767.000 381994
1768.000 410499
1769.000 474292
1770.000 420230
1771.000 394508
1772.000 409460
1773.000 385255
1774.000 385485
1775.000 420605
1776.000 1034323
1777.000 1860953
1778.000 1328520
1779.000 701747
1780.000 631346
1781.000 1567361
1782.000 1758670
1783.000 1073488
1784.000 1359485
1785.000 1722509
1786.000 1206165
1787.000 1169027
1788.000 918846
1789.000 943047
1790.000 969732
1791.000 1525930
1792.000 1055844
1793.000 1208821
1794.000 1303657
1795.000 1088700
1796.000 866464
1797.000 1322764
1798.000 1600977
1799.000 985152
1800.000 1238506
1801.000 951950
1802.000 1079272
1803.000 1088612
1804.000 1338912
1805.000 1470000
1806.000 1046173
1807.000 1158378
1808.000 1818446
1809.000 1135715
1810.000 595622
1811.000 1815126
1812.000 642182
1813.000 565746
1814.000 1065627
1815.000 1881996
1816.000 1840207
1817.000 1486311
1818.000 1044089
1819.000 1136305
1820.000 1836582
1821.000 1819924
1822.000 1419459
1823.000 636027
1824.000 1679543
1825.000 1175189
1826.000 1256536
1827.000 1823152
1828.000 1382162
1829.000 1573986
1830.000 1555282
1831.000 1229981
1832.000 1094352
1833.000 1032615
1834.000 821196
1835.000 1557007
1836.000 1137866
1837.000 1897769
1838.000 1444797
1839.000 921847
1840.000 1867995
1841.000 1220692
1842.000 1364985
1843.000 1363596
1844.000 1604763
1845.000 1173218
1846.000 1539285
1847.000 1463517
1848.000 1413342
1849.000 855723
1850.000 956124
1851.000 1651013
1852.000 1131578
1853.000 838465
1854.000 1825891
1855.000 805445
1856.000 1244780
1857.000 636967
1858.000 457766
1859.000 425569
1860.000 454609
1861.000 466074
1862.000 723656
1863.000 430127
1864.000 376654
1865.000 379783
1866.000 447700
1867.000 432177
1868.000 372383
1869.000 412188
1870.000 384470
1871.000 366902
1872.000 396867
1873.000 388475
1874.000 368211
1875.000 382394
1876.000 415314
1877.000 380773
1878.000 390596
1879.000 395604
1880.000 405885
1881.000 399804
1882.000 354709
1883.000 396882
1884.000 385195
1885.000 1073086
1886.000 1832467
1887.000 1807930
1888.000 1745528
1889.000 1795705
1890.000 1695637
1891.000 1521579
1892.000 1488522
1893.000 1582952
1894.000 1274212
1895.000 1834499
1896.000 1822850
1897.000 1840790
1898.000 1809361
1899.000 1308650
1900.000 1325104
1901.000 1835161
1902.000 1787394
1903.000 1398293
1904.000 1485811
1905.000 1467371
1906.000 1484112
1907.000 1373066
1908.000 1240041
1909.000 1745646
1910.000 1832266
1911.000 800738
1912.000 450421
1913.000 428768
1914.000 733485
1915.000 1739076
1916.000 605581
1917.000 740334
1918.000 1713983
1919.000 527124
1920.000 448372
1921.000 1517468
1922.000 1541657
1923.000 1480862
1924.000 1421932
1925.000 1554755
1926.000 1829061
1927.000 1787276
1928.000 1835076
1929.000 1843826
1930.000 1841248
1931.000 1817545
1932.000 1816009
1933.000 1815215
1934.000 1889951
1935.000 1843858
1936.000 1748775
1937.000 1808884
1938.000 1720814
1939.000 1481338
1940.000 1345886
1941.000 1166134
1942.000 1124205
1943.000 1830883
1944.000 1855118
1945.000 1807751
1946.000 1806673
1947.000 1320572
1948.000 809085
1949.000 1461148
1950.000 864477
1951.000 817849
1952.000 822511
1953.000 885253
1954.000 774551
1955.000 796025
1956.000 1430127
1957.000 1680242
1958.000 1434072
1959.000 1440744
1960.000 1507121
1961.000 1416164
1962.000 903928
1963.000 1218489
1964.000 1223547
1965.000 986954
1966.000 800623
1967.000 670781
1968.000 1270863
1969.000 1840867
1970.000 1295850
1971.000 750490
1972.000 1408586
1973.000 1583846
1974.000 873348
1975.000 1654923
1976.000 1324054
1977.000 1241778
1978.000 1828350
1979.000 1488148
1980.000 1620790
1981.000 1605154
1982.000 984899
1983.000 1885813
1984.000 1677560
1985.000 1302805
1986.000 1746571
1987.000 1771953
1988.000 1157119
1989.000 1843948
1990.000 1715661
1991.000 1826747
1992.000 819972
1993.000 371787
1994.000 331190
1995.000 350239
1996.000 370645
1997.000 585045
1998.000 423009
1999.000 416465
2000.000 1186484
2001.000 1055589
2002.000 733953
2003.000 943729
2004.000 1750796
2005.000 837527
2006.000 950510
2007.000 1331279
2008.000 1590009
2009.000 1083571
2010.000 1765676
2011.000 1218670
2012.000 1201785
2013.000 1004100
2014.000 1239865
2015.000 1635698
2016.000 953898
2017.000 933009
2018.000 1035903
2019.000 904204
2020.000 832029
2021.000 847754
2022.000 938925
2023.000 859175
2024.000 869368
2025.000 886767
2026.000 900115
2027.000 1013856
2028.000 1547814
2029.000 1226087
2030.000 816048
2031.000 592401
2032.000 570281
2033.000 680251
2034.000 652623
2035.000 683951
2036.000 677396
2037.000 690425
2038.000 710224
2039.000 530920
2040.000 575363
2041.000 635275
2042.000 563064
2043.000 637968
2044.000 783953
2045.000 569484
2046.000 1629270
2047.000 1408014
2048.000 449676
2049.000 401788
2050.000 851148
2051.000 653568
2052.000 414664
2053.000 384392
2054.000 1473215
2055.000 1857397
2056.000 1616087
2057.000 860066
2058.000 1078372
2059.000 1808279
2060.000 1761986
2061.000 1198335
2062.000 1635147
2063.000 1723636
2064.000 1470130
2065.000 797973
2066.000 933568
2067.000 726208
2068.000 788003
2069.000 689724
2070.000 683530
2071.000 653169
2072.000 998660
2073.000 1807080
2074.000 1789755
2075.000 1769468
2076.000 1801452
2077.000 1746284
2078.000 1281957
2079.000 1116066
2080.000 1674050
2081.000 719001
2082.000 1685592
2083.000 1679879
2084.000 1469316
2085.000 1114032
2086.000 1356590
2087.000 1201738
2088.000 1281589
2089.000 1048940
2090.000 979334
2091.000 979544
2092.000 1346038
2093.000 1018110
2094.000 1221866
2095.000 1144252
2096.000 836291
2097.000 1452657
2098.000 1500783
2099.000 1863972
2100.000 1794282
2101.000 1072537
2102.000 1623693
2103.000 1461530
2104.000 1156859
2105.000 1145744
2106.000 1265184
2107.000 1540290
2108.000 1864067
2109.000 1617329
2110.000 1072049
2111.000 1861804
2112.000 1867010
2113.000 978744
2114.000 800505
2115.000 702846
2116.000 1709157
2117.000 1533951
2118.000 736574
2119.000 838010
2120.000 788927
2121.000 1835190
2122.000 1177708
2123.000 1335007
2124.000 1781119
2125.000 1816557
2126.000 1679792
2127.000 1613657
2128.000 1576271
2129.000 1519172
2130.000 1544327
2131.000 1288013
2132.000 461700
2133.000 473067
2134.000 402106
2135.000 430553
2136.000 1015455
2137.000 1828921
2138.000 1720472
2139.000 1717737
2140.000 1784720
2141.000 1818349
2142.000 1807889
2143.000 1812819
2144.000 1416164
2145.000 1160082
2146.000 1480563
2147.000 1748345
2148.000 1421236
2149.000 901043
2150.000 749115
2151.000 700434
2152.000 678534
2153.000 593065
2154.000 1199970
2155.000 1916494
2156.000 1826186
2157.000 1723390
2158.000 1845681
2159.000 1729239
2160.000 1563095
2161.000 846054
2162.000 593596
2163.000 662618
2164.000 774966
2165.000 603664
2166.000 628044
2167.000 604495
2168.000 569628
2169.000 666902
2170.000 681850
2171.000 619164
2172.000 605537
2173.000 690712
2174.000 680811
2175.000 597677
2176.000 657227
2177.000 574283
2178.000 665836
2179.000 1356555
2180.000 1487764
2181.000 1874787
2182.000 1757461
2183.000 1860778
2184.000 1569229
2185.000 1160785
2186.000 1773956
2187.000 1642006
2188.000 1473659
2189.000 1604808
2190.000 1573987
2191.000 1648602
2192.000 1140312
2193.000 1140126
2194.000 1483810
2195.000 1217561
2196.000 1872831
2197.000 1021056
2198.000 1399693
2199.000 1081043
2200.000 1772182
2201.000 724110
2202.000 855226
2203.000 1863398
2204.000 789379
2205.000 1563023
2206.000 1732352
2207.000 794368
2208.000 1122355
2209.000 1867848
2210.000 1866276
2211.000 1815878
2212.000 1761971
2213.000 1682907
2214.000 1130523
2215.000 1577362
2216.000 1442632
2217.000 1579473
2218.000 1437500
2219.000 1556644
2220.000 1394257
2221.000 1725176
2222.000 1375395
2223.000 1491565
2224.000 1633730
2225.000 1573948
2226.000 860001
2227.000 822891
2228.000 877011
2229.000 944603
2230.000 925480
2231.000 1406437
2232.000 788311
2233.000 388449
2234.000 893879
2235.000 2078144
2236.000 1491109
2237.000 744278
2238.000 760340
2239.000 822613
2240.000 852833
2241.000 925777
2242.000 909003
2243.000 733252
2244.000 942460
2245.000 688471
2246.000 589782
2247.000 494440
2248.000 949809
2249.000 678323
2250.000 541830
2251.000 664664
2252.000 664018
2253.000 590526
2254.000 620700
2255.000 673981
2256.000 639163
2257.000 665573
2258.000 689293
2259.000 602940
2260.000 627092
2261.000 675634
2262.000 506573
2263.000 1167273
2264.000 776025
2265.000 733848
2266.000 770792
2267.000 793964
2268.000 756649
2269.000 690125
2270.000 707478
2271.000 636765
2272.000 554995
2273.000 676949
2274.000 633901
2275.000 601932
2276.000 687934
2277.000 560948
2278.000 653460
2279.000 664612
2280.000 654412
2281.000 575502
2282.000 715013
2283.000 911690
2284.000 645775
2285.000 499578
2286.000 489835
2287.000 846194
2288.000 1038826
2289.000 1021803
2290.000 1333448
2291.000 1339299
2292.000 1346916
2293.000 1356202
2294.000 1446211
2295.000 1618040
2296.000 1574563
2297.000 1384484
2298.000 1458927
2299.000 1002247
2300.000 1294936
2301.000 1042940
2302.000 1072797
2303.000 960669
2304.000 806698
2305.000 845097
2306.000 900071
2307.000 893130
2308.000 549647
2309.000 503125
2310.000 661887
2311.000 950225
2312.000 951572
2313.000 974970
2314.000 1042029
2315.000 1062245
2316.000 1280282
2317.000 1164768
2318.000 1488141
2319.000 1221440
2320.000 1359480
2321.000 1405598
2322.000 1208393
2323.000 1348801
2324.000 1856876
2325.000 1637863
2326.000 1095803
2327.000 1087736
2328.000 981278
2329.000 985047
2330.000 957314
2331.000 1139101
2332.000 1307534
2333.000 956784
2334.000 830198
2335.000 864689
2336.000 1622347
2337.000 898559
2338.000 803926
2339.000 817817
2340.000 771294
2341.000 778658
2342.000 776695
2343.000 824644
2344.000 732030
2345.000 1072802
2346.000 1250786
2347.000 1287345
2348.000 1187157
2349.000 1152431
2350.000 1277282
2351.000 1363911
2352.000 1164310
2353.000 1291673
2354.000 1316180
2355.000 1046923
2356.000 926939
2357.000 1652448
2358.000 1160831
2359.000 1260719
2360.000 1175122
2361.000 1102336
2362.000 1307574
2363.000 1079367
2364.000 1331435
2365.000 1096731
2366.000 1301689
2367.000 1238384
2368.000 1569505
2369.000 1256894
2370.000 1359386
2371.000 1299789
2372.000 1240087
2373.000 1341147
2374.000 1565679
2375.000 1083720
2376.000 1300952
2377.000 1144477
2378.000 1751455
2379.000 1767662
2380.000 1698670
2381.000 1698241
2382.000 1170992
2383.000 1556033
2384.000 1308715
2385.000 1202023
2386.000 1285311
2387.000 1251202
2388.000 1292314
2389.000 1139831
2390.000 1001979
2391.000 929145
2392.000 934779
2393.000 1019382
2394.000 1100073
2395.000 946063
2396.000 833222
2397.000 956579
2398.000 1000267
2399.000 783018
2400.000 947082
2401.000 486611
2402.000 694578
2403.000 280349
2404.000 260720
2405.000 175767
2406.000 166619
2407.000 167461
2408.000 170315
2409.000 169252
2410.000 174491
2411.000 175436
2412.000 165996
2413.000 168513
2414.000 173212
2415.000 165927
2416.000 171579
2417.000 169757
2418.000 167138
2419.000 187465
2420.000 169228
2421.000 358461
2422.000 327972
2423.000 148978
2424.000 217618
2425.000 268529
2426.000 219293
2427.000 769590
2428.000 998609
2429.000 1147322
2430.000 1224873
2431.000 1060588
2432.000 196909
2433.000 211004
2434.000 236177
2435.000 444796
2436.000 198712
2437.000 194200
2438.000 191490
2439.000 174603
2440.000 798906
2441.000 1759566
2442.000 1105638
2443.000 1168568
2444.000 326810
2445.000 399277
2446.000 182297
2447.000 195594
2448.000 193070
2449.000 189305
2450.000 198644
2451.000 456683
2452.000 206704
2453.000 204693
2454.000 187596
2455.000 182201
2456.000 180538
2457.000 181498
2458.000 183878
2459.000 176111
2460.000 172346
2461.000 182717
2462.000 173997
2463.000 187911
2464.000 198810
2465.000 196552
2466.000 200586
2467.000 193103
2468.000 191863
2469.000 196527
2470.000 186192
2471.000 196264
2472.000 187870
2473.000 186319
2474.000 191215
2475.000 184663
2476.000 181405
2477.000 192396
2478.000 183476
2479.000 187901
2480.000 184068
2481.000 179978
2482.000 188718
2483.000 185818
2484.000 179824
2485.000 188278
2486.000 185725
2487.000 184019
2488.000 187030
2489.000 179511
2490.000 187786
2491.000 185204
2492.000 178668
2493.000 186942
2494.000 180948
2495.000 187954
2496.000 177587
2497.000 181521
2498.000 183666
2499.000 173343
2500.000 178189
2501.000 176680
2502.000 176854
2503.000 185038
2504.000 228743
2505.000 215370
2506.000 228393
2507.000 293206
2508.000 231587
2509.000 357433
2510.000 197054
2511.000 194843
2512.000 187925
2513.000 189354
2514.000 195874
2515.000 188001
2516.000 180567
2517.000 179930
2518.000 184352
2519.000 176613
2520.000 175572
2521.000 175971
2522.000 172315
2523.000 594822
2524.000 192702
2525.000 398235
2526.000 178463
2527.000 476800
2528.000 351446
2529.000 246596
2530.000 280490
2531.000 353050
2532.000 189200
2533.000 226066
2534.000 215815
2535.000 186460
2536.000 365265
2537.000 200952
2538.000 182901
2539.000 509376
2540.000 451320
2541.000 425899
2542.000 377148
2543.000 420493
2544.000 380537
2545.000 391208
2546.000 373346
2547.000 376033
2548.000 297426
2549.000 344707
2550.000 364302
2551.000 359170
2552.000 352315
2553.000 401591
2554.000 382498
2555.000 380881
2556.000 359709
2557.000 370098
2558.000 369205
2559.000 416658
2560.000 360902
2561.000 407132
2562.000 388115
2563.000 389274
2564.000 360472
2565.000 359169
2566.000 358235
2567.000 343321
2568.000 352642
2569.000 345340
2570.000 347993
2571.000 356678
2572.000 342851
2573.000 349496
2574.000 356072
2575.000 348879
2576.000 351680
2577.000 345298
2578.000 349451
2579.000 352817
2580.000 347378
2581.000 341017
2582.000 356092
2583.000 345887
2584.000 344865
2585.000 348263
2586.000 343263
2587.000 348754
2588.000 340620
2589.000 337763
2590.000 342711
2591.000 340671
2592.000 349554
2593.000 361677
2594.000 363791
2595.000 365131
2596.000 355294
2597.000 358296
2598.000 366944
2599.000 349709
2600.000 354873
2601.000 361537
2602.000 352547
2603.000 357333
2604.000 344653
2605.000 350211
2606.000 358494
2607.000 349376
2608.000 352325
2609.000 344989
2610.000 351153
2611.000 353987
2612.000 348349
2613.000 345410
2614.000 351461
2615.000 350307
2616.000 351231
2617.000 344259
2618.000 350268
2619.000 350723
2620.000 340659
2621.000 345656
2622.000 349770
2623.000 342855
2624.000 352588
2625.000 339878
2626.000 348426
2627.000 382985
2628.000 339571
2629.000 342363
2630.000 354392
2631.000 336993
2632.000 368175
2633.000 510206
2634.000 516617
2635.000 395361
2636.000 513737
2637.000 391789
2638.000 381146
2639.000 369043
2640.000 378653
2641.000 370963
2642.000 381319
2643.000 349631
2644.000 365496
2645.000 368619
2646.000 339908
2647.000 342444
2648.000 363979
2649.000 378374
2650.000 337836
2651.000 386249
2652.000 361629
2653.000 358872
2654.000 373708
2655.000 440357
2656.000 459024
2657.000 416534
2658.000 670484
2659.000 369804
2660.000 365436
2661.000 349924
2662.000 370240
2663.000 355659
2664.000 367847
2665.000 353729
2666.000 470858
2667.000 401565
2668.000 397960
2669.000 390412
2670.000 435575
2671.000 357214
2672.000 377677
2673.000 423004
2674.000 411039
2675.000 423428
2676.000 396576
2677.000 408713
2678.000 418768
2679.000 390333
2680.000 444334
2681.000 429836
2682.000 419453
2683.000 421774
2684.000 429613
2685.000 433390
2686.000 394932
2687.000 371969
2688.000 377629
2689.000 474502
2690.000 403575
2691.000 424282
2692.000 382397
2693.000 370278
2694.000 417412
2695.000 381076
2696.000 379848
2697.000 412911
2698.000 379713
2699.000 452495
2700.000 380497
2701.000 381754
2702.000 380908
2703.000 375956
2704.000 385098
2705.000 366518
2706.000 369618
2707.000 379020
2708.000 370501
2709.000 381896
2710.000 383065
2711.000 366425
2712.000 419228
2713.000 401165
2714.000 401777
2715.000 412724
2716.000 390097
2717.000 387922
2718.000 398658
2719.000 483072
2720.000 500725
2721.000 507509
2722.000 435906
2723.000 422676
2724.000 534206
2725.000 482791
2726.000 510804
2727.000 373512
2728.000 388475
2729.000 432524
2730.000 416209
2731.000 414521
2732.000 390556
2733.000 441342
2734.000 470612
2735.000 389952
2736.000 391822
2737.000 384032
2738.000 407948
2739.000 399150
2740.000 398080
2741.000 380092
2742.000 412336
2743.000 416783
2744.000 447841
2745.000 410708
2746.000 406653
2747.000 391632
2748.000 304540
2749.000 343742
2750.000 388906
2751.000 386576
2752.000 350725
2753.000 393422
2754.000 362231
2755.000 408255
2756.000 407221
2757.000 371241
2758.000 359610
2759.000 385143
2760.000 408747
2761.000 360571
2762.000 368166
2763.000 414062
2764.000 361528
2765.000 420137
2766.000 400449
2767.000 429268
2768.000 382668
2769.000 372488
2770.000 373753
2771.000 351900
2772.000 344728
2773.000 399157
2774.000 383105
2775.000 356637
2776.000 411579
2777.000 360451
2778.000 351631
2779.000 358981
2780.000 363551
2781.000 352241
2782.000 353042
2783.000 353279
2784.000 345030
2785.000 356687
2786.000 345965
2787.000 347459
2788.000 348707
2789.000 342529
2790.000 347760
2791.000 342607
2792.000 350493
2793.000 372171
2794.000 358078
2795.000 375662
2796.000 392530
2797.000 372576
2798.000 351770
2799.000 301593
2800.000 264139
2801.000 170471
2802.000 169073
2803.000 320911
2804.000 253181
2805.000 306006
2806.000 242872
2807.000 1255840
2808.000 1400524
2809.000 1389447
2810.000 1400411
2811.000 1360357
2812.000 1496300
2813.000 1650349
2814.000 1480849
2815.000 1545585
2816.000 1362201
2817.000 1374691
2818.000 1455180
2819.000 1329499
2820.000 1446713
2821.000 1557147
2822.000 1614581
2823.000 1593046
2824.000 1393093
2825.000 1380954
2826.000 1456485
2827.000 1356755
2828.000 1463134
2829.000 580730
2830.000 407899
2831.000 405888
2832.000 442039
2833.000 443363
2834.000 393027
2835.000 380790
2836.000 412880
2837.000 395804
2838.000 402307
2839.000 395816
2840.000 379749
2841.000 373108
2842.000 1534778
2843.000 1448749
2844.000 1428247
2845.000 1571164
2846.000 804947
2847.000 244165
2848.000 239654
2849.000 243210
2850.000 170843
2851.000 365394
2852.000 192918
2853.000 182876
2854.000 259041
2855.000 237061
2856.000 269236
2857.000 311491
2858.000 196107
2859.000 437090
2860.000 185334
2861.000 184642
2862.000 186560
2863.000 182356
2864.000 177955
2865.000 188910
2866.000 179352
2867.000 176953
2868.000 184562
2869.000 176096
2870.000 180238
2871.000 173558
2872.000 176193
2873.000 192790
2874.000 200715
2875.000 195687
2876.000 197260
2877.000 196141
2878.000 192716
2879.000 191981
2880.000 189916
2881.000 527923
2882.000 369433
2883.000 379803
2884.000 673760
2885.000 454223
2886.000 626530
2887.000 362300
2888.000 361559
2889.000 378542
2890.000 193667
2891.000 391659
2892.000 210994
2893.000 192830
2894.000 223280
2895.000 193304
2896.000 491559
2897.000 352397
2898.000 185699
2899.000 182720
2900.000 186256
2901.000 187048
2902.000 179162
2903.000 187011
2904.000 192871
2905.000 488202
2906.000 190236
2907.000 403291
2908.000 226960
2909.000 217464
2910.000 339046
2911.000 451442
2912.000 174103
2913.000 196750
2914.000 202061
2915.000 566071
2916.000 268325
2917.000 199509
2918.000 189787
2919.000 196875
2920.000 190315
2921.000 191931
2922.000 190862
2923.000 209869
2924.000 741720
2925.000 918785
2926.000 787002
2927.000 319600
2928.000 181363
2929.000 189602
2930.000 189254
2931.000 242670
2932.000 507579
2933.000 220172
2934.000 755682
2935.000 224540
2936.000 261801
2937.000 168123
2938.000 310067
2939.000 361160
2940.000 400862
2941.000 221820
2942.000 623453
2943.000 1584854
2944.000 1593065
2945.000 1430586
2946.000 1352602
2947.000 1474002
2948.000 1336360
2949.000 1516451
2950.000 1558229
2951.000 1567420
2952.000 1582783
2953.000 1421133
2954.000 1364128
2955.000 1498468
2956.000 1349526
2957.000 1377364
2958.000 1578424
2959.000 1679286
2960.000 1615024
2961.000 1429552
2962.000 1361829
2963.000 1467529
2964.000 1357265
2965.000 1365676
2966.000 1538278
2967.000 1555762
2968.000 1609399
2969.000 1635020
2970.000 1364472
2971.000 1480079
2972.000 1353226
2973.000 1365888
2974.000 1547231
2975.000 1553476
2976.000 1609536
2977.000 1425973
2978.000 1358553
2979.000 1655318
2980.000 1336404
2981.000 1364782
2982.000 1565728
2983.000 1525110
2984.000 1608864
2985.000 1423389
2986.000 1355826
2987.000 1474500
2988.000 1334092
2989.000 1533137
2990.000 1535103
2991.000 1558909
2992.000 1570024
2993.000 1422996
2994.000 1358975
2995.000 1478704
2996.000 1380227
2997.000 1382960
2998.000 1582914
2999.000 1676924
3000.000 1617031
3001.000 1417145
3002.000 1369727
3003.000 1482144
3004.000 1359634
3005.000 1341970
3006.000 1570721
3007.000 1530081
3008.000 1630516
3009.000 1575641
3010.000 1361829
3011.000 1457894
3012.000 1368677
3013.000 1368252
3014.000 1570498
3015.000 1548916
3016.000 1608103
3017.000 1408568
3018.000 1361370
3019.000 1642573
3020.000 1338108
3021.000 1372688
3022.000 1567255
3023.000 1521739
3024.000 1603723
3025.000 1428658
3026.000 1335079
3027.000 1494383
3028.000 1351704
3029.000 1498146
3030.000 1580907
3031.000 1519103
3032.000 1610514
3033.000 1429033
3034.000 1346019
3035.000 1470272
3036.000 1398484
3037.000 1375058
3038.000 1546601
3039.000 1685720
3040.000 1619597
3041.000 1415205
3042.000 1370940
3043.000 1478360
3044.000 1347589
3045.000 1392938
3046.000 1545983
3047.000 1563713
3048.000 1616861
3049.000 1651601
3050.000 1335512
3051.000 1481120
3052.000 1361317
3053.000 1362019
3054.000 1560309
3055.000 1522141
3056.000 1610581
3057.000 1432045
3058.000 1340537
3059.000 1639450
3060.000 1359035
3061.000 1335290
3062.000 1556344
3063.000 1556270
3064.000 1610923
3065.000 1430149
3066.000 1345202
3067.000 1461890
3068.000 1334973
3069.000 1557686
3070.000 1540103
3071.000 1537466
3072.000 1603310
3073.000 1420837
3074.000 1363340
3075.000 1494606
3076.000 1371049
3077.000 1332061
3078.000 1583486
3079.000 1692800
3080.000 1592047
3081.000 1426746
3082.000 1367268
3083.000 1476256
3084.000 1361591
3085.000 1334960
3086.000 1560545
3087.000 1553028
3088.000 1604812
3089.000 1567408
3090.000 1359837
3091.000 1472469
3092.000 1356030
3093.000 1328210
3094.000 1574235
3095.000 1547718
3096.000 1580913
3097.000 1437205
3098.000 1361314
3099.000 1640327
3100.000 1359072
3101.000 1336221
3102.000 1555138
3103.000 1536539
3104.000 1636392
3105.000 1409224
3106.000 1359542
3107.000 1468398
3108.000 1346023
3109.000 1504466
3110.000 1552463
3111.000 1570386
3112.000 1571567
3113.000 1407552
3114.000 1366948
3115.000 1495990
3116.000 1369438
3117.000 1391270
3118.000 1567375
3119.000 1667947
3120.000 1607180
3121.000 1432834
3122.000 1363595
3123.000 1484263
3124.000 1362236
3125.000 1358923
3126.000 1559916
3127.000 1536020
3128.000 1612670
3129.000 1642772
3130.000 1360868
3131.000 1473883
3132.000 1350580
3133.000 1372280
3134.000 1540485
3135.000 1553565
3136.000 1604555
3137.000 1416225
3138.000 1364083
3139.000 1636200
3140.000 1339441
3141.000 1350168
3142.000 1556281
3143.000 1561449
3144.000 1609567
3145.000 1412889
3146.000 1341263
3147.000 1193997
3148.000 1636270
3149.000 1525198
3150.000 1521083
3151.000 1562159
3152.000 1595699
3153.000 1420369
3154.000 1393906
3155.000 1482752
3156.000 1411212
3157.000 1357632
3158.000 1639560
3159.000 1636239
3160.000 1662898
3161.000 339312
3162.000 208699
3163.000 209101
3164.000 325687
3165.000 284600
3166.000 193807
3167.000 198949
3168.000 290649
3169.000 347679
3170.000 288549
3171.000 192519
3172.000 239450
3173.000 585499
3174.000 358202
3175.000 192517
3176.000 219804
3177.000 200186
3178.000 412594
3179.000 220889
3180.000 338736
3181.000 210620
3182.000 216397
3183.000 203767
3184.000 321180
3185.000 395024
3186.000 541701
3187.000 190864
3188.000 197619
3189.000 177922
3190.000 286973
3191.000 241022
3192.000 174036
3193.000 172407
3194.000 504326
3195.000 174640
3196.000 169665
3197.000 167965
3198.000 682867
3199.000 1131538
3200.000 1103790
3201.000 940394
3202.000 1057387
3203.000 1255027
3204.000 1276071
3205.000 1262103
3206.000 1408908
3207.000 1413358
3208.000 1538537
3209.000 1409590
3210.000 1375933
3211.000 1401692
3212.000 1289478
3213.000 1275310
3214.000 1333834
3215.000 1273994
3216.000 1254612
3217.000 1145430
3218.000 1184006
3219.000 801099
3220.000 170994
3221.000 301997
3222.000 227146
3223.000 233819
3224.000 244121
3225.000 206545
3226.000 189063
3227.000 226258
3228.000 178728
3229.000 181261
3230.000 175533
3231.000 307067
3232.000 197926
3233.000 201947
3234.000 209226
3235.000 384951
3236.000 1244274
3237.000 1094156
3238.000 1299232
3239.000 1301363
3240.000 1487659
3241.000 1453817
3242.000 1356210
3243.000 1251957
3244.000 1134735
3245.000 1005412
3246.000 1372771
3247.000 1196714
3248.000 1238408
3249.000 1080272
3250.000 1043464
3251.000 1145750
3252.000 1089047
3253.000 1319714
3254.000 1499881
3255.000 1394834
3256.000 1365286
3257.000 1263681
3258.000 1234348
3259.000 1306446
3260.000 1249606
3261.000 1205878
3262.000 1370243
3263.000 1321477
3264.000 1441996
3265.000 1207015
3266.000 1318651
3267.000 1259225
3268.000 1198972
3269.000 1195745
3270.000 1239344
3271.000 1264854
3272.000 1348445
3273.000 1284883
3274.000 1324022
3275.000 1298315
3276.000 1376003
3277.000 927586
3278.000 1072362
3279.000 1098254
3280.000 1094972
3281.000 1080963
3282.000 1083171
3283.000 1037576
3284.000 1084830
3285.000 984871
3286.000 1022734
3287.000 874782
3288.000 914406
3289.000 914649
3290.000 1089708
3291.000 1044899
3292.000 1024829
3293.000 1055267
3294.000 1099233
3295.000 1119506
3296.000 1193859
3297.000 978716
3298.000 1151208
3299.000 1214829
3300.000 1346311
3301.000 1262899
3302.000 1273790
3303.000 1167767
3304.000 1114545
3305.000 967655
3306.000 951542
3307.000 881736
3308.000 787159
3309.000 769972
3310.000 796073
3311.000 724706
3312.000 732813
3313.000 738180
3314.000 734160
3315.000 752810
3316.000 737328
3317.000 801820
3318.000 910390
3319.000 854020
3320.000 942038
3321.000 906960
3322.000 1237426
3323.000 1320242
3324.000 1284100
3325.000 1259178
3326.000 1332186
3327.000 1279263
3328.000 1300217
3329.000 1221615
3330.000 1292972
3331.000 1396680
3332.000 1331612
3333.000 1331512
3334.000 1496740
3335.000 1497866
3336.000 1464232
3337.000 1253822
3338.000 1255006
3339.000 1224702
3340.000 1102953
3341.000 1077205
3342.000 1105320
3343.000 1082405
3344.000 1000480
3345.000 884813
3346.000 949537
3347.000 925512
3348.000 852960
3349.000 920078
3350.000 888717
3351.000 865943
3352.000 918180
3353.000 859628
3354.000 900662
3355.000 879747
3356.000 897980
3357.000 928268
3358.000 877032
3359.000 908031
3360.000 872725
3361.000 891600
3362.000 993658
3363.000 1012760
3364.000 977293
3365.000 976995
3366.000 988643
3367.000 883896
3368.000 874014
3369.000 912212
3370.000 1004404
3371.000 1040373
3372.000 1064946
3373.000 1065967
3374.000 1174048
3375.000 1138206
3376.000 1181885
3377.000 927110
3378.000 1239883
3379.000 1309488
3380.000 1228671
3381.000 1386798
3382.000 1425420
3383.000 1192431
3384.000 1388686
3385.000 1166111
3386.000 1205917
3387.000 1168139
3388.000 1108506
3389.000 1085817
3390.000 1128170
3391.000 889733
3392.000 923981
3393.000 847471
3394.000 799945
3395.000 895305
3396.000 764161
3397.000 763596
3398.000 757326
3399.000 727859
3400.000 715023
3401.000 678440
3402.000 744599
3403.000 722194
3404.000 703158
3405.000 712764
3406.000 716966
3407.000 717270
3408.000 707215
3409.000 400192
3410.000 566487
3411.000 1074863
3412.000 605421
3413.000 795277
3414.000 1080246
3415.000 1256216
3416.000 1332868
3417.000 1250897
3418.000 1213733
3419.000 1447905
3420.000 1374431
3421.000 1356968
3422.000 1523937
3423.000 1525108
3424.000 1543185
3425.000 1439478
3426.000 1518637
3427.000 1479371
3428.000 1373869
3429.000 1344518
3430.000 1515345
3431.000 1554270
3432.000 1563953
3433.000 1454414
3434.000 1346820
3435.000 1477895
3436.000 1552007
3437.000 1386452
3438.000 1555350
3439.000 1549229
3440.000 1636194
3441.000 1442432
3442.000 1369701
3443.000 1447959
3444.000 1396846
3445.000 1350962
3446.000 1661155
3447.000 1573618
3448.000 1592873
3449.000 1450149
3450.000 1343313
3451.000 1475277
3452.000 1380836
3453.000 1362267
3454.000 1525146
3455.000 458555
3456.000 203451
3457.000 197705
3458.000 237908
3459.000 253481
3460.000 338275
3461.000 199552
3462.000 377127
3463.000 555316
3464.000 402595
3465.000 465714
3466.000 232795
3467.000 192072
3468.000 179364
3469.000 184089
3470.000 176570
3471.000 175358
3472.000 179957
3473.000 173779
3474.000 186883
3475.000 199637
3476.000 200010
3477.000 197903
3478.000 193891
3479.000 192189
3480.000 199524
3481.000 186507
3482.000 196072
3483.000 185743
3484.000 186621
3485.000 191377
3486.000 184962
3487.000 184366
3488.000 189854
3489.000 183899
3490.000 187703
3491.000 185012
3492.000 182981
3493.000 188876
3494.000 183128
3495.000 183007
3496.000 187324
3497.000 184154
3498.000 187185
3499.000 184427
3500.000 182691
3501.000 188161
3502.000 182513
3503.000 181742
3504.000 187273
3505.000 181423
3506.000 187365
3507.000 181290
3508.000 175826
3509.000 186862
3510.000 173633
3511.000 178164
3512.000 177075
3513.000 245265
