# Slice: eMBB | 112.217.128.203:14782 -> 10.215.173.1:49005 (UDP)
# offset_sec  packet_size_bytes
0.000 197434
1.000 281791
2.000 217535
3.000 166321
4.000 169140
5.000 315553
6.000 196950
7.000 170968
8.000 168600
9.000 317308
10.000 182920
11.000 168660
12.000 168660
13.000 279395
14.000 183401
15.000 170100
16.000 167436
17.000 325766
18.000 183566
19.000 168780
20.000 168780
21.000 372201
22.000 175221
23.000 168660
24.000 168660
25.000 359531
26.000 173102
27.000 169380
28.000 169380
29.000 309322
30.000 174638
31.000 168681
32.000 174399
33.000 337273
34.000 172266
35.000 172447
36.000 166793
37.000 394332
38.000 169992
39.000 170520
40.000 170520
41.000 391889
42.000 167923
43.000 165849
44.000 171471
45.000 318100
46.000 168700
47.000 170760
48.000 170760
49.000 352257
50.000 169340
51.000 168660
52.000 168660
53.000 443506
54.000 166060
55.000 168660
56.000 168660
57.000 390459
58.000 165849
59.000 168660
60.000 168660
61.000 310101
62.000 169140
63.000 169140
64.000 169140
65.000 351615
66.000 190393
67.000 179899
68.000 171898
69.000 435166
70.000 210252
71.000 183971
72.000 198960
73.000 168660
74.000 168918
75.000 168749
76.000 165952
77.000 171571
78.000 168729
79.000 168777
80.000 168756
81.000 168748
82.000 168776
83.000 168777
84.000 168789
85.000 168748
86.000 168759
87.000 168791
88.000 168741
89.000 207110
90.000 180488
91.000 177002
92.000 172454
93.000 168803
94.000 168823
95.000 167901
96.000 171819
97.000 168977
98.000 187381
99.000 174576
100.000 166759
101.000 174064
102.000 168794
103.000 169082
104.000 218803
105.000 208247
106.000 175756
107.000 259965
108.000 174516
109.000 180416
110.000 179360
111.000 173510
112.000 175225
113.000 173070
114.000 172563
115.000 555683
116.000 472191
117.000 166788
118.000 182998
119.000 602313
120.000 214982
121.000 177662
122.000 175580
123.000 169731
124.000 172479
125.000 174985
126.000 178431
127.000 170532
128.000 255485
129.000 212076
130.000 236277
131.000 325743
132.000 177784
133.000 270614
134.000 197837
135.000 198445
136.000 227827
137.000 168660
138.000 171471
139.000 167074
140.000 169956
141.000 170321
142.000 172841
143.000 169648
144.000 168144
145.000 171553
146.000 194836
147.000 169179
148.000 168677
149.000 171568
150.000 166133
151.000 170116
152.000 167267
153.000 168702
154.000 168977
155.000 169565
156.000 169686
157.000 170099
158.000 168867
159.000 168660
160.000 185810
161.000 170438
162.000 173897
163.000 169675
164.000 172354
165.000 169054
166.000 168850
167.000 165967
168.000 171890
169.000 166104
170.000 168903
171.000 171593
172.000 168878
173.000 169139
174.000 166567
175.000 169698
176.000 172293
177.000 597468
178.000 284667
179.000 808493
180.000 1439047
181.000 1552879
182.000 1565529
183.000 1584545
184.000 1350640
185.000 1366392
186.000 1553866
187.000 1266196
188.000 1401808
189.000 1537859
190.000 1411610
191.000 1558672
192.000 1341032
193.000 1346620
194.000 1443501
195.000 1303025
196.000 1461626
197.000 1533746
198.000 1496224
199.000 1550099
200.000 1356600
201.000 1325410
202.000 1432779
203.000 1271468
204.000 1390168
205.000 1563669
206.000 1568884
207.000 1579356
208.000 1329603
209.000 1338496
210.000 1430814
211.000 1277858
212.000 1439069
213.000 1531605
214.000 1538954
215.000 1550760
216.000 1392875
217.000 1321754
218.000 1436138
219.000 1280916
220.000 1403447
221.000 1527167
222.000 1518770
223.000 914937
224.000 380098
225.000 376210
226.000 407935
227.000 570001
228.000 656345
229.000 323487
230.000 797524
231.000 418670
232.000 445979
233.000 441715
234.000 407710
235.000 399222
236.000 358584
237.000 341591
238.000 901491
239.000 538648
240.000 377648
241.000 283016
242.000 285151
243.000 291271
244.000 282305
245.000 290226
246.000 339105
247.000 336165
248.000 341835
249.000 377997
250.000 291968
251.000 330479
252.000 284955
253.000 291854
254.000 321051
255.000 308150
256.000 290647
257.000 284195
258.000 322039
259.000 571988
260.000 510090
261.000 287447
262.000 299889
263.000 291281
264.000 285722
265.000 301582
266.000 290995
267.000 311228
268.000 289753
269.000 289875
270.000 289451
271.000 290380
272.000 281575
273.000 283979
274.000 301572
275.000 285653
276.000 293840
277.000 284167
278.000 291145
279.000 561130
280.000 497585
281.000 289168
282.000 286197
283.000 285179
284.000 289059
285.000 251178
286.000 347826
287.000 169369
288.000 171873
289.000 166024
290.000 171471
291.000 168660
292.000 165849
293.000 171471
294.000 174415
295.000 178799
296.000 170725
297.000 172752
298.000 171838
299.000 168818
300.000 165849
301.000 171850
302.000 169512
303.000 166046
304.000 169396
305.000 171744
306.000 169301
307.000 170729
308.000 170154
309.000 175472
310.000 176253
311.000 172108
312.000 173298
313.000 175728
314.000 175746
315.000 169556
316.000 174324
317.000 177428
318.000 172953
319.000 171916
320.000 171357
321.000 174196
322.000 175798
323.000 171957
324.000 174585
325.000 174162
326.000 175608
327.000 172919
328.000 175568
329.000 176296
330.000 177821
331.000 173673
332.000 175257
333.000 176632
334.000 172694
335.000 169514
336.000 174024
337.000 173816
338.000 172171
339.000 172485
340.000 176508
341.000 174205
342.000 172314
343.000 175721
344.000 171210
345.000 173730
346.000 171994
347.000 172695
348.000 177823
349.000 170626
350.000 175223
351.000 169878
352.000 174159
353.000 173590
354.000 175028
355.000 169816
356.000 174172
357.000 173529
358.000 171448
359.000 176140
360.000 171327
361.000 173300
362.000 171889
363.000 173400
364.000 174149
365.000 173228
366.000 171741
367.000 174950
368.000 174099
369.000 176178
370.000 168901
371.000 173341
372.000 174145
373.000 173282
374.000 171435
375.000 175913
376.000 172268
377.000 171862
378.000 173034
379.000 174143
380.000 173227
381.000 172089
382.000 172968
383.000 174190
384.000 173293
385.000 173811
386.000 174542
387.000 174151
388.000 172762
389.000 172063
390.000 173580
391.000 176953
392.000 169915
393.000 172083
394.000 175917
395.000 611252
396.000 476689
397.000 405042
398.000 472061
399.000 643716
400.000 648606
401.000 777710
402.000 1748818
403.000 1009716
404.000 665508
405.000 761310
406.000 1794237
407.000 877322
408.000 1854310
409.000 1225373
410.000 709710
411.000 1577462
412.000 1333165
413.000 1678172
414.000 1554364
415.000 1543169
416.000 949237
417.000 642405
418.000 1073071
419.000 1758047
420.000 1299106
421.000 1427946
422.000 1529618
423.000 1517716
424.000 1538993
425.000 1490687
426.000 1538655
427.000 1620188
428.000 1660037
429.000 1814333
430.000 1780935
431.000 1866836
432.000 1847473
433.000 1880329
434.000 1873934
435.000 1890848
436.000 1840905
437.000 1859916
438.000 1824589
439.000 1819947
440.000 1865579
441.000 1848762
442.000 1854517
443.000 1710214
444.000 1447782
445.000 1548784
446.000 1791742
447.000 997667
448.000 1069556
449.000 1864051
450.000 1253561
451.000 1225214
452.000 1425901
453.000 1746333
454.000 1706603
455.000 1718690
456.000 1805525
457.000 1677021
458.000 1386371
459.000 1046632
460.000 1469791
461.000 1838352
462.000 1715431
463.000 1818037
464.000 1799909
465.000 1700735
466.000 1775362
467.000 1113507
468.000 941637
469.000 948968
470.000 994099
471.000 1524753
472.000 1605968
473.000 987272
474.000 1220058
475.000 1085729
476.000 1255862
477.000 1071302
478.000 1415433
479.000 1428681
480.000 1358138
481.000 1426078
482.000 1433978
483.000 1710895
484.000 1164278
485.000 1195317
486.000 1719472
487.000 1815885
488.000 1655017
489.000 1556667
490.000 1012184
491.000 1158130
492.000 1046967
493.000 1506072
494.000 1156080
495.000 1084509
496.000 1691214
497.000 1715502
498.000 1784221
499.000 1785982
500.000 1804000
501.000 1702238
502.000 1177469
503.000 1564974
504.000 1822194
505.000 1822601
506.000 1855625
507.000 1224225
508.000 1823700
509.000 1631358
510.000 1467016
511.000 1121572
512.000 518502
513.000 421321
514.000 493074
515.000 457246
516.000 435566
517.000 449882
518.000 439430
519.000 484120
520.000 480992
521.000 527550
522.000 962216
523.000 523472
524.000 485450
525.000 521663
526.000 518101
527.000 489810
528.000 1437002
529.000 1336362
530.000 788877
531.000 1846988
532.000 871420
533.000 1788603
534.000 699829
535.000 1688026
536.000 1825165
537.000 1704357
538.000 1030411
539.000 1442279
540.000 1848168
541.000 1778279
542.000 1784759
543.000 1779111
544.000 1827861
545.000 1808474
546.000 1849758
547.000 1818745
548.000 1755735
549.000 1276547
550.000 1157554
551.000 882170
552.000 824840
553.000 881296
554.000 962652
555.000 879916
556.000 973225
557.000 1070730
558.000 951226
559.000 1488439
560.000 1109976
561.000 1227652
562.000 1110741
563.000 1182794
564.000 1722541
565.000 1696026
566.000 1107966
567.000 1031450
568.000 879838
569.000 948579
570.000 1503324
571.000 900108
572.000 1575520
573.000 513242
574.000 407751
575.000 427369
576.000 1223324
577.000 1004381
578.000 527630
579.000 453958
580.000 437095
581.000 1380539
582.000 744233
583.000 544302
584.000 437245
585.000 442181
586.000 443549
587.000 668963
588.000 698080
589.000 727526
590.000 1684385
591.000 1709377
592.000 1179090
593.000 937740
594.000 889791
595.000 1713374
596.000 632153
597.000 740085
598.000 1190467
599.000 1500957
600.000 704804
601.000 942263
602.000 1176651
603.000 735197
604.000 978654
605.000 1529914
606.000 1148220
607.000 1130391
608.000 864624
609.000 1187204
610.000 1361183
611.000 812741
612.000 779941
613.000 1466845
614.000 1504086
615.000 721591
616.000 799039
617.000 756518
618.000 766645
619.000 656711
620.000 732122
621.000 1148887
622.000 1207913
623.000 869099
624.000 995177
625.000 706885
626.000 712689
627.000 952198
628.000 1519626
629.000 661994
630.000 1358771
631.000 1034863
632.000 1357677
633.000 898495
634.000 693801
635.000 757563
636.000 1074923
637.000 1415336
638.000 776190
639.000 587786
640.000 573295
641.000 602956
642.000 621249
643.000 622093
644.000 567947
645.000 478113
646.000 507588
647.000 516745
648.000 510542
649.000 536467
650.000 586547
651.000 489322
652.000 481424
653.000 724860
654.000 1230406
655.000 1185328
656.000 1380664
657.000 1541693
658.000 1484655
659.000 1346818
660.000 1430536
661.000 1561867
662.000 1586536
663.000 876170
664.000 1814365
665.000 1725486
666.000 1688417
667.000 1787354
668.000 1273018
669.000 1109904
670.000 1355927
671.000 673053
672.000 910050
673.000 693232
674.000 691332
675.000 1048999
676.000 895124
677.000 767419
678.000 866051
679.000 791183
680.000 885597
681.000 1071970
682.000 737744
683.000 1222647
684.000 1718698
685.000 1510147
686.000 1075721
687.000 969037
688.000 677646
689.000 1526775
690.000 773711
691.000 1822629
692.000 1725461
693.000 1268674
694.000 1803518
695.000 1757390
696.000 1713281
697.000 1600081
698.000 1461590
699.000 1477839
700.000 1558254
701.000 1571347
702.000 1687102
703.000 1700072
704.000 1528991
705.000 1534049
706.000 1731346
707.000 1468945
708.000 412199
709.000 393933
710.000 866406
711.000 700488
712.000 839361
713.000 813589
714.000 1621894
715.000 1232931
716.000 1576381
717.000 1641860
718.000 1395400
719.000 1360002
720.000 1306794
721.000 1696185
722.000 1302914
723.000 940806
724.000 1783748
725.000 1308463
726.000 958525
727.000 1050607
728.000 1160715
729.000 1002026
730.000 1398634
731.000 908414
732.000 880809
733.000 957783
734.000 1586900
735.000 1064909
736.000 993496
737.000 1606306
738.000 1809075
739.000 1116357
740.000 1081800
741.000 971538
742.000 942429
743.000 1369396
744.000 1481928
745.000 1737657
746.000 983853
747.000 711542
748.000 709553
749.000 761331
750.000 719769
751.000 732321
752.000 756634
753.000 670677
754.000 658987
755.000 737995
756.000 842251
757.000 1202510
758.000 1320896
759.000 1772670
760.000 818275
761.000 770573
762.000 756185
763.000 811253
764.000 792128
765.000 787866
766.000 734200
767.000 747659
768.000 1092473
769.000 1541485
770.000 1205273
771.000 682550
772.000 684851
773.000 1446537
774.000 1059579
775.000 1472887
776.000 1077913
777.000 1600759
778.000 1590094
779.000 1513338
780.000 1007201
781.000 997479
782.000 1003243
783.000 1086991
784.000 1622686
785.000 1525121
786.000 1481157
787.000 1553733
788.000 1583952
789.000 1697513
790.000 1342959
791.000 1165328
792.000 1214599
793.000 979291
794.000 1401705
795.000 1211025
796.000 1363348
797.000 1199549
798.000 1071936
799.000 1589586
800.000 1091781
801.000 1478266
802.000 1233532
803.000 1269494
804.000 1745036
805.000 1817550
806.000 1270012
807.000 970622
808.000 1178678
809.000 771548
810.000 1564226
811.000 1816905
812.000 999044
813.000 863375
814.000 756023
815.000 740570
816.000 599483
817.000 660297
818.000 581406
819.000 673286
820.000 709564
821.000 707575
822.000 646317
823.000 683635
824.000 616786
825.000 661496
826.000 637132
827.000 675963
828.000 649602
829.000 583942
830.000 975944
831.000 1723403
832.000 1087497
833.000 1267973
834.000 1282209
835.000 1778624
836.000 968924
837.000 1514425
838.000 1624784
839.000 1083558
840.000 1310207
841.000 1373716
842.000 1264438
843.000 1254930
844.000 1308604
845.000 1249761
846.000 1591664
847.000 1449299
848.000 933486
849.000 1284710
850.000 1594876
851.000 1643939
852.000 1485853
853.000 1611243
854.000 1551200
855.000 1441295
856.000 1512318
857.000 1651477
858.000 1565419
859.000 1404177
860.000 1272407
861.000 1409087
862.000 1594606
863.000 1736929
864.000 651391
865.000 474191
866.000 486258
867.000 752261
868.000 537396
869.000 546198
870.000 1636233
871.000 1298699
872.000 466327
873.000 984104
874.000 1730245
875.000 1330385
876.000 1782288
877.000 1640687
878.000 527025
879.000 476215
880.000 577651
881.000 556564
882.000 571196
883.000 492202
884.000 614219
885.000 469605
886.000 492036
887.000 482546
888.000 502229
889.000 1155733
890.000 1674370
891.000 1500526
892.000 1627146
893.000 599728
894.000 524243
895.000 500218
896.000 551902
897.000 486697
898.000 453488
899.000 498756
900.000 1136765
901.000 1843293
902.000 1572193
903.000 1398318
904.000 1424219
905.000 1692842
906.000 1845788
907.000 1812478
908.000 1777906
909.000 1770691
910.000 1776394
911.000 1360736
912.000 1554806
913.000 1566780
914.000 1453268
915.000 1152477
916.000 1617838
917.000 603183
918.000 775607
919.000 665370
920.000 599604
921.000 777686
922.000 868048
923.000 1739789
924.000 1523155
925.000 1587326
926.000 1624414
927.000 1386709
928.000 1405349
929.000 1746574
930.000 1770972
931.000 1285465
932.000 1786151
933.000 1805370
934.000 1172735
935.000 1327582
936.000 677411
937.000 709795
938.000 665159
939.000 668162
940.000 669121
941.000 677947
942.000 662469
943.000 668904
944.000 678955
945.000 630756
946.000 771347
947.000 996502
948.000 1787121
949.000 1532774
950.000 1517532
951.000 1371231
952.000 1080552
953.000 1619481
954.000 1255801
955.000 1597655
956.000 999069
957.000 1697105
958.000 1112928
959.000 1477239
960.000 1278328
961.000 1084131
962.000 1291315
963.000 1022081
964.000 1606366
965.000 1565416
966.000 1454601
967.000 1463069
968.000 1546240
969.000 1598891
970.000 1437345
971.000 1420301
972.000 1737622
973.000 1737693
974.000 1294608
975.000 1184708
976.000 936719
977.000 1129766
978.000 1401273
979.000 1111023
980.000 1229158
981.000 1354053
982.000 1352291
983.000 1207174
984.000 1304836
985.000 1321166
986.000 1233436
987.000 1290454
988.000 1370665
989.000 1395827
990.000 1693862
991.000 954843
992.000 928404
993.000 1045287
994.000 1235848
995.000 1135797
996.000 1392246
997.000 1500597
998.000 1626295
999.000 1771835
1000.000 1641394
1001.000 969762
1002.000 1032836
1003.000 1096966
1004.000 1041152
1005.000 947917
1006.000 1001571
1007.000 1072098
1008.000 984275
1009.000 1018767
1010.000 1101606
1011.000 895044
1012.000 772323
1013.000 1296486
1014.000 1738258
1015.000 1109058
1016.000 1470609
1017.000 1538798
1018.000 1648441
1019.000 1223287
1020.000 1358103
1021.000 1286415
1022.000 1450406
1023.000 1560288
1024.000 1562648
1025.000 1275578
1026.000 1002577
1027.000 413856
1028.000 390639
1029.000 391922
1030.000 400947
1031.000 649060
1032.000 1405157
1033.000 1856245
1034.000 1285159
1035.000 1464896
1036.000 1352924
1037.000 755492
1038.000 735077
1039.000 684521
1040.000 1149711
1041.000 1482666
1042.000 1834865
1043.000 1307403
1044.000 1581195
1045.000 1252629
1046.000 926854
1047.000 1001351
1048.000 974693
1049.000 941417
1050.000 1822895
1051.000 1579588
1052.000 1651381
1053.000 1128943
1054.000 1489124
1055.000 1829470
1056.000 1658003
1057.000 1841359
1058.000 1868302
1059.000 1091242
1060.000 1598790
1061.000 1238507
1062.000 1213091
1063.000 1347579
1064.000 1315199
1065.000 1617926
1066.000 1309123
1067.000 1160288
1068.000 1179476
1069.000 1861546
1070.000 1505753
1071.000 1243167
1072.000 1346673
1073.000 1918863
1074.000 987906
1075.000 1082327
1076.000 1153698
1077.000 997067
1078.000 1158624
1079.000 912297
1080.000 805249
1081.000 821839
1082.000 855917
1083.000 1031728
1084.000 1577736
1085.000 1620775
1086.000 1098983
1087.000 1387562
1088.000 1325227
1089.000 1021609
1090.000 1356300
1091.000 1378557
1092.000 1383341
1093.000 1133040
1094.000 1028955
1095.000 1157678
1096.000 991243
1097.000 1042264
1098.000 1015505
1099.000 891594
1100.000 970961
1101.000 1115603
1102.000 955751
1103.000 931415
1104.000 1038929
1105.000 1100952
1106.000 949166
1107.000 1004021
1108.000 990041
1109.000 1459428
1110.000 1842417
1111.000 1824976
1112.000 1812868
1113.000 1828060
1114.000 1786674
1115.000 1658999
1116.000 1458777
1117.000 1524203
1118.000 1503670
1119.000 1525823
1120.000 1468269
1121.000 1747964
1122.000 1622356
1123.000 1466090
1124.000 1546051
1125.000 1618023
1126.000 959845
1127.000 1350096
1128.000 1685937
1129.000 1614754
1130.000 1418552
1131.000 1231945
1132.000 411937
1133.000 379003
1134.000 409887
1135.000 565465
1136.000 442327
1137.000 513723
1138.000 807064
1139.000 1704897
1140.000 1263114
1141.000 1598945
1142.000 1216551
1143.000 1845086
1144.000 1661907
1145.000 1327404
1146.000 1058491
1147.000 1062286
1148.000 1802982
1149.000 1245636
1150.000 1761554
1151.000 1082002
1152.000 1507114
1153.000 1089797
1154.000 901286
1155.000 1397615
1156.000 1126911
1157.000 958720
1158.000 934880
1159.000 862868
1160.000 845535
1161.000 820930
1162.000 808431
1163.000 879939
1164.000 932506
1165.000 898256
1166.000 863072
1167.000 897776
1168.000 894498
1169.000 1639768
1170.000 1622060
1171.000 987768
1172.000 1733976
1173.000 1479218
1174.000 1612859
1175.000 1530993
1176.000 1855004
1177.000 1583922
1178.000 1010958
1179.000 1000097
1180.000 1048670
1181.000 976994
1182.000 1040619
1183.000 1624123
1184.000 1600255
1185.000 1803386
1186.000 1843884
1187.000 1536375
1188.000 1652089
1189.000 1295220
1190.000 762891
1191.000 1333851
1192.000 1812707
1193.000 1760210
1194.000 1695847
1195.000 1622739
1196.000 1453062
1197.000 1410679
1198.000 1476769
1199.000 1613668
1200.000 783153
1201.000 425388
1202.000 405268
1203.000 334936
1204.000 390795
1205.000 398355
1206.000 1495042
1207.000 1723769
1208.000 1761175
1209.000 1223767
1210.000 1071410
1211.000 1488560
1212.000 1358260
1213.000 1156853
1214.000 808134
1215.000 710987
1216.000 925486
1217.000 901429
1218.000 1306698
1219.000 1116950
1220.000 779372
1221.000 1089031
1222.000 719848
1223.000 550282
1224.000 507851
1225.000 1813384
1226.000 776729
1227.000 1131711
1228.000 1854760
1229.000 1248755
1230.000 1851666
1231.000 1827092
1232.000 1810624
1233.000 1803523
1234.000 1793368
1235.000 1822951
1236.000 1779575
1237.000 1659059
1238.000 1112052
1239.000 1388329
1240.000 1224011
1241.000 1696873
1242.000 1536163
1243.000 1731494
1244.000 1336220
1245.000 1394631
1246.000 1740241
1247.000 1581511
1248.000 1415152
1249.000 1261444
1250.000 1418226
1251.000 1726893
1252.000 1785835
1253.000 1748496
1254.000 1704352
1255.000 1834958
1256.000 1827620
1257.000 1802372
1258.000 1428505
1259.000 880782
1260.000 1627755
1261.000 1579445
1262.000 1092215
1263.000 1192568
1264.000 1879429
1265.000 1867177
1266.000 1880212
1267.000 1764531
1268.000 906159
1269.000 1620335
1270.000 1817549
1271.000 1697038
1272.000 1695432
1273.000 1745104
1274.000 1711895
1275.000 1589861
1276.000 1633754
1277.000 1827257
1278.000 1773261
1279.000 1078894
1280.000 1649672
1281.000 1597809
1282.000 1054445
1283.000 1247670
1284.000 1563046
1285.000 1847468
1286.000 1370330
1287.000 1454106
1288.000 1742630
1289.000 1206050
1290.000 1417405
1291.000 1158168
1292.000 1465197
1293.000 941599
1294.000 1280859
1295.000 1194824
1296.000 1346073
1297.000 1227255
1298.000 1150121
1299.000 1319105
1300.000 1296938
1301.000 1137069
1302.000 1487846
1303.000 1075838
1304.000 1106704
1305.000 1321820
1306.000 1419893
1307.000 1602306
1308.000 1881957
1309.000 1787016
1310.000 1213623
1311.000 1770120
1312.000 1004308
1313.000 530621
1314.000 523997
1315.000 1232722
1316.000 1620553
1317.000 1823901
1318.000 1817995
1319.000 1779209
1320.000 1746497
1321.000 1695069
1322.000 1670965
1323.000 1673387
1324.000 1565265
1325.000 1028710
1326.000 1370798
1327.000 1095290
1328.000 1195998
1329.000 936529
1330.000 1310671
1331.000 1851622
1332.000 1824236
1333.000 1782554
1334.000 1784982
1335.000 1407359
1336.000 955292
1337.000 1289031
1338.000 1287418
1339.000 1573590
1340.000 1558064
1341.000 2286372
1342.000 1240808
1343.000 1845216
1344.000 1179789
1345.000 1425882
1346.000 1809666
1347.000 1209429
1348.000 1599413
1349.000 1567597
1350.000 1852221
1351.000 1780151
1352.000 1730614
1353.000 906446
1354.000 1504910
1355.000 1566930
1356.000 1768127
1357.000 1854529
1358.000 1777521
1359.000 1843975
1360.000 1742935
1361.000 1755028
1362.000 1710099
1363.000 1337893
1364.000 1781578
1365.000 1349768
1366.000 956913
1367.000 1427633
1368.000 1416141
1369.000 1363942
1370.000 1201212
1371.000 1440477
1372.000 1499429
1373.000 1287518
1374.000 1353568
1375.000 1393476
1376.000 1157155
1377.000 1287730
1378.000 1715919
1379.000 1032928
1380.000 402540
1381.000 265265
1382.000 246203
1383.000 225229
1384.000 171398
1385.000 169878
1386.000 171907
1387.000 169416
1388.000 170019
1389.000 169616
1390.000 174325
1391.000 169428
1392.000 168660
1393.000 168660
1394.000 165849
1395.000 168807
1396.000 171324
1397.000 173821
1398.000 186066
1399.000 168660
1400.000 210503
1401.000 927579
1402.000 1701159
1403.000 1026305
1404.000 512992
1405.000 321380
1406.000 507727
1407.000 171481
1408.000 176398
1409.000 165945
1410.000 408796
1411.000 194274
1412.000 229104
1413.000 259720
1414.000 215699
1415.000 300536
1416.000 217874
1417.000 209698
1418.000 258017
1419.000 220623
1420.000 289584
1421.000 178797
1422.000 199145
1423.000 204015
1424.000 190015
1425.000 176862
1426.000 168728
1427.000 202051
1428.000 253968
1429.000 196945
1430.000 1262575
1431.000 1573500
1432.000 1245681
1433.000 1160387
1434.000 1194596
1435.000 980873
1436.000 1172216
1437.000 1578136
1438.000 1055562
1439.000 190435
1440.000 248616
1441.000 265726
1442.000 232102
1443.000 905969
1444.000 1278686
1445.000 584791
1446.000 186480
1447.000 547405
1448.000 187502
1449.000 188159
1450.000 236388
1451.000 793889
1452.000 827011
1453.000 195518
1454.000 465580
1455.000 298615
1456.000 1311487
1457.000 279381
1458.000 570982
1459.000 181354
1460.000 235578
1461.000 233279
1462.000 214939
1463.000 193270
1464.000 222183
1465.000 176238
1466.000 220183
1467.000 687247
1468.000 999936
1469.000 209630
1470.000 184439
1471.000 627945
1472.000 218965
1473.000 195664
1474.000 188742
1475.000 178645
1476.000 414545
1477.000 496041
1478.000 456135
1479.000 1497510
1480.000 1631143
1481.000 1383552
1482.000 1324594
1483.000 1457081
1484.000 1288541
1485.000 1385318
1486.000 1538787
1487.000 1514901
1488.000 1555514
1489.000 1381673
1490.000 1239874
1491.000 1042840
1492.000 1158088
1493.000 1378332
1494.000 1558775
1495.000 1464904
1496.000 1539041
1497.000 1205532
1498.000 1198592
1499.000 1287034
1500.000 1218440
1501.000 1227604
1502.000 1351992
1503.000 1303310
1504.000 1417488
1505.000 1245698
1506.000 1189714
1507.000 1314325
1508.000 1160535
1509.000 1239095
1510.000 1452882
1511.000 1361620
1512.000 1431075
1513.000 1231915
1514.000 1211213
1515.000 1300070
1516.000 1164528
1517.000 1251418
1518.000 1361390
1519.000 1345296
1520.000 1473503
1521.000 1251137
1522.000 1213000
1523.000 1323237
1524.000 1147714
1525.000 1253540
1526.000 1378422
1527.000 1324628
1528.000 1440024
1529.000 1219752
1530.000 1273973
1531.000 1334067
1532.000 1163983
1533.000 1227735
1534.000 1396287
1535.000 1343484
1536.000 1404479
1537.000 1236906
1538.000 1218320
1539.000 1296936
1540.000 1231391
1541.000 1254497
1542.000 1377691
1543.000 1346175
1544.000 1428642
1545.000 1217438
1546.000 1209043
1547.000 1303987
1548.000 1176571
1549.000 1241800
1550.000 1436331
1551.000 1361379
1552.000 1408959
1553.000 1235097
1554.000 1211658
1555.000 1318813
1556.000 1161555
1557.000 1236775
1558.000 1387398
1559.000 1346242
1560.000 1477159
1561.000 1242992
1562.000 1200051
1563.000 1314929
1564.000 1144190
1565.000 1130651
1566.000 548924
1567.000 810017
1568.000 443528
1569.000 456120
1570.000 437363
1571.000 482926
1572.000 467802
1573.000 447867
1574.000 445556
1575.000 470667
1576.000 464611
1577.000 454928
1578.000 473543
1579.000 483792
1580.000 461596
1581.000 465087
1582.000 441704
1583.000 445670
1584.000 470509
1585.000 433919
1586.000 660764
1587.000 611516
1588.000 471182
1589.000 439288
1590.000 436715
1591.000 438594
1592.000 473719
1593.000 446935
1594.000 418016
1595.000 432824
1596.000 422135
1597.000 428004
1598.000 450974
1599.000 418281
1600.000 416959
1601.000 442806
1602.000 858387
1603.000 465231
1604.000 453548
1605.000 434553
1606.000 438607
1607.000 433321
1608.000 443799
1609.000 434483
1610.000 429954
1611.000 472103
1612.000 470437
1613.000 442217
1614.000 453273
1615.000 431526
1616.000 440314
1617.000 443400
1618.000 429515
1619.000 430030
1620.000 430892
1621.000 432474
1622.000 431386
1623.000 365336
1624.000 166749
1625.000 172085
1626.000 165923
1627.000 168660
1628.000 168660
1629.000 171123
1630.000 178039
1631.000 174562
1632.000 171962
1633.000 176159
1634.000 166563
1635.000 171686
1636.000 173391
1637.000 166891
1638.000 178393
1639.000 172195
1640.000 177037
1641.000 171008
1642.000 175316
1643.000 172271
1644.000 173785
1645.000 176579
1646.000 169366
1647.000 175272
1648.000 173959
1649.000 173447
1650.000 174269
1651.000 173154
1652.000 174134
1653.000 173236
1654.000 172166
1655.000 175304
1656.000 174210
1657.000 173194
1658.000 172112
1659.000 172980
1660.000 176429
1661.000 173266
1662.000 172121
1663.000 172971
1664.000 174178
1665.000 176499
1666.000 168904
1667.000 173643
1668.000 178428
1669.000 175945
1670.000 174353
1671.000 170399
1672.000 591392
1673.000 418815
1674.000 422802
1675.000 606545
1676.000 1368086
1677.000 789276
1678.000 319366
1679.000 279892
1680.000 295549
1681.000 298645
1682.000 281296
1683.000 262673
1684.000 279421
1685.000 263691
1686.000 278026
1687.000 339345
1688.000 304402
1689.000 285670
1690.000 379353
1691.000 399553
1692.000 378472
1693.000 645882
1694.000 373513
1695.000 358099
1696.000 306773
1697.000 353187
1698.000 375811
1699.000 344006
1700.000 370649
1701.000 330987
1702.000 322963
1703.000 335801
1704.000 319514
1705.000 303611
1706.000 317804
1707.000 343133
1708.000 385199
1709.000 445826
1710.000 350293
1711.000 388778
1712.000 465103
1713.000 370171
1714.000 348661
1715.000 748381
1716.000 544978
1717.000 552390
1718.000 486914
1719.000 584066
1720.000 631284
1721.000 528291
1722.000 538705
1723.000 526602
1724.000 517047
1725.000 516669
1726.000 526022
1727.000 466590
1728.000 508302
1729.000 527869
1730.000 468617
1731.000 536118
1732.000 515692
1733.000 539984
1734.000 526108
1735.000 521090
1736.000 505216
1737.000 511672
1738.000 933015
1739.000 1442286
1740.000 856980
1741.000 1764090
1742.000 688660
1743.000 415981
1744.000 448371
1745.000 424389
1746.000 440457
1747.000 442889
1748.000 441890
1749.000 702414
1750.000 492501
1751.000 462498
1752.000 1209182
1753.000 1657090
1754.000 1825512
1755.000 1814756
1756.000 1840351
1757.000 1145169
1758.000 1023347
1759.000 1779130
1760.000 1789969
1761.000 1788166
1762.000 1787581
1763.000 1778928
1764.000 1801848
1765.000 1691568
1766.000 1673171
1767.000 1550990
1768.000 1541424
1769.000 813229
1770.000 1133724
1771.000 1828549
1772.000 1697720
1773.000 1532526
1774.000 1377000
1775.000 1540599
1776.000 1760556
1777.000 1818998
1778.000 1791554
1779.000 1752859
1780.000 1443301
1781.000 1755991
1782.000 1744058
1783.000 1784456
1784.000 1740370
1785.000 1120121
1786.000 1688684
1787.000 1491299
1788.000 1229613
1789.000 1647300
1790.000 1400648
1791.000 1713333
1792.000 1353368
1793.000 1649781
1794.000 1625205
1795.000 1574365
1796.000 1349911
1797.000 1230008
1798.000 1364107
1799.000 1784986
1800.000 1528336
1801.000 1810076
1802.000 964473
1803.000 1022076
1804.000 1593484
1805.000 1583223
1806.000 1354728
1807.000 1021832
1808.000 1665586
1809.000 1389994
1810.000 914890
1811.000 801414
1812.000 1456290
1813.000 1748163
1814.000 1821631
1815.000 1757682
1816.000 1059366
1817.000 624493
1818.000 1496877
1819.000 950535
1820.000 515877
1821.000 493833
1822.000 463269
1823.000 667341
1824.000 538842
1825.000 542480
1826.000 681944
1827.000 1573775
1828.000 1783710
1829.000 1748548
1830.000 1708437
1831.000 1805420
1832.000 1751145
1833.000 900028
1834.000 1627587
1835.000 1802069
1836.000 1605205
1837.000 1778200
1838.000 1770713
1839.000 1697187
1840.000 1752868
1841.000 1703007
1842.000 1594973
1843.000 1571461
1844.000 1355779
1845.000 1619944
1846.000 1508206
1847.000 1273290
1848.000 1532254
1849.000 1503215
1850.000 1688901
1851.000 1329729
1852.000 1605274
1853.000 1322083
1854.000 1185988
1855.000 1684329
1856.000 1636964
1857.000 1567878
1858.000 1725881
1859.000 1785375
1860.000 1401176
1861.000 1434539
1862.000 1530862
1863.000 1653777
1864.000 1685774
1865.000 1619876
1866.000 1605607
1867.000 897081
1868.000 728881
1869.000 936637
1870.000 1492201
1871.000 1537387
1872.000 474306
1873.000 607559
1874.000 434078
1875.000 339893
1876.000 356759
1877.000 371034
1878.000 370790
1879.000 354093
1880.000 339676
1881.000 357958
1882.000 362035
1883.000 384645
1884.000 350288
1885.000 555025
1886.000 645623
1887.000 1378981
1888.000 652780
1889.000 488280
1890.000 486770
1891.000 511785
1892.000 1745126
1893.000 1647832
1894.000 1732418
1895.000 1318717
1896.000 1285459
1897.000 1386152
1898.000 1328351
1899.000 1472126
1900.000 1523855
1901.000 1724291
1902.000 1613205
1903.000 1647295
1904.000 1524049
1905.000 1660889
1906.000 1525303
1907.000 1637597
1908.000 1676125
1909.000 1622523
1910.000 1546509
1911.000 1620591
1912.000 1569811
1913.000 1421125
1914.000 1624119
1915.000 1733938
1916.000 1722705
1917.000 1674655
1918.000 1678164
1919.000 1688556
1920.000 1629959
1921.000 1575799
1922.000 1461451
1923.000 1477564
1924.000 1786206
1925.000 1652656
1926.000 1626967
1927.000 1650124
1928.000 1680473
1929.000 1328792
1930.000 1369237
1931.000 1814018
1932.000 1841845
1933.000 1826555
1934.000 1653013
1935.000 1793522
1936.000 1247346
1937.000 1116935
1938.000 1840474
1939.000 1640305
1940.000 1107510
1941.000 1272502
1942.000 1377220
1943.000 1421919
1944.000 1824292
1945.000 1035686
1946.000 1196448
1947.000 1366127
1948.000 1544507
1949.000 1453349
1950.000 1481095
1951.000 1420216
1952.000 1335130
1953.000 1341342
1954.000 830097
1955.000 714563
1956.000 609109
1957.000 1422676
1958.000 635170
1959.000 869987
1960.000 599351
1961.000 792690
1962.000 1612096
1963.000 1796698
1964.000 1596325
1965.000 1558756
1966.000 1605376
1967.000 1488705
1968.000 1680586
1969.000 1178164
1970.000 856564
1971.000 1630195
1972.000 1623043
1973.000 765769
1974.000 759360
1975.000 1733164
1976.000 1792925
1977.000 1789034
1978.000 1809458
1979.000 1788667
1980.000 1772302
1981.000 1637347
1982.000 1578811
1983.000 1636760
1984.000 1297944
1985.000 1650926
1986.000 1698891
1987.000 1041091
1988.000 1561577
1989.000 1724132
1990.000 1676915
1991.000 1642608
1992.000 1362134
1993.000 1632813
1994.000 1469069
1995.000 971868
1996.000 1428868
1997.000 1340993
1998.000 1833711
1999.000 1829378
2000.000 1650607
2001.000 1230153
2002.000 1447682
2003.000 1829665
2004.000 1833584
2005.000 1338711
2006.000 772272
2007.000 404935
2008.000 381726
2009.000 443062
2010.000 378592
2011.000 662468
2012.000 456972
2013.000 508324
2014.000 395267
2015.000 438603
2016.000 358664
2017.000 677618
2018.000 1058797
2019.000 555387
2020.000 495340
2021.000 680208
2022.000 833251
2023.000 831185
2024.000 1188525
2025.000 1286287
2026.000 1854872
2027.000 1779558
2028.000 1835413
2029.000 1789239
2030.000 1782670
2031.000 1802917
2032.000 1798554
2033.000 1823405
2034.000 1706684
2035.000 1684466
2036.000 1282071
2037.000 1160497
2038.000 1051857
2039.000 1429955
2040.000 1217183
2041.000 1741692
2042.000 1665137
2043.000 1501475
2044.000 1551573
2045.000 1280222
2046.000 615049
2047.000 549310
2048.000 984682
2049.000 1862485
2050.000 1820720
2051.000 1800767
2052.000 1408445
2053.000 1601775
2054.000 1009890
2055.000 1545303
2056.000 1381640
2057.000 1089628
2058.000 917713
2059.000 580355
2060.000 656837
2061.000 527592
2062.000 525252
2063.000 1440155
2064.000 1780869
2065.000 1796316
2066.000 1806808
2067.000 1836878
2068.000 1831602
2069.000 991063
2070.000 1193650
2071.000 1746645
2072.000 1586447
2073.000 1657409
2074.000 1648041
2075.000 1769197
2076.000 1744826
2077.000 1661214
2078.000 1757035
2079.000 1191046
2080.000 1573753
2081.000 1742710
2082.000 1670104
2083.000 1657742
2084.000 1515850
2085.000 1722206
2086.000 1714216
2087.000 1691947
2088.000 1538924
2089.000 1526920
2090.000 1496409
2091.000 1506946
2092.000 1449248
2093.000 1472292
2094.000 1758398
2095.000 1635532
2096.000 1365685
2097.000 1476244
2098.000 1175463
2099.000 1324524
2100.000 1405181
2101.000 1182346
2102.000 1547247
2103.000 1527766
2104.000 1526463
2105.000 1703193
2106.000 1520363
2107.000 1396041
2108.000 1544691
2109.000 1807331
2110.000 1788468
2111.000 1653849
2112.000 1658869
2113.000 1144140
2114.000 761647
2115.000 713108
2116.000 1007458
2117.000 663237
2118.000 470012
2119.000 540283
2120.000 420538
2121.000 431338
2122.000 396108
2123.000 420780
2124.000 419559
2125.000 547885
2126.000 499900
2127.000 466845
2128.000 427169
2129.000 682308
2130.000 1589641
2131.000 1807552
2132.000 676601
2133.000 709388
2134.000 587920
2135.000 587262
2136.000 926519
2137.000 1686016
2138.000 1827549
2139.000 1774522
2140.000 1786447
2141.000 1861395
2142.000 1774699
2143.000 1749862
2144.000 1662793
2145.000 1348510
2146.000 1386997
2147.000 1731489
2148.000 1605555
2149.000 1290364
2150.000 1361781
2151.000 1250799
2152.000 1478227
2153.000 1463378
2154.000 1568125
2155.000 1716632
2156.000 1411128
2157.000 1654200
2158.000 1588466
2159.000 1453775
2160.000 1504510
2161.000 1497672
2162.000 967515
2163.000 1530927
2164.000 1455032
2165.000 963643
2166.000 883378
2167.000 481491
2168.000 874339
2169.000 1623335
2170.000 1558610
2171.000 1602967
2172.000 1646236
2173.000 1746479
2174.000 1732518
2175.000 971299
2176.000 1726534
2177.000 1756870
2178.000 1122445
2179.000 1219145
2180.000 583487
2181.000 589430
2182.000 750474
2183.000 659051
2184.000 580884
2185.000 853512
2186.000 1563250
2187.000 1857434
2188.000 1821212
2189.000 1810703
2190.000 1749725
2191.000 1804078
2192.000 1737241
2193.000 1809905
2194.000 1875559
2195.000 1744291
2196.000 1514159
2197.000 1604345
2198.000 1057342
2199.000 1360412
2200.000 1336722
2201.000 1651970
2202.000 1585818
2203.000 1369733
2204.000 1541068
2205.000 1675214
2206.000 1682987
2207.000 1567444
2208.000 1149547
2209.000 1203366
2210.000 1472155
2211.000 999288
2212.000 519819
2213.000 562764
2214.000 1315681
2215.000 1390308
2216.000 1055794
2217.000 1555701
2218.000 1488052
2219.000 1527215
2220.000 1593139
2221.000 1572947
2222.000 880121
2223.000 581077
2224.000 537362
2225.000 1376286
2226.000 1061102
2227.000 1456849
2228.000 746299
2229.000 1472597
2230.000 1544842
2231.000 1821772
2232.000 1380102
2233.000 877969
2234.000 721792
2235.000 690371
2236.000 527926
2237.000 971257
2238.000 1723052
2239.000 1804160
2240.000 1785672
2241.000 1760212
2242.000 1596794
2243.000 1444936
2244.000 1412558
2245.000 1258987
2246.000 1154885
2247.000 1558125
2248.000 1611061
2249.000 1175330
2250.000 1041679
2251.000 1622167
2252.000 1778772
2253.000 1720338
2254.000 1198620
2255.000 1068902
2256.000 1418193
2257.000 1674921
2258.000 1479040
2259.000 1679809
2260.000 1601388
2261.000 1490868
2262.000 1747638
2263.000 1090713
2264.000 1244662
2265.000 1266468
2266.000 1153202
2267.000 1535642
2268.000 1532153
2269.000 1253856
2270.000 1556909
2271.000 630352
2272.000 254681
2273.000 170927
2274.000 173536
2275.000 170266
2276.000 168805
2277.000 168660
2278.000 170131
2279.000 176985
2280.000 165953
2281.000 168660
2282.000 168660
2283.000 168660
2284.000 168660
2285.000 168660
2286.000 183251
2287.000 179584
2288.000 179268
2289.000 736840
2290.000 1109945
2291.000 1276397
2292.000 1021223
2293.000 713961
2294.000 460241
2295.000 1177201
2296.000 1484554
2297.000 1360003
2298.000 1454186
2299.000 1430413
2300.000 1276320
2301.000 1480161
2302.000 1531052
2303.000 1553734
2304.000 1482132
2305.000 1333630
2306.000 1447598
2307.000 1241979
2308.000 1290596
2309.000 1413846
2310.000 1386260
2311.000 1403221
2312.000 1497714
2313.000 1342697
2314.000 1305015
2315.000 1400761
2316.000 1318648
2317.000 1460216
2318.000 1201632
2319.000 1398848
2320.000 1485441
2321.000 1362127
2322.000 1387544
2323.000 1307265
2324.000 1039663
2325.000 1497391
2326.000 1559486
2327.000 1517129
2328.000 1512274
2329.000 1349465
2330.000 1395609
2331.000 949524
2332.000 190333
2333.000 168251
2334.000 406328
2335.000 552685
2336.000 712002
2337.000 364360
2338.000 686503
2339.000 333603
2340.000 230509
2341.000 176935
2342.000 170312
2343.000 363484
2344.000 171273
2345.000 551703
2346.000 240498
2347.000 216797
2348.000 950942
2349.000 1399671
2350.000 1554758
2351.000 1490010
2352.000 1586444
2353.000 1375796
2354.000 1319829
2355.000 1471546
2356.000 710274
2357.000 332822
2358.000 1492625
2359.000 1448172
2360.000 1062602
2361.000 943712
2362.000 566682
2363.000 887371
2364.000 1291127
2365.000 1421377
2366.000 704598
2367.000 801080
2368.000 1676487
2369.000 1440028
2370.000 1134127
2371.000 705304
2372.000 467264
2373.000 1399388
2374.000 1573097
2375.000 1566010
2376.000 1636023
2377.000 1409587
2378.000 1323391
2379.000 1483618
2380.000 1316298
2381.000 1342193
2382.000 1580388
2383.000 1349895
2384.000 1543156
2385.000 793158
2386.000 1262443
2387.000 1475194
2388.000 1332163
2389.000 1348744
2390.000 1563612
2391.000 1515237
2392.000 1609728
2393.000 1359951
2394.000 1334646
2395.000 1516050
2396.000 1342524
2397.000 1363240
2398.000 1568863
2399.000 1517291
2400.000 1580094
2401.000 1382069
2402.000 1331966
2403.000 1465220
2404.000 1314701
2405.000 1392360
2406.000 1610644
2407.000 1521226
2408.000 1603514
2409.000 1361913
2410.000 1340728
2411.000 1459757
2412.000 1315411
2413.000 1349690
2414.000 1569294
2415.000 1520569
2416.000 1651176
2417.000 1362785
2418.000 1344234
2419.000 1460685
2420.000 1323130
2421.000 1341430
2422.000 1571688
2423.000 1519829
2424.000 1581909
2425.000 1403386
2426.000 1374600
2427.000 1028502
2428.000 1350547
2429.000 1328681
2430.000 1517584
2431.000 1541507
2432.000 1572164
2433.000 1419542
2434.000 1351408
2435.000 1450052
2436.000 1421882
2437.000 1322618
2438.000 1522124
2439.000 1523447
2440.000 1573118
2441.000 1441457
2442.000 1344240
2443.000 1300406
2444.000 558500
2445.000 919867
2446.000 498079
2447.000 456171
2448.000 441472
2449.000 441130
2450.000 419088
2451.000 424959
2452.000 420010
2453.000 633510
2454.000 344500
2455.000 347239
2456.000 1047009
2457.000 399834
2458.000 357890
2459.000 348073
2460.000 293686
2461.000 288375
2462.000 290129
2463.000 287448
2464.000 290888
2465.000 280425
2466.000 286494
2467.000 288451
2468.000 285365
2469.000 284840
2470.000 278414
2471.000 287685
2472.000 284666
2473.000 285274
2474.000 281715
2475.000 285143
2476.000 287974
2477.000 280708
2478.000 288256
2479.000 285485
2480.000 284302
2481.000 285144
2482.000 279830
2483.000 788031
2484.000 284711
2485.000 280321
2486.000 284370
2487.000 287533
2488.000 283918
2489.000 279525
2490.000 284540
2491.000 284946
2492.000 287197
2493.000 284849
2494.000 285079
2495.000 279857
2496.000 284066
2497.000 287850
2498.000 284822
2499.000 285166
2500.000 282486
2501.000 280248
2502.000 284218
2503.000 781870
2504.000 284174
2505.000 283234
2506.000 289388
2507.000 294790
2508.000 262753
2509.000 356002
2510.000 175918
2511.000 171610
2512.000 170542
2513.000 169315
2514.000 165988
2515.000 175936
2516.000 172186
2517.000 169362
2518.000 168660
2519.000 168769
2520.000 168660
2521.000 170151
2522.000 168660
2523.000 170673
2524.000 173499
2525.000 168053
2526.000 170058
2527.000 170237
2528.000 180010
2529.000 173779
2530.000 170375
2531.000 174522
2532.000 176650
2533.000 171992
2534.000 172663
2535.000 174176
2536.000 173531
2537.000 170490
2538.000 534964
2539.000 415944
2540.000 364091
2541.000 381414
2542.000 487516
2543.000 727010
2544.000 1041014
2545.000 563622
2546.000 1455026
2547.000 1534701
2548.000 1402109
2549.000 1417258
2550.000 1505327
2551.000 877186
2552.000 1243380
2553.000 1627479
2554.000 1439698
2555.000 1429457
2556.000 1450021
2557.000 1472077
2558.000 1259223
2559.000 1320863
2560.000 1475263
2561.000 552819
2562.000 1297168
2563.000 1775837
2564.000 839260
2565.000 1665120
2566.000 1787904
2567.000 1502743
2568.000 1425804
2569.000 1455846
2570.000 1452531
2571.000 1555969
2572.000 1503457
2573.000 1518770
2574.000 1597710
2575.000 1782454
2576.000 1854600
2577.000 1808554
2578.000 1845891
2579.000 1903779
2580.000 1855341
2581.000 1920630
2582.000 1840456
2583.000 1824016
2584.000 1043434
2585.000 1104264
2586.000 1613652
2587.000 1054992
2588.000 1609927
2589.000 1831189
2590.000 1839455
2591.000 1826472
2592.000 1516738
2593.000 1802192
2594.000 1827802
2595.000 1866097
2596.000 1852783
2597.000 1897852
2598.000 1745104
2599.000 1631774
2600.000 1446093
2601.000 1475052
2602.000 1058790
2603.000 1068513
2604.000 1120401
2605.000 903944
2606.000 1016025
2607.000 1217055
2608.000 1283436
2609.000 1188585
2610.000 1149530
2611.000 1488639
2612.000 1250075
2613.000 1717620
2614.000 1301455
2615.000 1848997
2616.000 1208232
2617.000 971636
2618.000 1761582
2619.000 1604433
2620.000 1724692
2621.000 1813104
2622.000 1738928
2623.000 1715709
2624.000 1317446
2625.000 1211087
2626.000 1534640
2627.000 1720458
2628.000 1690675
2629.000 1651170
2630.000 1206814
2631.000 1833936
2632.000 1720809
2633.000 1793149
2634.000 1761913
2635.000 1217643
2636.000 1239272
2637.000 1074127
2638.000 1803221
2639.000 1095891
2640.000 1018064
2641.000 1037949
2642.000 880526
2643.000 857595
2644.000 935413
2645.000 853850
2646.000 945872
2647.000 1023327
2648.000 956379
2649.000 1036894
2650.000 1353260
2651.000 1725233
2652.000 1778466
2653.000 1806330
2654.000 1753232
2655.000 1545823
2656.000 1084462
2657.000 907320
2658.000 815600
2659.000 884668
2660.000 1077675
2661.000 1868222
2662.000 1804587
2663.000 1872294
2664.000 1837111
2665.000 1837846
2666.000 1516129
2667.000 1408910
2668.000 1530750
2669.000 1784819
2670.000 1757759
2671.000 1852825
2672.000 1817781
2673.000 1816604
2674.000 1856872
2675.000 1820895
2676.000 1809238
2677.000 1849050
2678.000 1850190
2679.000 1785504
2680.000 1814202
2681.000 1779360
2682.000 1293437
2683.000 1682076
2684.000 1060225
2685.000 923847
2686.000 826325
2687.000 972332
2688.000 1258305
2689.000 775596
2690.000 589698
2691.000 495492
2692.000 683031
2693.000 493224
2694.000 887403
2695.000 1522020
2696.000 1236208
2697.000 1799641
2698.000 1756801
2699.000 1841855
2700.000 1238090
2701.000 623474
2702.000 520178
2703.000 636850
2704.000 537926
2705.000 791304
2706.000 1482930
2707.000 609737
2708.000 550746
2709.000 614925
2710.000 881361
2711.000 1871413
2712.000 1802767
2713.000 1664821
2714.000 1356402
2715.000 690052
2716.000 572225
2717.000 538331
2718.000 853882
2719.000 1778969
2720.000 684345
2721.000 729476
2722.000 599664
2723.000 653377
2724.000 712186
2725.000 697710
2726.000 699929
2727.000 1612433
2728.000 1517592
2729.000 1507926
2730.000 1595539
2731.000 1507736
2732.000 1011457
2733.000 1709826
2734.000 1369216
2735.000 1596568
2736.000 1577945
2737.000 534328
2738.000 880350
2739.000 952274
2740.000 812229
2741.000 1756536
2742.000 614760
2743.000 543608
2744.000 502098
2745.000 484722
2746.000 1687385
2747.000 1827980
2748.000 1713936
2749.000 1763441
2750.000 1431052
2751.000 1821812
2752.000 1698475
2753.000 1623090
2754.000 1617064
2755.000 1571579
2756.000 1499895
2757.000 1566325
2758.000 1657497
2759.000 1707864
2760.000 1478313
2761.000 1422778
2762.000 1648605
2763.000 1807606
2764.000 1702525
2765.000 1527842
2766.000 1333835
2767.000 1529252
2768.000 1647719
2769.000 1661176
2770.000 1193415
2771.000 1489526
2772.000 1378762
2773.000 1508663
2774.000 1657470
2775.000 1656209
2776.000 1712861
2777.000 1486227
2778.000 1522335
2779.000 1538904
2780.000 1581150
2781.000 1525337
2782.000 1608574
2783.000 1617062
2784.000 1609045
2785.000 1066302
2786.000 826219
2787.000 831013
2788.000 718557
2789.000 1127677
2790.000 1342075
2791.000 335282
2792.000 180886
2793.000 170384
2794.000 168727
2795.000 168810
2796.000 168778
2797.000 168838
2798.000 171120
2799.000 168847
2800.000 171571
2801.000 168754
2802.000 168660
2803.000 166089
2804.000 171471
2805.000 169244
2806.000 183594
2807.000 173164
2808.000 188898
2809.000 831826
2810.000 191124
2811.000 854799
2812.000 1353492
2813.000 1557292
2814.000 1424907
2815.000 804437
2816.000 1076386
2817.000 1365962
2818.000 1503174
2819.000 1402649
2820.000 1364172
2821.000 595319
2822.000 179435
2823.000 414895
2824.000 687535
2825.000 631394
2826.000 429901
2827.000 232812
2828.000 930231
2829.000 649103
2830.000 786632
2831.000 750106
2832.000 186722
2833.000 379304
2834.000 268692
2835.000 220154
2836.000 186546
2837.000 219583
2838.000 671193
2839.000 219492
2840.000 481540
2841.000 458530
2842.000 222867
2843.000 468872
2844.000 405154
2845.000 196288
2846.000 494814
2847.000 183856
2848.000 467679
2849.000 205182
2850.000 322926
2851.000 234927
2852.000 201370
2853.000 300527
2854.000 259839
2855.000 190300
2856.000 580651
2857.000 1765107
2858.000 1106372
2859.000 1334685
2860.000 1212467
2861.000 825612
2862.000 713008
2863.000 747428
2864.000 723690
2865.000 748292
2866.000 716571
2867.000 723921
2868.000 719142
2869.000 487493
2870.000 170694
2871.000 263404
2872.000 169011
2873.000 210416
2874.000 352122
2875.000 168789
2876.000 371635
2877.000 568250
2878.000 827522
2879.000 743986
2880.000 619560
2881.000 374385
2882.000 388302
2883.000 1018145
2884.000 304096
2885.000 340576
2886.000 338402
2887.000 307196
2888.000 358718
2889.000 294881
2890.000 286599
2891.000 288956
2892.000 292872
2893.000 282280
2894.000 287236
2895.000 285399
2896.000 290418
2897.000 287693
2898.000 290903
2899.000 317459
2900.000 304025
2901.000 295454
2902.000 284283
2903.000 284465
2904.000 287639
2905.000 290737
2906.000 289267
2907.000 288422
2908.000 309026
2909.000 350810
2910.000 748847
2911.000 352664
2912.000 307735
2913.000 295192
2914.000 285874
2915.000 285845
2916.000 301280
2917.000 329432
2918.000 284234
2919.000 352473
2920.000 339947
2921.000 316285
2922.000 323174
2923.000 317681
2924.000 288980
2925.000 288130
2926.000 294625
2927.000 306775
2928.000 311729
2929.000 301057
2930.000 747559
2931.000 347029
2932.000 283680
2933.000 283439
2934.000 283920
2935.000 284669
2936.000 294874
2937.000 259836
2938.000 165985
2939.000 168660
2940.000 168807
2941.000 168513
2942.000 168660
2943.000 176982
2944.000 174320
2945.000 166351
2946.000 168660
2947.000 168660
2948.000 168660
2949.000 172927
2950.000 168660
2951.000 170764
2952.000 170356
2953.000 180150
2954.000 172647
2955.000 174160
2956.000 170669
2957.000 177719
2958.000 170216
2959.000 177005
2960.000 170386
2961.000 171761
2962.000 176157
2963.000 174240
2964.000 170421
2965.000 174535
2966.000 174233
2967.000 176969
2968.000 173266
2969.000 171728
2970.000 173308
2971.000 171318
2972.000 173114
2973.000 171725
2974.000 173552
2975.000 176998
2976.000 173098
2977.000 168989
2978.000 176358
2979.000 174047
2980.000 169705
2981.000 172131
2982.000 173767
2983.000 173962
2984.000 177758
2985.000 169142
2986.000 176754
2987.000 173907
2988.000 169568
2989.000 172275
2990.000 173752
2991.000 173911
2992.000 172242
2993.000 178642
2994.000 173953
2995.000 171069
2996.000 172194
2997.000 175268
2998.000 171117
2999.000 176509
3000.000 169177
3001.000 172756
3002.000 176547
3003.000 173747
3004.000 172002
3005.000 172760
3006.000 176884
3007.000 170387
3008.000 174895
3009.000 173024
3010.000 171346
3011.000 179500
3012.000 171748
3013.000 170503
3014.000 177052
3015.000 173243
3016.000 168935
3017.000 176142
3018.000 171359
3019.000 172967
3020.000 177140
3021.000 170477
3022.000 174203
3023.000 169635
3024.000 637771
3025.000 404488
3026.000 455892
3027.000 481685
3028.000 627114
3029.000 687572
3030.000 1376158
3031.000 1678932
3032.000 716252
3033.000 752036
3034.000 1806694
3035.000 891244
3036.000 829120
3037.000 1849628
3038.000 1141925
3039.000 1228531
3040.000 981858
3041.000 792666
3042.000 1447991
3043.000 1789491
3044.000 1526522
3045.000 1529555
3046.000 1505055
3047.000 1563230
3048.000 1540371
3049.000 1544634
3050.000 1510087
3051.000 1563753
3052.000 1374689
3053.000 954410
3054.000 1644679
3055.000 947508
3056.000 533022
3057.000 585373
3058.000 796933
3059.000 1235940
3060.000 1570254
3061.000 752726
3062.000 504683
3063.000 1738129
3064.000 579352
3065.000 569145
3066.000 600464
3067.000 574865
3068.000 748939
3069.000 871762
3070.000 1618189
3071.000 982959
3072.000 1109851
3073.000 576179
3074.000 524516
3075.000 484967
3076.000 1080668
3077.000 1735065
3078.000 880336
3079.000 616276
3080.000 569410
3081.000 620544
3082.000 1130462
3083.000 1763809
3084.000 1517337
3085.000 1581507
3086.000 1647548
3087.000 1629096
3088.000 1829745
3089.000 1891095
3090.000 1744012
3091.000 1859652
3092.000 1907808
3093.000 1871109
3094.000 1825031
3095.000 1846278
3096.000 1793378
3097.000 1872860
3098.000 1842241
3099.000 1839335
3100.000 1831200
3101.000 1883665
3102.000 1792627
3103.000 1684288
3104.000 1609677
3105.000 1214226
3106.000 1157812
3107.000 1651197
3108.000 1041976
3109.000 1154224
3110.000 1290340
3111.000 1700604
3112.000 1483566
3113.000 1047644
3114.000 1403680
3115.000 991521
3116.000 1493673
3117.000 1834790
3118.000 1708978
3119.000 1439992
3120.000 1004218
3121.000 1181002
3122.000 840662
3123.000 908879
3124.000 806955
3125.000 948132
3126.000 946074
3127.000 881593
3128.000 928316
3129.000 1265202
3130.000 1757357
3131.000 1754601
3132.000 1180132
3133.000 1475550
3134.000 1415293
3135.000 1588431
3136.000 1460890
3137.000 1521813
3138.000 1572309
3139.000 1646172
3140.000 1788710
3141.000 1276704
3142.000 1032907
3143.000 969336
3144.000 1133124
3145.000 1022963
3146.000 914438
3147.000 1243213
3148.000 1723077
3149.000 1072931
3150.000 1594936
3151.000 1785928
3152.000 1646412
3153.000 1339621
3154.000 1098174
3155.000 933663
3156.000 1425683
3157.000 1258251
3158.000 1803023
3159.000 1787121
3160.000 1812923
3161.000 1839650
3162.000 1750595
3163.000 1397844
3164.000 1041882
3165.000 1342783
3166.000 1235766
3167.000 1365798
3168.000 1067816
3169.000 1209610
3170.000 1623951
3171.000 1620234
3172.000 1278819
3173.000 1865637
3174.000 1839688
3175.000 1846844
3176.000 1173889
3177.000 1837754
3178.000 1502839
3179.000 1342465
3180.000 619240
3181.000 480139
3182.000 484767
3183.000 424317
3184.000 363605
3185.000 252606
3186.000 709122
3187.000 445890
3188.000 491861
3189.000 813098
3190.000 1803738
3191.000 1746633
3192.000 1214792
3193.000 1135845
3194.000 1303619
3195.000 1321321
3196.000 1121612
3197.000 647702
3198.000 1560861
3199.000 1403622
3200.000 892100
3201.000 1548340
3202.000 961095
3203.000 1074582
3204.000 829015
3205.000 1606200
3206.000 772432
3207.000 1101514
3208.000 1765566
3209.000 1567809
3210.000 1558819
3211.000 1687395
3212.000 1783914
3213.000 1526872
3214.000 1500184
3215.000 1541097
3216.000 1549143
3217.000 1675641
3218.000 1685305
3219.000 648091
3220.000 590315
3221.000 776693
3222.000 652490
3223.000 631748
3224.000 1172358
3225.000 1350677
3226.000 1408875
3227.000 1042667
3228.000 1315490
3229.000 1297962
3230.000 1661805
3231.000 1068982
3232.000 723739
3233.000 614298
3234.000 637173
3235.000 1145697
3236.000 1055445
3237.000 761543
3238.000 775161
3239.000 804981
3240.000 754450
3241.000 774055
3242.000 1532945
3243.000 788236
3244.000 781841
3245.000 869699
3246.000 967641
3247.000 1279420
3248.000 1138481
3249.000 1444052
3250.000 846307
3251.000 850492
3252.000 1240023
3253.000 946736
3254.000 750256
3255.000 816379
3256.000 1006497
3257.000 885085
3258.000 1240731
3259.000 1411600
3260.000 864126
3261.000 1247793
3262.000 933825
3263.000 1596588
3264.000 1018229
3265.000 937209
3266.000 1065865
3267.000 1402149
3268.000 933147
3269.000 1836266
3270.000 1576318
3271.000 1477587
3272.000 1149162
3273.000 594357
3274.000 600181
3275.000 551471
3276.000 480009
3277.000 480224
3278.000 517373
3279.000 1020427
3280.000 1430870
3281.000 467861
3282.000 481000
3283.000 426388
3284.000 450463
3285.000 429527
3286.000 436439
3287.000 630425
3288.000 626864
3289.000 538763
3290.000 424277
3291.000 441059
3292.000 720155
3293.000 1847579
3294.000 1631015
3295.000 487844
3296.000 508822
3297.000 824137
3298.000 954560
3299.000 561311
3300.000 1508093
3301.000 901734
3302.000 482615
3303.000 462527
3304.000 482337
3305.000 466025
3306.000 780629
3307.000 837448
3308.000 1561632
3309.000 1739867
3310.000 611070
3311.000 673378
3312.000 517325
3313.000 470828
3314.000 417142
3315.000 455718
3316.000 451635
3317.000 528323
3318.000 458370
3319.000 468353
3320.000 457438
3321.000 465123
3322.000 1729254
3323.000 1575839
3324.000 1497460
3325.000 1653514
3326.000 1777968
3327.000 1764865
3328.000 1615924
3329.000 1620835
3330.000 1104662
3331.000 584559
3332.000 597647
3333.000 547110
3334.000 583341
3335.000 600311
3336.000 608835
3337.000 675267
3338.000 1296690
3339.000 974550
3340.000 1015540
3341.000 1104607
3342.000 1136516
3343.000 1883527
3344.000 1824736
3345.000 1828859
3346.000 1817655
3347.000 1440214
3348.000 1573423
3349.000 1602004
3350.000 1573895
3351.000 1586182
3352.000 1843862
3353.000 1821841
3354.000 1731168
3355.000 1653970
3356.000 1479861
3357.000 1442587
3358.000 951407
3359.000 653905
3360.000 667862
3361.000 693310
3362.000 670126
3363.000 581686
3364.000 693393
3365.000 667876
3366.000 1222243
3367.000 1841486
3368.000 1829219
3369.000 1786224
3370.000 1787659
3371.000 1251944
3372.000 1660811
3373.000 1235205
3374.000 1068539
3375.000 1191224
3376.000 1673976
3377.000 1550268
3378.000 1438872
3379.000 1039651
3380.000 1093958
3381.000 781269
3382.000 823612
3383.000 1616201
3384.000 1468367
3385.000 1341692
3386.000 838627
3387.000 1540987
3388.000 810841
3389.000 823031
3390.000 1417934
3391.000 1747327
3392.000 1253378
3393.000 750376
3394.000 655595
3395.000 628073
3396.000 584152
3397.000 563057
3398.000 728296
3399.000 1865440
3400.000 1776697
3401.000 1744360
3402.000 1253653
3403.000 370722
3404.000 637055
3405.000 441388
3406.000 437415
3407.000 1455377
3408.000 1618359
3409.000 1296900
3410.000 827068
3411.000 943776
3412.000 941670
3413.000 824946
3414.000 980191
3415.000 906231
3416.000 820205
3417.000 969561
3418.000 1196898
3419.000 1392250
3420.000 1834542
3421.000 1774747
3422.000 1795068
3423.000 1667438
3424.000 1730080
3425.000 1272952
3426.000 1499475
3427.000 1804999
3428.000 1374445
3429.000 1565793
3430.000 1295213
3431.000 822644
3432.000 713668
3433.000 794079
3434.000 1347870
3435.000 1369478
3436.000 231863
3437.000 212516
3438.000 170849
3439.000 170696
3440.000 167735
3441.000 169782
3442.000 169830
3443.000 172596
3444.000 170497
3445.000 170444
3446.000 168660
3447.000 168660
3448.000 168660
3449.000 169020
3450.000 168781
3451.000 168900
3452.000 169548
3453.000 190049
3454.000 173658
3455.000 562324
3456.000 491828
3457.000 173532
3458.000 176266
3459.000 170907
3460.000 173582
3461.000 173513
3462.000 173404
3463.000 211830
3464.000 171983
3465.000 176409
3466.000 173485
3467.000 175816
3468.000 173390
3469.000 170355
3470.000 173093
3471.000 173026
3472.000 173033
3473.000 176209
3474.000 173039
3475.000 170197
3476.000 172900
3477.000 173275
3478.000 173188
3479.000 173096
3480.000 172973
3481.000 173047
3482.000 173252
3483.000 173076
3484.000 175248
3485.000 181541
3486.000 833214
3487.000 1375123
3488.000 1360782
3489.000 1472440
3490.000 1419447
3491.000 1139081
3492.000 520085
3493.000 1197277
3494.000 1500975
3495.000 1023206
3496.000 905958
3497.000 381742
3498.000 579860
3499.000 280832
3500.000 219646
3501.000 242232
3502.000 240646
3503.000 223239
3504.000 567714
3505.000 1047237
3506.000 200388
3507.000 551242
3508.000 193436
3509.000 188608
3510.000 203747
3511.000 177828
3512.000 180678
3513.000 181227
3514.000 179817
3515.000 180135
3516.000 178940
3517.000 180209
3518.000 178779
3519.000 180772
3520.000 179636
3521.000 180436
3522.000 180304
3523.000 178134
3524.000 185389
3525.000 174326
3526.000 177865
3527.000 178115
3528.000 177464
3529.000 178070
3530.000 179177
3531.000 180396
3532.000 180359
3533.000 178493
3534.000 180902
3535.000 181060
3536.000 178700
3537.000 179028
3538.000 175148
3539.000 185174
3540.000 175850
3541.000 185693
3542.000 177055
3543.000 179698
3544.000 178462
3545.000 178284
3546.000 174861
3547.000 181035
3548.000 177080
3549.000 177224
3550.000 179582
3551.000 178665
3552.000 181522
3553.000 178409
3554.000 181051
3555.000 175823
3556.000 184277
3557.000 181606
3558.000 181011
3559.000 179590
3560.000 178100
3561.000 174946
3562.000 178076
3563.000 183478
3564.000 180575
3565.000 188948
3566.000 202076
3567.000 204882
3568.000 188293
3569.000 266655
3570.000 306526
3571.000 598610
3572.000 221588
3573.000 556183
3574.000 1645475
3575.000 1364613
3576.000 1349698
3577.000 1464927
3578.000 1296826
3579.000 1402238
3580.000 1559957
3581.000 1503867
3582.000 1589703
3583.000 1354618
3584.000 1370295
3585.000 1482038
3586.000 1292599
3587.000 1403653
3588.000 1543647
3589.000 1529576
3590.000 1573153
3591.000 1353311
3592.000 1335066
3593.000 1498936
3594.000 1351693
3595.000 1396668
3596.000 1549963
3597.000 1517022
3598.000 1573659
3599.000 1365554
3600.000 1330478
3601.000 1436377
3602.000 1328893
3603.000 1412160
3604.000 1648567
3605.000 1508014
3606.000 1594461
3607.000 1350641
3608.000 1323265
3609.000 1477438
3610.000 1313944
3611.000 1409861
3612.000 1552739
3613.000 1517697
3614.000 1648797
3615.000 1333513
3616.000 1352663
3617.000 1453497
3618.000 1314655
3619.000 1389168
3620.000 1574460
3621.000 1510967
3622.000 1571123
3623.000 1398969
3624.000 1381885
3625.000 1385456
3626.000 587573
3627.000 930186
3628.000 463754
3629.000 433061
3630.000 457437
3631.000 431562
3632.000 423044
3633.000 452813
3634.000 431365
3635.000 401253
3636.000 435868
3637.000 726494
3638.000 1580098
3639.000 1361555
3640.000 1322351
3641.000 1469150
3642.000 1287062
3643.000 1393224
3644.000 1638594
3645.000 1484921
3646.000 1602574
3647.000 1370084
3648.000 1345116
3649.000 1462608
3650.000 1313311
3651.000 927471
3652.000 899455
3653.000 544703
3654.000 468226
3655.000 436629
3656.000 408911
3657.000 425765
3658.000 419481
3659.000 417359
3660.000 447587
3661.000 410046
3662.000 426509
3663.000 1026734
3664.000 1358698
3665.000 1465911
3666.000 1314777
3667.000 1341289
3668.000 1563638
3669.000 1528986
3670.000 1582165
3671.000 1390696
3672.000 1337533
3673.000 1460059
3674.000 1413260
3675.000 1341148
3676.000 1567634
3677.000 1521841
3678.000 1611616
3679.000 1384931
3680.000 1319720
3681.000 1482897
3682.000 1305015
3683.000 1365869
3684.000 1657599
3685.000 1249266
3686.000 577377
3687.000 949390
3688.000 606413
3689.000 410046
3690.000 343366
3691.000 345275
3692.000 1109529
3693.000 334992
3694.000 389447
3695.000 341088
3696.000 302863
3697.000 271066
3698.000 315217
3699.000 350981
3700.000 290802
3701.000 292246
3702.000 289251
3703.000 288946
3704.000 284251
3705.000 290006
3706.000 287079
3707.000 286882
3708.000 318007
3709.000 308636
3710.000 312024
3711.000 311492
3712.000 298566
3713.000 302097
3714.000 287161
3715.000 287542
3716.000 300847
3717.000 298120
3718.000 684414
3719.000 380465
3720.000 289920
3721.000 280790
3722.000 283532
3723.000 285081
3724.000 294259
3725.000 281912
3726.000 285777
3727.000 289832
3728.000 281289
3729.000 288850
3730.000 284461
3731.000 286370
3732.000 285800
3733.000 284331
3734.000 281365
3735.000 286299
3736.000 289671
3737.000 281079
3738.000 670301
3739.000 391342
3740.000 286320
3741.000 286309
3742.000 287598
3743.000 288049
3744.000 212275
3745.000 406163
3746.000 168796
3747.000 165849
3748.000 171471
3749.000 168660
3750.000 168660
3751.000 176959
3752.000 171606
3753.000 166615
3754.000 171471
3755.000 168660
3756.000 168660
3757.000 172965
3758.000 168666
3759.000 166873
3760.000 170332
3761.000 172276
3762.000 169850
3763.000 167024
3764.000 168730
3765.000 172749
3766.000 178114
3767.000 171847
3768.000 173293
3769.000 171547
3770.000 172906
3771.000 174752
3772.000 170643
3773.000 176874
3774.000 170145
3775.000 176844
3776.000 173502
3777.000 174134
3778.000 172774
3779.000 172035
3780.000 173515
3781.000 174173
3782.000 172734
3783.000 172071
3784.000 176957
3785.000 174158
3786.000 172747
3787.000 171632
3788.000 171115
3789.000 176719
3790.000 172648
3791.000 171813
3792.000 174032
3793.000 173780
3794.000 172539
3795.000 172092
3796.000 174001
3797.000 171185
3798.000 174878
3799.000 169523
3800.000 176958
3801.000 170920
3802.000 177614
3803.000 169560
3804.000 176889
3805.000 170848
3806.000 174793
3807.000 169784
3808.000 176926
3809.000 173497
3810.000 171813
3811.000 176138
3812.000 174283
3813.000 173194
3814.000 171756
3815.000 170491
3816.000 176973
3817.000 173306
3818.000 171709
3819.000 173325
3820.000 177728
3821.000 173044
3822.000 171765
3823.000 170683
3824.000 176961
3825.000 172790
3826.000 172053
3827.000 173546
3828.000 171203
3829.000 176796
3830.000 170318
3831.000 176580
3832.000 171187
3833.000 175688
3834.000 167928
3835.000 611766
3836.000 489266
3837.000 441711
3838.000 452144
3839.000 617294
3840.000 1040689
3841.000 677400
3842.000 561721
3843.000 635758
3844.000 549036
3845.000 690259
3846.000 1595511
3847.000 516084
3848.000 778629
3849.000 1774636
3850.000 1369927
3851.000 1322646
3852.000 1517709
3853.000 593069
3854.000 560274
3855.000 1218618
3856.000 1696386
3857.000 1126018
3858.000 762683
3859.000 1808665
3860.000 1720612
3861.000 1619672
3862.000 1343779
3863.000 699083
3864.000 1480272
3865.000 1789551
3866.000 1791234
3867.000 1801691
3868.000 1743264
3869.000 1800601
3870.000 1813410
3871.000 1781085
3872.000 1864377
3873.000 1262378
3874.000 784905
3875.000 875278
3876.000 910714
3877.000 1650165
3878.000 1240322
3879.000 1806976
3880.000 1714052
3881.000 1583642
3882.000 1796708
3883.000 1141449
3884.000 1691304
3885.000 1489344
3886.000 1615859
3887.000 1458846
3888.000 1624924
3889.000 1654438
3890.000 1622274
3891.000 1544884
3892.000 1499213
3893.000 1530154
3894.000 1249637
3895.000 995425
3896.000 1710028
3897.000 1397954
3898.000 800896
3899.000 577364
3900.000 1807472
3901.000 1561401
3902.000 1651620
3903.000 1747219
3904.000 1824364
3905.000 1784940
3906.000 1500804
3907.000 1426469
3908.000 1555171
3909.000 1501776
3910.000 1573757
3911.000 935200
3912.000 602317
3913.000 543264
3914.000 573856
3915.000 659785
3916.000 1462912
3917.000 1808855
3918.000 1619309
3919.000 661648
3920.000 941828
3921.000 1197033
3922.000 725194
3923.000 1057638
3924.000 1251235
3925.000 1511837
3926.000 765757
3927.000 1859433
3928.000 1643230
3929.000 845697
3930.000 1026102
3931.000 1658879
3932.000 786345
3933.000 723752
3934.000 668099
3935.000 1287650
3936.000 788230
3937.000 1584673
3938.000 800737
3939.000 934324
3940.000 1401395
3941.000 1258038
3942.000 1169528
3943.000 1705133
3944.000 1479661
3945.000 1846004
3946.000 1791497
3947.000 1520304
3948.000 1066876
3949.000 1255635
3950.000 1175809
3951.000 1095321
3952.000 1015749
3953.000 944819
3954.000 1030906
3955.000 1021819
3956.000 942921
3957.000 1600790
3958.000 1586206
3959.000 1260358
3960.000 1493646
3961.000 1268850
3962.000 1804145
3963.000 1673029
3964.000 1194516
3965.000 758859
3966.000 1332511
3967.000 1785957
3968.000 1857836
3969.000 1189197
3970.000 1632877
3971.000 1271582
3972.000 1232125
3973.000 1688432
3974.000 1787192
3975.000 1667396
3976.000 1537937
3977.000 1420532
3978.000 1784776
3979.000 1863920
3980.000 1832521
3981.000 1674554
3982.000 1350232
3983.000 1158088
3984.000 1797956
3985.000 1764295
3986.000 877400
3987.000 919129
3988.000 1503406
3989.000 882639
3990.000 807452
3991.000 798827
3992.000 840511
3993.000 1190315
3994.000 1083076
3995.000 1597527
3996.000 794660
3997.000 1340397
3998.000 997238
3999.000 813011
4000.000 1901675
4001.000 1163814
4002.000 1892238
4003.000 1097180
4004.000 1377253
4005.000 1680180
4006.000 1758108
4007.000 1022157
4008.000 1834463
4009.000 1164485
4010.000 1704330
4011.000 1055089
4012.000 1076707
4013.000 854623
4014.000 831840
4015.000 1041840
4016.000 831623
4017.000 1432280
4018.000 1071155
4019.000 1055335
4020.000 698968
4021.000 701832
4022.000 651299
4023.000 733471
4024.000 725246
4025.000 1508970
4026.000 1567078
4027.000 784626
4028.000 737275
4029.000 630452
4030.000 625267
4031.000 1229788
4032.000 1527179
4033.000 864628
4034.000 575182
4035.000 494493
4036.000 581465
4037.000 511916
4038.000 986851
4039.000 573919
4040.000 524978
4041.000 537092
4042.000 571032
4043.000 1228221
4044.000 637154
4045.000 549542
4046.000 515260
4047.000 557110
4048.000 578906
4049.000 545558
4050.000 562231
4051.000 560093
4052.000 516105
4053.000 548648
4054.000 547539
4055.000 698403
4056.000 613263
4057.000 582538
4058.000 587107
4059.000 1166214
4060.000 1592286
4061.000 542754
4062.000 579921
4063.000 1071926
4064.000 1660183
4065.000 1512055
4066.000 1309041
4067.000 1505302
4068.000 731264
4069.000 439235
4070.000 599033
4071.000 1387520
4072.000 528350
4073.000 553800
4074.000 1788590
4075.000 1771082
4076.000 1289747
4077.000 1551134
4078.000 1629390
4079.000 1055210
4080.000 1453105
4081.000 1050311
4082.000 1381807
4083.000 936003
4084.000 972379
4085.000 1545192
4086.000 1761177
4087.000 1059224
4088.000 917561
4089.000 947857
4090.000 962564
4091.000 862808
4092.000 1453317
4093.000 1757741
4094.000 1753835
4095.000 1551139
4096.000 825004
4097.000 1069283
4098.000 1646924
4099.000 1257276
4100.000 1623179
4101.000 910507
4102.000 1730372
4103.000 1467566
4104.000 1406580
4105.000 1379853
4106.000 968287
4107.000 1626812
4108.000 795073
4109.000 831378
4110.000 1378942
4111.000 1773344
4112.000 1765868
4113.000 1243173
4114.000 1571447
4115.000 473667
4116.000 551309
4117.000 468761
4118.000 516116
4119.000 1147372
4120.000 1578004
4121.000 812467
4122.000 730882
4123.000 764078
4124.000 747550
4125.000 775591
4126.000 719674
4127.000 841956
4128.000 757129
4129.000 714095
4130.000 751555
4131.000 765219
4132.000 709112
4133.000 946034
4134.000 845204
4135.000 754904
4136.000 763936
4137.000 857975
4138.000 793588
4139.000 799936
4140.000 912158
4141.000 728401
4142.000 1072398
4143.000 1854237
4144.000 1617164
4145.000 952790
4146.000 1851139
4147.000 1648271
4148.000 1683912
4149.000 1031947
4150.000 1004450
4151.000 1071071
4152.000 1252834
4153.000 1235033
4154.000 1022219
4155.000 1057913
4156.000 1052170
4157.000 912213
4158.000 1051597
4159.000 1257018
4160.000 1788001
4161.000 1899933
4162.000 1834056
4163.000 1805860
4164.000 1729951
4165.000 1871008
4166.000 1539616
4167.000 1391394
4168.000 1851303
4169.000 1849789
4170.000 1225070
4171.000 1639123
4172.000 1826808
4173.000 1178496
4174.000 1583492
4175.000 1645647
4176.000 1028229
4177.000 1316251
4178.000 1359761
4179.000 1397246
4180.000 1004067
4181.000 1409061
4182.000 1283323
4183.000 1106057
4184.000 1153250
4185.000 1355782
4186.000 919112
4187.000 1034372
4188.000 861310
4189.000 916130
4190.000 935082
4191.000 814587
4192.000 860455
4193.000 912807
4194.000 855001
4195.000 880421
4196.000 876640
4197.000 873124
4198.000 1009968
4199.000 1718799
4200.000 1787407
4201.000 1740678
4202.000 1175353
4203.000 1578661
4204.000 1768012
4205.000 1547334
4206.000 1175694
4207.000 1066379
4208.000 1876470
4209.000 1316684
4210.000 1283985
4211.000 1223966
4212.000 1836681
4213.000 1751889
4214.000 1013949
4215.000 1214585
4216.000 1119847
4217.000 1026251
4218.000 1030747
4219.000 1023822
4220.000 891623
4221.000 1115836
4222.000 924456
4223.000 390338
4224.000 355421
4225.000 369883
4226.000 401135
4227.000 384382
4228.000 454918
4229.000 1563837
4230.000 1834940
4231.000 1868000
4232.000 1807156
4233.000 1765780
4234.000 1300098
4235.000 1659867
4236.000 1792600
4237.000 1344504
4238.000 1275816
4239.000 1804632
4240.000 1459324
4241.000 1275615
4242.000 1411283
4243.000 1684716
4244.000 1627901
4245.000 1612557
4246.000 1858405
4247.000 1187378
4248.000 1805541
4249.000 1222524
4250.000 1507959
4251.000 1821014
4252.000 1215366
4253.000 1562539
4254.000 1520505
4255.000 1008581
4256.000 1047786
4257.000 1425869
4258.000 1280867
4259.000 1779566
4260.000 1859283
4261.000 1478807
4262.000 1814762
4263.000 1302999
4264.000 1137497
4265.000 1427326
4266.000 996252
4267.000 912379
4268.000 1431321
4269.000 1137273
4270.000 1341642
4271.000 1162605
4272.000 1458794
4273.000 1844929
4274.000 1821701
4275.000 1715269
4276.000 1779515
4277.000 1713314
4278.000 1697686
4279.000 1807065
4280.000 1744808
4281.000 1728786
4282.000 1825861
4283.000 1848786
4284.000 1872792
4285.000 1805760
4286.000 1593505
4287.000 1196063
4288.000 1817481
4289.000 1865739
4290.000 1596793
4291.000 1291873
4292.000 1581192
4293.000 1632115
4294.000 1424905
4295.000 1659441
4296.000 1263316
4297.000 1440492
4298.000 1552626
4299.000 1686945
4300.000 1581862
4301.000 1473669
4302.000 1399118
4303.000 1525771
4304.000 1300201
4305.000 1051102
4306.000 1674620
4307.000 1504564
4308.000 717397
4309.000 1780792
4310.000 1363400
4311.000 1082037
4312.000 1765571
4313.000 1706995
4314.000 1784130
4315.000 1453898
4316.000 1634331
4317.000 720722
4318.000 626568
4319.000 709229
4320.000 787273
4321.000 737293
4322.000 705831
4323.000 637916
4324.000 1197456
4325.000 1747613
4326.000 1735542
4327.000 1656012
4328.000 1789441
4329.000 1794604
4330.000 1599301
4331.000 1584867
4332.000 1567534
4333.000 1715984
4334.000 1729768
4335.000 1806578
4336.000 1604467
4337.000 858223
4338.000 1802813
4339.000 970013
4340.000 1532865
4341.000 1069197
4342.000 1119145
4343.000 1645835
4344.000 1310084
4345.000 965550
4346.000 901864
4347.000 1009670
4348.000 870649
4349.000 862260
4350.000 997409
4351.000 1765392
4352.000 1126128
4353.000 1769298
4354.000 1569739
4355.000 1751589
4356.000 1681150
4357.000 823332
4358.000 674400
4359.000 737855
4360.000 757826
4361.000 628195
4362.000 738985
4363.000 787733
4364.000 714990
4365.000 1578955
4366.000 1322770
4367.000 1277874
4368.000 1461456
4369.000 1533975
4370.000 914658
4371.000 1836749
4372.000 972709
4373.000 1603590
4374.000 1086181
4375.000 1040983
4376.000 1530454
4377.000 1803653
4378.000 1464464
4379.000 1509202
4380.000 1806600
4381.000 1258792
4382.000 1794715
4383.000 1247137
4384.000 1774021
4385.000 1571629
4386.000 894198
4387.000 1094631
4388.000 821628
4389.000 747008
4390.000 831209
4391.000 981311
4392.000 931980
4393.000 792266
4394.000 948123
4395.000 916254
4396.000 869273
4397.000 1220322
4398.000 1682089
4399.000 1625213
4400.000 1697054
4401.000 1844563
4402.000 1828284
4403.000 1734119
4404.000 1653261
4405.000 1815817
4406.000 1669901
4407.000 1056311
4408.000 1508514
4409.000 557592
4410.000 561012
4411.000 588942
4412.000 576317
4413.000 609471
4414.000 1862085
4415.000 1129456
4416.000 462760
4417.000 442947
4418.000 468011
4419.000 520379
4420.000 1779040
4421.000 1816289
4422.000 1791214
4423.000 734810
4424.000 454600
4425.000 533046
4426.000 523876
4427.000 503218
4428.000 497914
4429.000 458284
4430.000 1292976
4431.000 1576750
4432.000 1142061
4433.000 791070
4434.000 478823
4435.000 634910
4436.000 442715
4437.000 480739
4438.000 389995
4439.000 384876
4440.000 402000
4441.000 400731
4442.000 414138
4443.000 425602
4444.000 409058
4445.000 1021288
4446.000 1825199
4447.000 561340
4448.000 1660993
4449.000 1834981
4450.000 1773050
4451.000 1752670
4452.000 1657713
4453.000 1182009
4454.000 1090357
4455.000 1122321
4456.000 449759
4457.000 1036091
4458.000 887191
4459.000 984083
4460.000 945904
4461.000 1211106
4462.000 1095730
4463.000 1240793
4464.000 950229
4465.000 979128
4466.000 1867881
4467.000 1844469
4468.000 1849756
4469.000 1762740
4470.000 1794375
4471.000 1509898
4472.000 769556
4473.000 779397
4474.000 692024
4475.000 699314
4476.000 781774
4477.000 686825
4478.000 964106
4479.000 1836012
4480.000 1814387
4481.000 1616276
4482.000 1509528
4483.000 1488412
4484.000 1365730
4485.000 1381178
4486.000 820348
4487.000 601068
4488.000 826890
4489.000 908231
4490.000 786688
4491.000 837965
4492.000 1539533
4493.000 1652345
4494.000 815702
4495.000 929749
4496.000 834091
4497.000 778331
4498.000 839220
4499.000 777963
4500.000 1641883
4501.000 1121546
4502.000 1521736
4503.000 1615668
4504.000 1497122
4505.000 1521797
4506.000 1457530
4507.000 1308612
4508.000 1275764
4509.000 940776
4510.000 1031401
4511.000 1258886
4512.000 1047350
4513.000 1407110
4514.000 1805895
4515.000 1395367
4516.000 1205763
4517.000 1817919
4518.000 1727658
4519.000 962198
4520.000 1121212
4521.000 1425939
4522.000 1427984
4523.000 1550876
4524.000 1716391
4525.000 1636372
4526.000 1561152
4527.000 1566803
4528.000 1554322
4529.000 1525310
4530.000 1468115
4531.000 1467634
4532.000 1397905
4533.000 1042991
4534.000 1532431
4535.000 977050
4536.000 1254075
4537.000 1044990
4538.000 1192253
4539.000 1262864
4540.000 1637287
4541.000 1639939
4542.000 1805911
4543.000 1818517
4544.000 1785448
4545.000 1149628
4546.000 1199681
4547.000 1286530
4548.000 1851948
4549.000 1314818
4550.000 1481904
4551.000 1002667
4552.000 1552816
4553.000 936663
4554.000 1194327
4555.000 1151901
4556.000 1105617
4557.000 1293200
4558.000 781906
4559.000 1259595
4560.000 1143241
4561.000 981052
4562.000 518059
4563.000 1637411
4564.000 1541218
4565.000 1713804
4566.000 1740754
4567.000 1718637
4568.000 1434437
4569.000 1655972
4570.000 1246026
4571.000 1271092
4572.000 1378502
4573.000 696825
4574.000 406350
4575.000 602527
4576.000 463171
4577.000 443245
4578.000 1151733
4579.000 1629800
4580.000 1810309
4581.000 1780074
4582.000 1623962
4583.000 1044025
4584.000 833213
4585.000 1826298
4586.000 1769297
4587.000 1226179
4588.000 669070
4589.000 1160329
4590.000 1864760
4591.000 1707656
4592.000 1799782
4593.000 1810504
4594.000 1664136
4595.000 1672185
4596.000 1801367
4597.000 1544501
4598.000 1460375
4599.000 1245363
4600.000 663404
4601.000 578912
4602.000 567221
4603.000 519127
4604.000 548653
4605.000 798943
4606.000 1677062
4607.000 578407
4608.000 578949
4609.000 545193
4610.000 542406
4611.000 572107
4612.000 575495
4613.000 490977
4614.000 611188
4615.000 601298
4616.000 556674
4617.000 596314
4618.000 589187
4619.000 526515
4620.000 582419
4621.000 586930
4622.000 554235
4623.000 564374
4624.000 625216
4625.000 543404
4626.000 928235
4627.000 1754719
4628.000 1055864
4629.000 1325793
4630.000 1361469
4631.000 379667
4632.000 732577
4633.000 1671268
4634.000 1665714
4635.000 1705369
4636.000 1682779
4637.000 1546450
4638.000 1669406
4639.000 780734
4640.000 1322190
4641.000 696505
4642.000 1869214
4643.000 1852796
4644.000 1659271
4645.000 1687365
4646.000 1818492
4647.000 1614544
4648.000 908444
4649.000 509792
4650.000 566908
4651.000 1834275
4652.000 1288630
4653.000 1386169
4654.000 1044357
4655.000 1477108
4656.000 1637966
4657.000 1701539
4658.000 1794193
4659.000 1611542
4660.000 1257391
4661.000 1142149
4662.000 1282533
4663.000 1108422
4664.000 1551179
4665.000 1247959
4666.000 1354543
4667.000 1446990
4668.000 1149625
4669.000 948592
4670.000 1023280
4671.000 1274478
4672.000 1196735
4673.000 1203106
4674.000 274469
4675.000 288540
4676.000 206796
4677.000 170464
4678.000 170400
4679.000 171089
4680.000 169436
4681.000 173165
4682.000 169152
4683.000 170950
4684.000 170542
4685.000 170277
4686.000 172214
4687.000 169286
4688.000 165849
4689.000 170518
4690.000 172054
4691.000 167014
4692.000 191392
4693.000 169682
4694.000 190379
4695.000 864373
4696.000 172402
4697.000 194454
4698.000 187715
4699.000 687380
4700.000 1539387
4701.000 1617215
4702.000 1392231
4703.000 1334822
4704.000 316447
4705.000 256022
4706.000 220470
4707.000 212825
4708.000 1242588
4709.000 372315
4710.000 551117
4711.000 185566
4712.000 239546
4713.000 181778
4714.000 237417
4715.000 678174
4716.000 914956
4717.000 211851
4718.000 183424
4719.000 588435
4720.000 223046
4721.000 189930
4722.000 188955
4723.000 428678
4724.000 548335
4725.000 1697874
4726.000 1401346
4727.000 1370920
4728.000 1198604
4729.000 707897
4730.000 711595
4731.000 343684
4732.000 169722
4733.000 170143
4734.000 172948
4735.000 168925
4736.000 170713
4737.000 169984
4738.000 168660
4739.000 227042
4740.000 177106
4741.000 233111
4742.000 444478
4743.000 183317
4744.000 182777
4745.000 257386
4746.000 175362
4747.000 173665
4748.000 171490
4749.000 387905
4750.000 525170
4751.000 169992
4752.000 169992
4753.000 168660
4754.000 168660
4755.000 168660
4756.000 168660
4757.000 168660
4758.000 168660
4759.000 168660
4760.000 167328
4761.000 169992
4762.000 165849
4763.000 171471
4764.000 165849
4765.000 168660
4766.000 168660
4767.000 168660
4768.000 253235
4769.000 422695
