# Slice: BestEffort | 10.215.173.1: -> 112.217.128.197: (TCP)
# offset_sec  packet_size_bytes
0.000 1133
1.000 80
3.000 80
5.000 80
7.000 80
9.000 80
11.000 80
13.000 80
15.000 80
17.000 80
19.000 80
21.000 80
23.000 80
25.000 80
27.000 80
29.000 80
31.000 80
33.000 80
35.000 80
37.000 80
39.000 80
41.000 80
43.000 80
45.000 80
47.000 80
49.000 80
51.000 80
53.000 80
55.000 80
57.000 80
59.000 80
61.000 80
63.000 80
65.000 80
67.000 80
69.000 80
71.000 80
73.000 80
75.000 80
77.000 80
79.000 80
81.000 80
83.000 80
85.000 80
87.000 80
89.000 80
91.000 80
93.000 80
95.000 80
97.000 80
99.000 80
101.000 80
103.000 80
105.000 80
107.000 80
109.000 80
111.000 80
113.000 80
115.000 80
117.000 80
119.000 80
121.000 80
123.000 80
125.000 80
127.000 80
129.000 80
131.000 80
133.000 80
135.000 80
137.000 80
139.000 80
141.000 80
143.000 80
145.000 80
147.000 80
149.000 80
151.000 80
153.000 80
155.000 80
157.000 80
159.000 80
161.000 80
163.000 80
165.000 80
167.000 80
169.000 80
171.000 80
173.000 80
175.000 80
177.000 80
179.000 80
181.000 80
183.000 80
185.000 80
187.000 80
189.000 80
191.000 80
193.000 80
195.000 80
197.000 80
199.000 80
201.000 80
203.000 80
205.000 80
207.000 80
209.000 80
211.000 80
213.000 80
215.000 80
217.000 80
219.000 80
221.000 80
223.000 80
225.000 80
227.000 80
229.000 80
231.000 80
233.000 80
235.000 80
237.000 80
239.000 80
241.000 80
243.000 80
245.000 80
247.000 80
249.000 80
251.000 80
253.000 80
255.000 80
257.000 80
259.000 80
261.000 80
263.000 80
265.000 80
267.000 80
269.000 80
271.000 80
273.000 80
275.000 80
277.000 80
279.000 80
281.000 80
283.000 80
285.000 80
287.000 80
289.000 80
291.000 80
293.000 80
295.000 80
297.000 80
299.000 80
301.000 80
303.000 80
305.000 80
307.000 80
309.000 80
311.000 80
313.000 80
315.000 80
317.000 80
319.000 80
321.000 80
323.000 80
325.000 80
327.000 80
329.000 80
331.000 80
333.000 80
335.000 80
337.000 80
339.000 80
341.000 80
343.000 80
345.000 80
347.000 80
349.000 80
351.000 80
353.000 80
355.000 80
357.000 80
359.000 80
361.000 80
363.000 80
365.000 80
367.000 80
369.000 80
371.000 80
373.000 80
375.000 80
377.000 80
379.000 80
381.000 80
383.000 80
385.000 80
387.000 80
389.000 80
391.000 80
393.000 80
395.000 80
397.000 80
399.000 80
401.000 80
403.000 80
405.000 80
407.000 80
409.000 80
411.000 80
413.000 80
415.000 80
417.000 80
419.000 80
421.000 80
423.000 80
425.000 80
427.000 80
429.000 80
431.000 80
433.000 80
435.000 80
437.000 80
439.000 80
441.000 80
443.000 80
445.000 80
447.000 80
449.000 80
451.000 80
453.000 80
455.000 80
457.000 80
459.000 80
461.000 80
463.000 80
465.000 80
467.000 80
469.000 80
471.000 80
473.000 80
475.000 80
477.000 80
479.000 80
481.000 80
483.000 80
485.000 80
487.000 80
489.000 80
491.000 80
493.000 80
495.000 80
497.000 80
499.000 80
501.000 80
503.000 80
505.000 80
507.000 80
509.000 80
511.000 80
513.000 80
515.000 80
517.000 80
519.000 80
521.000 80
523.000 80
525.000 80
527.000 80
529.000 80
531.000 80
533.000 80
535.000 80
537.000 80
539.000 80
541.000 80
543.000 80
545.000 80
547.000 80
549.000 80
551.000 80
553.000 80
555.000 80
557.000 80
559.000 80
561.000 80
563.000 80
565.000 80
567.000 80
569.000 80
571.000 80
573.000 80
575.000 80
577.000 80
579.000 80
581.000 80
583.000 80
585.000 80
587.000 80
589.000 80
591.000 80
593.000 80
595.000 80
597.000 80
599.000 80
601.000 80
603.000 80
605.000 80
607.000 80
609.000 80
611.000 80
613.000 80
615.000 80
617.000 80
619.000 80
621.000 80
623.000 80
625.000 80
627.000 80
629.000 80
631.000 80
633.000 80
635.000 80
637.000 80
639.000 80
641.000 80
643.000 80
645.000 80
647.000 80
649.000 80
651.000 80
653.000 80
655.000 80
657.000 80
659.000 80
661.000 80
663.000 80
665.000 80
667.000 80
669.000 80
671.000 80
673.000 80
675.000 80
677.000 80
679.000 80
681.000 80
683.000 80
685.000 80
687.000 80
689.000 80
691.000 80
693.000 80
695.000 80
697.000 80
699.000 80
701.000 80
703.000 80
705.000 80
707.000 80
709.000 80
711.000 80
713.000 80
715.000 80
717.000 80
719.000 80
721.000 80
723.000 80
725.000 80
727.000 80
729.000 80
731.000 80
733.000 80
735.000 80
737.000 80
739.000 80
741.000 80
743.000 80
745.000 80
747.000 80
749.000 80
751.000 80
753.000 80
755.000 80
757.000 80
759.000 80
761.000 80
763.000 80
765.000 80
767.000 80
769.000 80
771.000 80
773.000 80
775.000 80
777.000 80
779.000 80
781.000 80
783.000 80
785.000 80
787.000 80
789.000 80
791.000 80
793.000 80
795.000 80
797.000 80
799.000 80
801.000 80
803.000 80
805.000 80
807.000 80
809.000 80
811.000 80
813.000 80
815.000 80
817.000 80
819.000 80
821.000 80
823.000 80
825.000 80
827.000 80
829.000 80
831.000 80
833.000 80
835.000 80
837.000 80
839.000 80
841.000 80
843.000 80
845.000 80
847.000 80
849.000 80
851.000 80
853.000 80
855.000 80
857.000 80
859.000 80
861.000 80
863.000 80
865.000 80
867.000 80
869.000 80
871.000 80
873.000 80
875.000 80
877.000 80
879.000 80
881.000 80
883.000 80
885.000 80
887.000 80
889.000 80
891.000 80
893.000 80
895.000 80
897.000 80
899.000 80
901.000 80
903.000 80
905.000 80
907.000 80
909.000 80
911.000 80
913.000 80
915.000 80
917.000 80
919.000 80
921.000 80
923.000 80
925.000 80
927.000 80
929.000 80
931.000 80
933.000 80
935.000 80
937.000 80
939.000 80
941.000 80
943.000 80
945.000 80
947.000 80
949.000 80
951.000 80
953.000 80
955.000 80
957.000 80
959.000 80
961.000 80
963.000 80
965.000 80
967.000 80
969.000 80
971.000 80
973.000 80
975.000 80
977.000 80
979.000 80
981.000 80
983.000 80
985.000 80
987.000 80
989.000 80
991.000 80
993.000 80
995.000 80
997.000 80
999.000 80
1001.000 80
1003.000 80
1005.000 80
1007.000 80
1009.000 80
1011.000 80
1013.000 80
1015.000 80
1017.000 80
1019.000 80
1021.000 80
1023.000 80
1025.000 80
1027.000 80
1029.000 80
1031.000 80
1033.000 80
1035.000 80
1037.000 80
1039.000 80
1041.000 80
1043.000 80
1045.000 80
1047.000 80
1049.000 80
1051.000 80
1053.000 80
1055.000 80
1057.000 80
1059.000 80
1061.000 80
1063.000 80
1065.000 80
1067.000 80
1069.000 80
1071.000 80
1073.000 80
1075.000 80
1077.000 80
1079.000 80
1081.000 80
1083.000 80
1085.000 80
1087.000 80
1089.000 80
1091.000 80
1093.000 80
1095.000 80
1097.000 80
1099.000 80
1101.000 80
1103.000 80
1105.000 80
1107.000 80
1109.000 80
1111.000 80
1113.000 80
1115.000 80
1117.000 80
1119.000 80
1121.000 80
1123.000 80
1125.000 80
1127.000 80
1129.000 80
1131.000 80
1133.000 80
1135.000 80
1137.000 80
1139.000 80
1141.000 80
1143.000 80
1145.000 80
1147.000 80
1149.000 80
1151.000 80
1153.000 80
1155.000 80
1157.000 80
1159.000 80
1161.000 80
1163.000 80
1165.000 80
1167.000 80
1169.000 80
1171.000 80
1173.000 80
1175.000 80
1177.000 80
1179.000 80
1181.000 80
1183.000 80
1185.000 80
1187.000 80
1189.000 80
1191.000 80
1193.000 80
1195.000 80
1197.000 80
1199.000 80
1201.000 80
1203.000 80
1205.000 80
1207.000 80
1209.000 80
1211.000 80
1213.000 80
1215.000 80
1217.000 80
1219.000 80
1221.000 80
1223.000 80
1225.000 80
1227.000 80
1229.000 80
1231.000 80
1233.000 80
1235.000 80
1237.000 80
1239.000 80
1241.000 80
1243.000 80
1245.000 80
1247.000 80
1249.000 80
1251.000 80
1253.000 80
1255.000 80
1257.000 80
1259.000 80
1261.000 80
1263.000 80
1265.000 80
1267.000 80
1269.000 80
1271.000 80
1273.000 80
1275.000 80
1277.000 80
1279.000 80
1281.000 80
1283.000 80
1285.000 80
1287.000 80
1289.000 80
1291.000 80
1293.000 80
1295.000 80
1297.000 80
1299.000 80
1301.000 80
1303.000 80
1305.000 80
1307.000 80
1309.000 80
1311.000 80
1313.000 80
1315.000 80
1317.000 80
1319.000 80
1321.000 80
1323.000 80
1325.000 80
1327.000 80
1329.000 80
1331.000 80
1333.000 80
1335.000 80
1337.000 80
1339.000 80
1341.000 80
1343.000 80
1345.000 80
1347.000 80
1349.000 80
1351.000 80
1353.000 80
1355.000 80
1357.000 80
1359.000 80
1361.000 80
1363.000 80
1365.000 80
1367.000 80
1369.000 80
1371.000 80
1373.000 80
1375.000 80
1377.000 80
1379.000 80
1381.000 80
1383.000 80
1385.000 80
1387.000 80
1389.000 80
1391.000 80
1393.000 80
1395.000 80
1397.000 80
1399.000 80
1401.000 80
1403.000 80
1405.000 80
1407.000 80
1409.000 80
1411.000 80
1413.000 80
1415.000 80
1417.000 80
1419.000 80
1421.000 80
1423.000 80
1425.000 80
1427.000 80
1429.000 80
1431.000 80
1433.000 80
1435.000 80
1437.000 80
1439.000 80
1441.000 80
1443.000 80
1445.000 80
1447.000 80
1449.000 80
1451.000 80
1453.000 80
1455.000 80
1457.000 80
1459.000 80
1461.000 80
1463.000 80
1465.000 80
1467.000 80
1469.000 80
1471.000 80
1473.000 80
1475.000 80
1477.000 80
1479.000 80
1481.000 80
1483.000 80
1485.000 80
1487.000 80
1489.000 80
1491.000 80
1493.000 80
1495.000 80
1497.000 80
1499.000 80
1501.000 80
1503.000 80
1505.000 80
1507.000 80
1509.000 80
1511.000 80
1513.000 80
1515.000 80
1517.000 80
1519.000 80
1521.000 80
1523.000 80
1525.000 80
1527.000 80
1529.000 80
1531.000 80
1533.000 80
1535.000 80
1537.000 80
1539.000 80
1541.000 80
1543.000 80
1545.000 80
1547.000 80
1549.000 80
1551.000 80
1553.000 80
1555.000 80
1557.000 80
1559.000 80
1561.000 80
1563.000 80
1565.000 80
1567.000 80
1569.000 80
1571.000 80
1573.000 80
1575.000 80
1577.000 80
1579.000 80
1581.000 80
1583.000 80
1585.000 80
1587.000 80
1589.000 80
1591.000 80
1593.000 80
1595.000 80
1597.000 80
1599.000 80
1601.000 80
1603.000 80
1605.000 80
1607.000 80
1609.000 80
1611.000 80
1613.000 80
1615.000 80
1617.000 80
1619.000 80
1621.000 80
1623.000 80
1625.000 80
1627.000 80
1629.000 80
1631.000 80
1633.000 80
1635.000 80
1637.000 80
1639.000 80
1641.000 80
1643.000 80
1645.000 80
1647.000 80
1649.000 80
1651.000 80
1653.000 80
1655.000 80
1657.000 80
1659.000 80
1661.000 80
1663.000 80
1665.000 80
1667.000 80
1669.000 80
1671.000 80
1673.000 80
1675.000 80
1677.000 80
1679.000 80
1681.000 80
1683.000 80
1685.000 80
1687.000 80
1689.000 80
1691.000 80
1693.000 80
1695.000 80
1697.000 80
1699.000 80
1701.000 80
1703.000 80
1705.000 80
1707.000 80
1709.000 80
1711.000 80
1713.000 80
1715.000 80
1717.000 80
1719.000 80
1721.000 80
1723.000 80
1725.000 80
1727.000 80
1729.000 80
1731.000 80
1733.000 80
1735.000 80
1737.000 80
1739.000 80
1741.000 80
1743.000 80
1745.000 80
1747.000 80
1749.000 80
1751.000 80
1753.000 80
1755.000 80
1757.000 80
1759.000 80
1761.000 80
1763.000 80
1765.000 80
1767.000 80
1769.000 80
1771.000 80
1773.000 80
1775.000 80
1777.000 80
1779.000 80
1781.000 80
1783.000 80
1785.000 80
1787.000 80
1789.000 80
1791.000 80
1793.000 80
1795.000 80
1797.000 80
1799.000 80
1801.000 80
1803.000 80
1805.000 80
1807.000 80
1809.000 80
1811.000 80
1813.000 80
1815.000 80
1817.000 80
1819.000 80
1821.000 80
1823.000 80
1825.000 80
1827.000 80
1829.000 80
1831.000 80
1833.000 80
1835.000 80
1837.000 80
1839.000 80
1841.000 80
1843.000 80
1845.000 80
1847.000 80
1849.000 80
1851.000 80
1853.000 80
1855.000 80
1857.000 80
1859.000 80
1861.000 80
1863.000 80
1865.000 80
1867.000 80
1869.000 80
1871.000 80
1873.000 80
1875.000 80
1877.000 80
1879.000 80
1881.000 80
1883.000 80
1885.000 80
1887.000 80
1889.000 80
1891.000 80
1893.000 80
1895.000 80
1897.000 80
1899.000 80
1901.000 80
1903.000 80
1905.000 80
1907.000 80
1909.000 80
1911.000 80
1913.000 80
1915.000 80
1917.000 80
1919.000 80
1921.000 80
1923.000 80
1925.000 80
1927.000 80
1929.000 80
1931.000 80
1933.000 80
1935.000 80
1937.000 80
1939.000 80
1941.000 80
1943.000 80
1945.000 80
1947.000 80
1949.000 80
1951.000 80
1953.000 80
1955.000 80
1957.000 80
1959.000 80
1961.000 80
1963.000 80
1965.000 80
1967.000 80
1969.000 80
1971.000 80
1973.000 80
1975.000 80
1977.000 80
1979.000 80
1981.000 80
1983.000 80
1985.000 80
1987.000 80
1989.000 80
1991.000 80
1993.000 80
1995.000 80
1997.000 80
1999.000 80
2001.000 80
2003.000 80
2005.000 80
2007.000 80
2009.000 80
2011.000 80
2013.000 80
2015.000 80
2017.000 80
2019.000 80
2021.000 80
2023.000 80
2025.000 80
2027.000 80
2029.000 80
2031.000 80
2033.000 80
2035.000 80
2037.000 80
2039.000 80
2041.000 80
2043.000 80
2045.000 80
2047.000 80
2049.000 80
2051.000 80
2053.000 80
2055.000 80
2057.000 80
2059.000 80
2061.000 80
2063.000 80
2065.000 80
2067.000 80
2069.000 80
2071.000 80
2073.000 80
2075.000 80
2077.000 80
2079.000 80
2081.000 80
2083.000 80
2085.000 80
2087.000 80
2089.000 80
2091.000 80
2093.000 80
2095.000 80
2097.000 80
2099.000 80
2101.000 80
2103.000 80
2105.000 80
2107.000 80
2109.000 80
2111.000 80
2113.000 80
2115.000 80
2117.000 80
2119.000 80
2121.000 80
2123.000 80
2125.000 80
2127.000 80
2129.000 80
2131.000 80
2133.000 80
2135.000 80
2137.000 80
2139.000 80
2141.000 80
2143.000 80
2145.000 80
2147.000 80
2149.000 80
2151.000 80
2153.000 80
2155.000 80
2157.000 80
2159.000 80
2161.000 80
2163.000 80
2165.000 80
2167.000 80
2169.000 80
2171.000 80
2173.000 80
2175.000 80
2177.000 80
2179.000 80
2181.000 80
2183.000 80
2185.000 80
2187.000 80
2189.000 80
2191.000 80
2193.000 80
2195.000 80
2197.000 80
2199.000 80
2201.000 80
2203.000 80
2205.000 80
2207.000 80
2209.000 80
2211.000 80
2213.000 80
2215.000 80
2217.000 80
2219.000 80
2221.000 80
2223.000 80
2225.000 80
2227.000 80
2229.000 80
2231.000 80
2233.000 80
2235.000 80
2237.000 80
2239.000 80
2241.000 80
2243.000 80
2245.000 80
2247.000 80
2249.000 80
2251.000 80
2253.000 80
2255.000 80
2257.000 80
2259.000 80
2261.000 80
2263.000 80
2265.000 80
2267.000 80
2269.000 80
2271.000 80
2273.000 80
2275.000 80
2277.000 80
2279.000 80
2281.000 80
2283.000 80
2285.000 80
2287.000 80
2289.000 80
2291.000 80
2293.000 80
2295.000 80
2297.000 80
2299.000 80
2301.000 80
2303.000 80
2305.000 80
2307.000 80
2309.000 80
2311.000 80
2313.000 80
2315.000 80
2317.000 80
2319.000 80
2321.000 80
2323.000 80
2325.000 80
2327.000 80
2329.000 80
2331.000 80
2333.000 80
2335.000 80
2337.000 80
2339.000 80
2341.000 80
2343.000 80
2345.000 80
2347.000 80
2349.000 80
2351.000 80
2353.000 80
2355.000 80
2357.000 80
2359.000 80
2361.000 80
2363.000 80
2365.000 80
2367.000 80
2369.000 80
2371.000 80
2373.000 80
2375.000 80
2377.000 80
2379.000 80
2381.000 80
2383.000 80
2385.000 80
2387.000 80
2389.000 80
2391.000 80
2393.000 80
2395.000 80
2397.000 80
2399.000 80
2401.000 80
2403.000 80
2405.000 80
2407.000 80
2409.000 80
2411.000 80
2413.000 80
2415.000 80
2417.000 80
2419.000 80
2421.000 80
2423.000 80
2425.000 80
2427.000 80
2429.000 80
2431.000 80
2433.000 80
2435.000 80
2437.000 80
2439.000 80
2441.000 80
2443.000 80
2445.000 80
2447.000 80
2449.000 80
2451.000 80
2453.000 80
2455.000 80
2457.000 80
2459.000 80
2461.000 80
2463.000 80
2465.000 80
2467.000 80
2469.000 80
2471.000 80
2473.000 80
2475.000 80
2477.000 80
2479.000 80
2481.000 80
2483.000 80
2485.000 80
2487.000 80
2489.000 80
2491.000 80
2493.000 80
2495.000 80
2497.000 80
2499.000 80
2501.000 80
2503.000 80
2505.000 80
2507.000 80
2509.000 80
2511.000 80
2513.000 80
2515.000 80
2517.000 80
2519.000 80
2521.000 80
2523.000 80
2525.000 80
2527.000 80
2529.000 80
2531.000 80
2533.000 80
2535.000 80
2537.000 80
2539.000 80
2541.000 80
2543.000 80
2545.000 80
2547.000 80
2549.000 80
2551.000 80
2553.000 80
2555.000 80
2557.000 80
2559.000 80
2561.000 80
2563.000 80
2565.000 80
2567.000 80
2569.000 80
2571.000 80
2573.000 80
2575.000 80
2577.000 80
2579.000 80
2581.000 80
2583.000 80
2585.000 80
2587.000 80
2589.000 80
2591.000 80
2593.000 80
2595.000 80
2597.000 80
2599.000 80
2601.000 80
2603.000 80
2605.000 80
2607.000 80
2609.000 80
2611.000 80
2613.000 80
2615.000 80
2617.000 80
2619.000 80
2621.000 80
2623.000 80
2625.000 80
2627.000 80
2629.000 80
2631.000 80
2633.000 80
2635.000 80
2637.000 80
2639.000 80
2641.000 80
2643.000 80
2645.000 80
2647.000 80
2649.000 80
2651.000 80
2653.000 80
2655.000 80
2657.000 80
2659.000 80
2661.000 80
2663.000 80
2665.000 80
2667.000 80
2669.000 80
2671.000 80
2673.000 80
2675.000 80
2677.000 80
2679.000 80
2681.000 80
2683.000 80
2685.000 80
2687.000 80
2689.000 80
2692.000 80
2694.000 80
2696.000 80
2698.000 80
2700.000 80
2702.000 80
2704.000 80
2706.000 80
2708.000 80
2710.000 80
2712.000 80
2714.000 80
2716.000 80
2718.000 80
2720.000 80
2722.000 80
2724.000 80
2726.000 80
2728.000 80
2730.000 80
2732.000 80
2734.000 80
2736.000 80
2738.000 80
2740.000 80
2742.000 80
2744.000 80
2746.000 80
2748.000 80
2750.000 80
2752.000 80
2754.000 80
2756.000 80
2758.000 80
2760.000 80
2762.000 80
2764.000 80
2766.000 80
2768.000 80
2770.000 80
2772.000 80
2774.000 80
2776.000 80
2778.000 80
2780.000 80
2782.000 80
2784.000 80
2786.000 80
2788.000 80
2790.000 80
2792.000 80
2794.000 80
2796.000 80
2798.000 80
2800.000 80
2802.000 80
2804.000 80
2806.000 80
2808.000 80
2810.000 80
2812.000 80
2814.000 80
2816.000 80
2818.000 80
2820.000 80
2822.000 80
2824.000 80
2826.000 80
2828.000 80
2830.000 80
2832.000 80
2834.000 80
2836.000 80
2838.000 80
2840.000 80
2842.000 80
2844.000 80
2846.000 80
2848.000 80
2850.000 80
2852.000 80
2854.000 80
2856.000 80
2858.000 80
2860.000 80
2862.000 80
2864.000 80
2866.000 80
2868.000 80
2870.000 80
2872.000 80
2874.000 80
2876.000 80
2878.000 80
2880.000 80
2882.000 80
2884.000 80
2886.000 80
2888.000 80
2890.000 80
2892.000 80
2894.000 80
2896.000 80
2898.000 80
2900.000 80
2902.000 80
2904.000 80
2906.000 80
2908.000 80
2910.000 80
2912.000 80
2914.000 80
2916.000 80
2918.000 80
2920.000 80
2922.000 80
2924.000 80
2926.000 80
2928.000 80
2930.000 80
2932.000 80
2934.000 80
2936.000 80
2938.000 80
2940.000 80
2942.000 80
2944.000 80
2946.000 80
2948.000 80
2950.000 80
2952.000 80
2954.000 80
2956.000 80
2958.000 80
2960.000 80
2962.000 80
2964.000 80
2966.000 80
2968.000 80
2970.000 80
2972.000 80
2974.000 80
2976.000 80
2978.000 80
2980.000 80
2982.000 80
2984.000 80
2986.000 80
2988.000 80
2990.000 80
2992.000 80
2994.000 80
2996.000 80
2998.000 80
3000.000 80
3002.000 80
3004.000 80
3006.000 80
3008.000 80
3010.000 80
3012.000 80
3014.000 80
3016.000 80
3018.000 80
3020.000 80
3022.000 80
3024.000 80
3026.000 80
3028.000 80
3030.000 80
3032.000 80
3034.000 80
3036.000 80
3038.000 80
3040.000 80
3042.000 80
3044.000 80
3046.000 80
3048.000 80
3050.000 80
3052.000 80
3054.000 80
3056.000 80
3058.000 80
3060.000 80
3062.000 80
3064.000 80
3066.000 80
3068.000 80
3070.000 80
3072.000 80
3074.000 80
3076.000 80
3078.000 80
3080.000 80
3082.000 80
3084.000 80
3086.000 80
3088.000 80
3090.000 80
3092.000 80
3094.000 80
3096.000 80
3098.000 80
3100.000 80
3102.000 80
3104.000 80
3106.000 80
3108.000 80
3110.000 80
3112.000 80
3114.000 80
3116.000 80
3118.000 80
3120.000 80
3122.000 80
3124.000 80
3126.000 80
3128.000 80
3130.000 80
3132.000 80
3134.000 80
3136.000 80
3138.000 80
3140.000 80
3142.000 80
3144.000 80
3146.000 80
3148.000 80
3150.000 80
3152.000 80
3154.000 80
3156.000 80
3158.000 80
3160.000 80
3162.000 80
3164.000 80
3166.000 80
3168.000 80
3170.000 80
3172.000 80
3174.000 80
3176.000 80
3178.000 80
3180.000 80
3182.000 80
3184.000 80
3186.000 80
3188.000 80
3190.000 80
3192.000 80
3194.000 80
3196.000 80
3198.000 80
3200.000 80
3202.000 80
3204.000 80
3206.000 80
3208.000 80
3210.000 80
3212.000 80
3214.000 80
3216.000 80
3218.000 80
3220.000 80
3222.000 80
3224.000 80
3226.000 80
3228.000 80
3230.000 80
3232.000 80
3234.000 80
3236.000 80
3238.000 80
3240.000 80
3242.000 80
3244.000 80
3246.000 80
3248.000 80
3250.000 80
3252.000 80
3254.000 80
3256.000 80
3258.000 80
3260.000 80
3262.000 80
3264.000 80
3266.000 80
3268.000 80
3270.000 80
3272.000 80
3274.000 80
3276.000 80
3278.000 80
3280.000 80
3282.000 80
3284.000 80
3286.000 80
3288.000 80
3290.000 80
3292.000 80
3294.000 80
3296.000 80
3298.000 80
3300.000 80
3302.000 80
3304.000 80
3306.000 80
3308.000 80
3310.000 80
3312.000 80
3314.000 80
3316.000 80
3318.000 80
3320.000 80
3322.000 80
3324.000 80
3326.000 80
3328.000 80
3330.000 80
3332.000 80
3334.000 80
3336.000 80
3338.000 80
3340.000 80
3342.000 80
3344.000 80
3346.000 80
3348.000 80
3350.000 80
3352.000 80
3354.000 80
3356.000 80
3358.000 80
3360.000 80
3362.000 80
3364.000 80
3366.000 80
3368.000 80
3370.000 80
3372.000 80
3374.000 80
3376.000 80
3378.000 80
3380.000 80
3382.000 80
3384.000 80
3386.000 80
3388.000 80
3390.000 80
3392.000 80
3394.000 80
3396.000 80
3398.000 80
3400.000 80
3402.000 80
3404.000 80
3406.000 80
3408.000 80
3410.000 80
3412.000 80
3414.000 80
3416.000 80
3418.000 80
3420.000 80
3422.000 80
3424.000 80
3426.000 80
3428.000 80
3430.000 80
3432.000 80
3434.000 80
3436.000 80
3438.000 80
3440.000 80
3442.000 80
3444.000 80
3446.000 80
3448.000 80
3450.000 80
3452.000 80
3454.000 80
3456.000 80
3458.000 80
3460.000 80
3462.000 80
3464.000 80
3466.000 80
3468.000 80
3470.000 80
3472.000 80
3474.000 80
3476.000 80
3478.000 80
3480.000 80
3482.000 80
3484.000 80
3486.000 80
3488.000 80
3490.000 80
3492.000 80
3494.000 80
3496.000 80
3498.000 80
3500.000 80
3502.000 80
3504.000 80
3506.000 80
3508.000 80
3510.000 80
3512.000 80
3514.000 80
3516.000 80
3518.000 80
3520.000 80
3522.000 80
3524.000 80
3526.000 80
3528.000 80
3530.000 80
3532.000 80
3534.000 80
3536.000 80
3538.000 80
3540.000 80
3542.000 80
3544.000 80
3546.000 80
3548.000 80
3550.000 80
3552.000 80
3554.000 80
3556.000 80
3558.000 80
3560.000 80
3562.000 80
3564.000 80
3566.000 80
3568.000 80
3570.000 80
3572.000 80
3574.000 80
3576.000 80
3578.000 80
3580.000 80
3582.000 80
3584.000 80
3586.000 80
3588.000 80
3590.000 80
3592.000 80
3594.000 80
3596.000 80
3598.000 80
3600.000 80
3602.000 80
3604.000 80
3606.000 80
3608.000 80
3610.000 80
3612.000 80
3614.000 80
3616.000 80
3618.000 80
3620.000 80
3622.000 80
3624.000 80
3626.000 80
3628.000 80
3630.000 80
3632.000 80
3634.000 80
3636.000 80
3638.000 80
3640.000 80
3642.000 80
3644.000 80
3646.000 80
3648.000 80
3650.000 80
3652.000 80
3654.000 80
3656.000 80
3658.000 80
3660.000 80
3662.000 80
3664.000 80
3666.000 80
3668.000 80
3670.000 80
3672.000 80
3674.000 80
3676.000 80
3678.000 80
3680.000 80
3682.000 80
3684.000 80
3686.000 80
3688.000 80
3690.000 80
3692.000 80
3694.000 80
3696.000 80
3698.000 80
3700.000 80
3702.000 80
3704.000 80
3706.000 80
3708.000 80
3710.000 80
3712.000 80
3714.000 80
3716.000 80
3718.000 80
3720.000 80
3722.000 80
3724.000 80
3726.000 80
3728.000 80
3730.000 80
3732.000 80
3734.000 80
3736.000 80
3738.000 80
3740.000 80
3742.000 80
3744.000 80
3746.000 80
3748.000 80
3750.000 80
3752.000 80
3754.000 80
3756.000 80
3758.000 80
3760.000 80
3762.000 80
3764.000 80
3766.000 80
3768.000 80
3770.000 80
3772.000 80
3774.000 80
3776.000 80
3778.000 80
3780.000 80
3782.000 80
3784.000 80
3786.000 80
3788.000 80
3790.000 80
3792.000 80
3794.000 80
3796.000 80
3798.000 80
3800.000 80
3802.000 80
3804.000 80
3806.000 80
3808.000 80
3810.000 80
3812.000 80
3814.000 80
3816.000 80
3818.000 80
3820.000 80
3822.000 80
3824.000 80
3826.000 80
3828.000 80
3830.000 80
3832.000 80
3834.000 80
3836.000 80
3838.000 80
3840.000 80
3842.000 80
3844.000 80
3846.000 80
3848.000 80
3850.000 80
3852.000 80
3854.000 80
3856.000 80
3858.000 80
3860.000 80
3862.000 80
3864.000 80
3866.000 80
3868.000 80
3870.000 80
3872.000 80
3874.000 80
3876.000 80
3878.000 80
3880.000 80
3882.000 80
3884.000 80
3886.000 80
3888.000 80
3890.000 80
3892.000 80
3894.000 80
3896.000 80
3898.000 80
3900.000 80
3902.000 80
3904.000 80
3906.000 80
3908.000 80
3910.000 80
3912.000 80
3914.000 80
3916.000 80
3918.000 80
3920.000 80
3922.000 80
3924.000 80
3926.000 80
3928.000 80
3930.000 80
3932.000 80
3934.000 80
3936.000 80
3938.000 80
3940.000 80
3942.000 80
3944.000 80
3946.000 80
3948.000 80
3950.000 80
3952.000 80
3954.000 80
3956.000 80
3958.000 80
3960.000 80
3962.000 80
3964.000 80
3966.000 80
3968.000 80
3970.000 80
3972.000 80
3974.000 80
3976.000 80
3978.000 80
3980.000 80
3982.000 80
3984.000 80
3986.000 80
3988.000 80
3990.000 80
3992.000 80
3994.000 80
3996.000 80
3998.000 80
4000.000 80
4002.000 80
4004.000 80
4006.000 80
4008.000 80
4010.000 80
4012.000 80
4014.000 80
4016.000 80
4018.000 80
4020.000 80
4022.000 80
4024.000 80
4026.000 80
4028.000 80
4030.000 80
4032.000 80
4034.000 80
4036.000 80
4038.000 80
4040.000 80
4042.000 80
4044.000 80
4046.000 80
4048.000 80
4050.000 80
4052.000 80
4054.000 80
4056.000 80
4058.000 80
4060.000 80
4062.000 80
4064.000 80
4066.000 80
4068.000 80
4070.000 80
4072.000 80
4074.000 80
4076.000 80
4078.000 80
4080.000 80
4082.000 80
4084.000 80
4086.000 80
4088.000 80
4090.000 80
4092.000 80
4094.000 80
4096.000 80
4098.000 80
4100.000 80
4102.000 80
4104.000 80
4106.000 80
4108.000 80
4110.000 80
4112.000 80
4114.000 80
4116.000 80
4118.000 80
4120.000 80
4122.000 80
4124.000 80
4126.000 80
4128.000 80
4130.000 80
4132.000 80
4134.000 80
4136.000 80
4138.000 80
4140.000 80
4142.000 80
4144.000 80
4146.000 80
4148.000 80
4150.000 80
4152.000 80
4154.000 80
4156.000 80
4158.000 80
4160.000 80
4162.000 80
4164.000 80
4166.000 80
4168.000 80
4170.000 80
4172.000 80
4174.000 80
4176.000 80
4178.000 80
4180.000 80
4182.000 80
4184.000 80
4186.000 80
4188.000 80
4190.000 80
4192.000 80
4194.000 80
4196.000 80
4198.000 80
4200.000 80
4202.000 80
4204.000 80
4206.000 80
4208.000 80
4210.000 80
4212.000 80
4214.000 80
4216.000 80
4218.000 80
4220.000 80
4222.000 80
4224.000 80
4226.000 80
4228.000 80
4230.000 80
4232.000 80
4234.000 80
4236.000 80
4238.000 80
4240.000 80
4242.000 80
4244.000 80
4246.000 80
4248.000 80
4250.000 80
4252.000 80
4254.000 80
4256.000 80
4258.000 80
4260.000 80
4262.000 80
4264.000 80
4266.000 80
4268.000 80
4270.000 80
4272.000 80
4274.000 80
4276.000 80
4278.000 80
4280.000 80
4282.000 80
4284.000 80
4286.000 80
4288.000 80
4290.000 80
4292.000 80
4294.000 80
4296.000 80
4298.000 80
4300.000 80
4302.000 80
4304.000 80
4306.000 80
4308.000 80
4310.000 80
4312.000 80
4314.000 80
4316.000 80
4318.000 80
4320.000 80
4322.000 80
4324.000 80
4326.000 80
4328.000 80
4330.000 80
4332.000 80
4334.000 80
4336.000 80
4338.000 80
4340.000 80
4342.000 80
4344.000 80
4346.000 80
4348.000 80
4350.000 80
4352.000 80
4354.000 80
4356.000 80
4358.000 80
4360.000 80
4362.000 80
4364.000 80
4366.000 80
4368.000 80
4370.000 80
4372.000 80
4374.000 80
4376.000 80
4378.000 80
4380.000 80
4382.000 80
4384.000 80
4386.000 80
4388.000 80
4390.000 80
4392.000 80
4394.000 80
4396.000 80
4398.000 80
4400.000 80
4402.000 80
4404.000 80
4406.000 80
4408.000 80
4410.000 80
4412.000 80
4414.000 80
4416.000 80
4418.000 80
4420.000 80
4422.000 80
4424.000 80
4426.000 80
4428.000 80
4430.000 80
4432.000 80
4434.000 80
4436.000 80
4438.000 80
4440.000 80
4442.000 80
4444.000 80
4446.000 80
4448.000 80
4450.000 80
4452.000 80
4454.000 80
4456.000 80
4458.000 80
4460.000 80
4462.000 80
4464.000 80
4466.000 80
4468.000 80
4470.000 80
4472.000 80
4474.000 80
4476.000 80
4478.000 80
4480.000 80
4482.000 80
4484.000 80
4486.000 80
4488.000 80
4490.000 80
4492.000 80
4494.000 80
4496.000 80
4498.000 80
4500.000 80
4502.000 80
4504.000 80
4506.000 80
4508.000 80
4510.000 80
4512.000 80
4514.000 80
4516.000 80
4518.000 80
4520.000 80
4522.000 80
4524.000 80
4526.000 80
4528.000 80
4530.000 80
4532.000 80
4534.000 80
4536.000 80
4538.000 80
4540.000 80
4542.000 80
4544.000 80
4546.000 80
4548.000 80
4550.000 80
4552.000 80
4554.000 80
4556.000 80
4558.000 80
4560.000 80
4562.000 80
4564.000 80
4566.000 80
4568.000 80
4570.000 80
4572.000 80
4574.000 80
4576.000 80
4578.000 80
4580.000 80
4582.000 80
4584.000 80
4586.000 80
4588.000 80
4590.000 80
4592.000 80
4594.000 80
4596.000 80
4598.000 80
4600.000 80
4602.000 80
4604.000 80
4606.000 80
4608.000 80
4610.000 80
4612.000 80
4614.000 80
4616.000 80
4618.000 80
4620.000 80
4622.000 80
4624.000 80
4626.000 80
4628.000 80
4630.000 80
4632.000 80
4634.000 80
4636.000 80
4638.000 80
4640.000 80
4642.000 80
4644.000 80
4646.000 80
4648.000 80
4650.000 80
4652.000 80
4654.000 80
4656.000 80
4658.000 80
4660.000 80
4662.000 80
4664.000 80
4666.000 80
4668.000 80
4670.000 80
4672.000 80
4674.000 80
4676.000 80
4678.000 80
4680.000 80
4682.000 80
4684.000 80
4686.000 80
4688.000 80
4690.000 80
4692.000 80
4694.000 80
4696.000 80
4698.000 80
4700.000 80
4702.000 80
4704.000 80
4706.000 80
4708.000 80
4710.000 80
4712.000 80
4714.000 80
4716.000 80
4718.000 80
4720.000 80
4722.000 80
4724.000 80
4726.000 80
4728.000 80
4730.000 80
4732.000 80
4734.000 80
4736.000 80
4738.000 80
4740.000 80
4742.000 80
4744.000 80
4746.000 80
4748.000 80
4750.000 80
4752.000 80
4754.000 80
4756.000 80
4758.000 80
4760.000 80
4762.000 80
4764.000 80
4766.000 80
4768.000 80
4770.000 80
4772.000 80
4774.000 80
4776.000 80
4778.000 80
4780.000 80
4782.000 80
4784.000 80
4786.000 80
4788.000 80
4790.000 80
4792.000 80
4794.000 80
4796.000 80
4798.000 80
4800.000 80
4802.000 80
4804.000 80
4806.000 80
4808.000 80
4810.000 80
4812.000 80
4814.000 80
4816.000 80
4818.000 80
4820.000 80
4822.000 80
4824.000 80
4826.000 80
4828.000 80
4830.000 80
4832.000 80
4834.000 80
4836.000 80
4838.000 80
4840.000 80
4842.000 80
4844.000 80
4846.000 80
4848.000 80
4850.000 80
4852.000 80
4854.000 80
4856.000 80
4858.000 80
4860.000 80
4862.000 80
4864.000 80
4866.000 80
4868.000 80
4870.000 80
4872.000 80
4874.000 80
4876.000 80
4878.000 80
4880.000 80
4882.000 80
4884.000 80
4886.000 80
4888.000 80
4890.000 80
4892.000 80
4894.000 80
4896.000 80
4898.000 80
4900.000 80
4902.000 80
4904.000 80
4906.000 80
4908.000 80
4910.000 80
4912.000 80
4914.000 80
4916.000 80
4918.000 80
4920.000 80
4922.000 80
4924.000 80
4926.000 80
4928.000 80
4930.000 80
4932.000 80
4934.000 80
4936.000 80
4938.000 80
4940.000 80
4942.000 80
4944.000 80
4946.000 80
4948.000 80
4950.000 80
4952.000 80
4954.000 80
4956.000 80
4958.000 80
4960.000 80
4962.000 80
4964.000 80
4966.000 80
4968.000 80
4970.000 80
4972.000 80
4974.000 80
4976.000 80
4978.000 80
4980.000 80
4982.000 80
4984.000 80
4986.000 80
4988.000 80
4990.000 80
4992.000 80
4994.000 80
4996.000 80
4998.000 80
5000.000 80
5002.000 80
5004.000 80
5006.000 80
5008.000 80
5010.000 80
5012.000 80
5014.000 80
5016.000 80
5018.000 80
5020.000 80
5022.000 80
5024.000 80
5026.000 80
5028.000 80
5030.000 80
5032.000 80
5034.000 80
5036.000 80
5038.000 80
5040.000 80
5042.000 80
5044.000 80
5046.000 80
5048.000 80
5050.000 80
5052.000 80
5054.000 80
5056.000 80
5058.000 80
5060.000 80
5062.000 80
5064.000 80
5066.000 80
5068.000 80
5070.000 80
5072.000 80
5074.000 80
5076.000 80
5078.000 80
5080.000 80
5082.000 80
5084.000 80
5086.000 80
5088.000 80
5090.000 80
5092.000 80
5094.000 80
5096.000 80
5098.000 80
5100.000 80
5102.000 80
5104.000 80
5106.000 80
5108.000 80
5110.000 80
5112.000 80
5114.000 80
5116.000 80
5118.000 80
5120.000 80
5122.000 80
5124.000 80
5126.000 80
5128.000 80
5130.000 80
5132.000 80
5134.000 80
5136.000 80
5138.000 80
5140.000 80
5142.000 80
5144.000 80
5146.000 80
5148.000 80
5150.000 80
5152.000 80
5154.000 80
5156.000 80
5158.000 80
5160.000 80
5162.000 80
5164.000 80
5166.000 80
5168.000 80
5170.000 80
5172.000 80
5174.000 80
5176.000 80
5178.000 80
5180.000 80
5182.000 80
5184.000 80
5186.000 80
5188.000 80
5190.000 80
5192.000 80
5194.000 80
5196.000 80
5198.000 80
5200.000 80
5202.000 80
5204.000 80
5206.000 80
5208.000 80
5210.000 80
5212.000 80
5214.000 80
5216.000 80
5218.000 80
5220.000 80
5222.000 80
5224.000 80
5226.000 80
5228.000 80
5230.000 80
5232.000 80
5234.000 80
5236.000 80
5238.000 80
5240.000 80
5242.000 80
5244.000 80
5246.000 80
5248.000 80
5250.000 80
5252.000 80
5254.000 80
5256.000 80
5258.000 80
5260.000 80
5262.000 80
5264.000 80
5266.000 80
5268.000 80
5270.000 80
5272.000 80
5274.000 80
5276.000 80
5278.000 80
5280.000 80
5282.000 80
5284.000 80
5286.000 80
5288.000 80
5290.000 80
5292.000 80
5294.000 80
5296.000 80
5298.000 80
5300.000 80
5302.000 80
5304.000 80
5306.000 80
5308.000 80
5310.000 80
5312.000 80
5314.000 80
5316.000 80
5318.000 80
5320.000 80
5322.000 80
5324.000 80
5326.000 80
5328.000 80
5330.000 80
5332.000 80
5334.000 80
5336.000 80
5338.000 80
5340.000 80
5342.000 80
5344.000 80
5346.000 80
5348.000 80
5350.000 80
5352.000 80
5354.000 80
5356.000 80
5358.000 80
5360.000 80
5362.000 80
5364.000 80
5366.000 80
5368.000 80
5370.000 80
5372.000 80
5374.000 80
5376.000 80
5378.000 80
5380.000 80
5382.000 80
5384.000 80
5386.000 80
5388.000 80
5390.000 80
5392.000 80
5394.000 80
5396.000 80
5398.000 80
5400.000 80
5402.000 80
5404.000 80
5406.000 80
5408.000 80
5410.000 80
5412.000 80
5414.000 80
5416.000 80
5418.000 80
5420.000 80
5422.000 80
5424.000 80
5426.000 80
5428.000 80
5430.000 80
5432.000 80
5434.000 80
5436.000 80
5438.000 80
5440.000 80
5442.000 80
5444.000 80
5446.000 80
5448.000 80
5450.000 80
5452.000 80
5454.000 80
5456.000 80
5458.000 80
5460.000 80
5462.000 80
5464.000 80
5466.000 80
5468.000 80
5470.000 80
5472.000 80
5474.000 80
5476.000 80
5478.000 80
5480.000 80
5482.000 80
5484.000 80
5486.000 80
5488.000 80
5490.000 80
5492.000 80
5494.000 80
5496.000 80
5498.000 80
5500.000 80
5502.000 80
5504.000 80
5506.000 80
5508.000 80
5510.000 80
5512.000 80
5514.000 80
5516.000 80
5518.000 80
5520.000 80
5522.000 80
5524.000 80
5526.000 80
5528.000 80
5530.000 80
5532.000 80
5534.000 80
5536.000 80
5538.000 80
5540.000 80
5542.000 80
5544.000 80
5546.000 80
5548.000 80
5550.000 80
5552.000 80
5554.000 80
5556.000 80
5558.000 80
5560.000 80
5562.000 80
5564.000 80
5566.000 80
5568.000 80
5570.000 80
5572.000 80
5574.000 80
5576.000 80
5578.000 80
5580.000 80
5582.000 80
5584.000 80
5586.000 80
5588.000 80
5590.000 80
5592.000 80
5594.000 80
5596.000 80
5598.000 80
5600.000 80
5602.000 80
5604.000 80
5606.000 80
5608.000 80
5610.000 80
5612.000 80
5614.000 80
5616.000 80
5618.000 80
5620.000 80
5622.000 80
5624.000 80
5626.000 80
5628.000 80
5630.000 80
5632.000 80
5634.000 80
5636.000 80
5638.000 80
5640.000 80
5642.000 80
5644.000 80
5646.000 80
5648.000 80
5650.000 80
5652.000 80
5654.000 80
5656.000 80
5658.000 80
5660.000 80
5662.000 80
5664.000 80
5666.000 80
5668.000 80
5670.000 80
5672.000 80
5674.000 80
5676.000 80
5678.000 80
5680.000 80
5682.000 80
5684.000 80
5686.000 80
5688.000 80
5690.000 80
5692.000 80
5694.000 80
5696.000 80
5698.000 80
5700.000 80
5702.000 80
5704.000 80
5706.000 80
5708.000 80
5710.000 80
5712.000 80
5714.000 80
5716.000 80
5718.000 80
5720.000 80
5722.000 80
5724.000 80
5726.000 80
5728.000 80
5730.000 80
5732.000 80
5734.000 80
5736.000 80
5738.000 80
5740.000 80
5742.000 80
5744.000 80
5746.000 80
5748.000 80
5750.000 80
5752.000 80
5754.000 80
5756.000 80
5758.000 80
5760.000 80
5762.000 80
5764.000 80
5766.000 80
5768.000 80
5770.000 80
5772.000 80
5774.000 80
5776.000 80
5778.000 80
5780.000 80
5782.000 80
5784.000 80
5786.000 80
5788.000 80
5790.000 80
5792.000 80
5794.000 80
5796.000 80
5798.000 80
5800.000 80
5802.000 80
5804.000 80
5806.000 80
5808.000 80
5810.000 80
5812.000 80
5814.000 80
5816.000 80
5818.000 80
5820.000 80
5822.000 80
5824.000 80
5826.000 80
5828.000 80
5830.000 80
5832.000 80
5834.000 80
5836.000 80
5838.000 80
5840.000 80
5842.000 80
5844.000 80
5846.000 80
5848.000 80
5850.000 80
5852.000 80
5854.000 80
5856.000 80
5858.000 80
5860.000 80
5862.000 80
5864.000 80
5866.000 80
5868.000 80
5870.000 80
5872.000 80
5874.000 80
5876.000 80
5878.000 80
5880.000 80
5882.000 80
5884.000 80
5886.000 80
5888.000 80
5890.000 80
5892.000 80
5894.000 80
5896.000 80
5898.000 80
5900.000 80
5902.000 80
5904.000 80
5906.000 80
5908.000 80
5910.000 80
5912.000 80
5914.000 80
5916.000 80
5918.000 80
5920.000 80
5922.000 80
5924.000 80
5926.000 80
5928.000 80
5930.000 80
5932.000 80
5934.000 80
5936.000 80
5938.000 80
5940.000 80
5942.000 80
5944.000 80
5946.000 80
5948.000 80
5950.000 80
5952.000 80
5954.000 80
5956.000 80
5958.000 80
5960.000 80
5962.000 80
5964.000 80
5966.000 80
5968.000 80
5970.000 80
5972.000 80
5974.000 80
5976.000 80
5978.000 80
5980.000 80
5982.000 80
5984.000 80
5986.000 80
5988.000 80
5990.000 80
5992.000 80
5994.000 80
5996.000 80
5998.000 80
6000.000 80
6002.000 80
6004.000 80
6006.000 80
6008.000 80
6010.000 80
6012.000 80
6014.000 80
6016.000 80
6018.000 80
6020.000 80
6022.000 80
6024.000 80
6026.000 80
6028.000 80
6030.000 80
6032.000 80
6034.000 80
6036.000 80
6038.000 80
6040.000 80
6042.000 80
6044.000 80
6046.000 80
6048.000 80
6050.000 80
6052.000 80
6054.000 80
6056.000 80
6058.000 80
6060.000 80
6062.000 80
6064.000 80
6066.000 80
6068.000 80
6070.000 80
6072.000 80
6074.000 80
6076.000 80
6078.000 80
6080.000 80
6082.000 80
6084.000 80
6086.000 80
6088.000 80
6090.000 80
6092.000 80
6094.000 80
6096.000 80
6098.000 80
6100.000 80
6102.000 80
6104.000 80
6106.000 80
6108.000 80
6110.000 80
6112.000 80
6114.000 80
6116.000 80
6118.000 80
6120.000 80
6122.000 80
6124.000 80
6126.000 80
6128.000 80
6130.000 80
6132.000 80
6134.000 80
6136.000 80
6138.000 80
6140.000 80
6142.000 80
6144.000 80
6146.000 80
6148.000 80
6150.000 80
6152.000 80
6154.000 80
6156.000 80
6158.000 80
6160.000 80
6162.000 80
6164.000 80
6166.000 80
6168.000 80
6170.000 80
6172.000 80
6174.000 80
6176.000 80
6178.000 80
6180.000 80
6182.000 80
6184.000 80
6186.000 80
6188.000 80
6190.000 80
6192.000 80
6194.000 80
6196.000 80
6198.000 80
6200.000 80
6202.000 80
6204.000 80
6206.000 80
6208.000 80
6210.000 80
6212.000 80
6214.000 80
6216.000 80
6218.000 80
6220.000 80
6222.000 80
6224.000 80
6226.000 80
6228.000 80
6230.000 80
6232.000 80
6234.000 80
6236.000 80
6238.000 80
6240.000 80
6242.000 80
6244.000 80
6246.000 80
6248.000 80
6250.000 80
6252.000 80
6254.000 80
6256.000 80
6258.000 80
6260.000 80
6262.000 80
6264.000 80
6266.000 80
6268.000 80
6270.000 80
6272.000 80
6274.000 80
6276.000 80
6278.000 80
6280.000 80
6282.000 80
6284.000 80
6286.000 80
6288.000 80
6290.000 80
6292.000 80
6294.000 80
6296.000 80
6298.000 80
6300.000 80
6302.000 80
6304.000 80
6306.000 80
6308.000 80
6310.000 80
6312.000 80
6314.000 80
6316.000 80
6318.000 80
6320.000 80
6322.000 80
6324.000 80
6326.000 80
6328.000 80
6330.000 80
6332.000 80
6334.000 80
6336.000 80
6338.000 80
6340.000 80
6342.000 80
6344.000 80
6346.000 80
6348.000 80
6350.000 80
6352.000 80
6354.000 80
6356.000 80
6358.000 80
6360.000 80
6362.000 80
6364.000 80
6366.000 80
6368.000 80
6370.000 80
6372.000 80
6374.000 80
6376.000 80
6378.000 80
6380.000 80
6382.000 80
6384.000 80
6386.000 80
6388.000 80
6390.000 80
6392.000 80
6394.000 80
6396.000 80
6398.000 80
6400.000 80
6402.000 80
6404.000 80
6406.000 80
6408.000 80
6410.000 80
6412.000 80
6414.000 80
6416.000 80
6418.000 80
6420.000 80
6422.000 80
6424.000 80
6426.000 80
6428.000 80
6430.000 80
6432.000 80
6434.000 80
6436.000 80
6438.000 80
6440.000 80
6442.000 80
6444.000 80
6446.000 80
6448.000 80
6450.000 80
6452.000 80
6454.000 80
6456.000 80
6458.000 80
6460.000 80
6462.000 80
6464.000 80
6466.000 80
6468.000 80
6470.000 80
6472.000 80
6474.000 80
6476.000 80
6478.000 80
6480.000 80
6482.000 80
6484.000 80
6486.000 80
6488.000 80
6490.000 80
6492.000 80
6494.000 80
6496.000 80
6498.000 80
6500.000 80
6502.000 80
6504.000 80
6506.000 80
6508.000 80
6510.000 80
6512.000 80
6514.000 80
6516.000 80
6518.000 80
6520.000 80
6522.000 80
6524.000 80
6526.000 80
6528.000 80
6530.000 80
6532.000 80
6534.000 80
6536.000 80
6538.000 80
6540.000 80
6542.000 80
6544.000 80
6546.000 80
6548.000 80
6550.000 80
6552.000 80
6554.000 80
6556.000 80
6558.000 80
6560.000 80
6562.000 80
6564.000 80
6566.000 80
6568.000 80
6570.000 80
6572.000 80
6574.000 80
6576.000 80
6578.000 80
6580.000 80
6582.000 80
6584.000 80
6586.000 80
6588.000 80
6590.000 80
6592.000 80
6594.000 80
6596.000 80
6598.000 80
6600.000 80
6602.000 80
6604.000 80
6606.000 80
6608.000 80
6610.000 80
6612.000 80
6614.000 80
6616.000 80
6618.000 80
6620.000 80
6622.000 80
6624.000 80
6627.000 80
6629.000 80
6631.000 80
6633.000 80
6635.000 80
6637.000 80
6639.000 80
6641.000 80
6643.000 80
6645.000 80
6647.000 80
6649.000 80
6651.000 80
6653.000 80
6655.000 80
6657.000 80
6659.000 80
6661.000 80
6663.000 80
6665.000 80
6667.000 80
6669.000 80
6671.000 80
6673.000 80
6675.000 80
6677.000 80
6679.000 80
6681.000 80
6683.000 80
6685.000 80
6687.000 80
6689.000 80
6691.000 80
6693.000 80
6695.000 80
6697.000 80
6699.000 80
6701.000 80
6703.000 80
6705.000 80
6707.000 80
6709.000 80
6711.000 80
6713.000 80
6715.000 80
6717.000 80
6719.000 80
6721.000 80
6723.000 80
6725.000 80
6727.000 80
6729.000 80
6731.000 80
6733.000 80
6735.000 80
6737.000 80
6739.000 80
6741.000 80
6743.000 80
6745.000 80
6747.000 80
6749.000 80
6751.000 80
6753.000 80
6755.000 80
6757.000 80
6759.000 80
6761.000 80
6763.000 80
6765.000 80
6767.000 80
6769.000 80
6771.000 80
6773.000 80
6775.000 80
6777.000 80
6779.000 80
6781.000 80
6783.000 80
6785.000 80
6787.000 80
6789.000 80
6791.000 80
6793.000 80
6795.000 80
6797.000 80
6799.000 80
6801.000 80
6803.000 80
6805.000 80
6807.000 80
6809.000 80
6811.000 80
6813.000 80
6815.000 80
6817.000 80
6819.000 80
6821.000 80
6823.000 80
6825.000 80
6827.000 80
6829.000 80
6831.000 80
6833.000 80
6835.000 80
6837.000 80
6839.000 80
6841.000 80
6843.000 80
6845.000 80
6847.000 80
6849.000 80
6851.000 80
6853.000 80
6855.000 80
6857.000 80
6859.000 80
6861.000 80
6863.000 80
6865.000 80
6867.000 80
6869.000 80
6871.000 80
6873.000 80
6875.000 80
6877.000 80
6879.000 80
6881.000 80
6883.000 80
6885.000 80
6887.000 80
6889.000 80
6891.000 80
6893.000 80
6895.000 80
6897.000 80
6899.000 80
6901.000 80
6903.000 80
6905.000 80
6907.000 80
6909.000 80
6911.000 80
6913.000 80
6915.000 80
6917.000 80
6919.000 80
6921.000 80
6923.000 80
6925.000 80
6927.000 80
6929.000 80
6931.000 80
6933.000 80
6935.000 80
6937.000 80
6939.000 80
6941.000 80
6943.000 80
6945.000 80
6947.000 80
6949.000 80
6950.000 148
151969.000 6004
151970.000 272
151971.000 80
151973.000 80
151975.000 80
151977.000 80
151979.000 80
151981.000 80
151983.000 80
151985.000 80
151987.000 80
151989.000 80
151991.000 80
151993.000 80
151995.000 80
151997.000 80
151999.000 80
152001.000 80
152003.000 80
152005.000 80
152007.000 80
152009.000 80
152011.000 80
152013.000 80
152015.000 80
152017.000 80
152019.000 80
152021.000 80
152023.000 80
152025.000 80
152027.000 80
152029.000 80
152031.000 80
152033.000 80
152035.000 80
152037.000 80
152039.000 80
152041.000 80
152043.000 80
152045.000 80
152047.000 80
152049.000 80
152051.000 80
152053.000 80
152055.000 80
152057.000 80
152059.000 80
152061.000 80
152063.000 80
152065.000 80
152067.000 80
152069.000 80
152071.000 80
152073.000 80
152075.000 80
152077.000 80
152079.000 80
152081.000 80
152083.000 80
152085.000 80
152087.000 80
152089.000 80
152091.000 80
152093.000 80
152095.000 80
152097.000 80
152099.000 80
152101.000 80
152103.000 80
152105.000 80
152107.000 80
152109.000 80
152111.000 80
152113.000 80
152115.000 80
152117.000 80
152119.000 80
152121.000 80
152123.000 80
152125.000 80
152127.000 80
152129.000 80
152131.000 80
152133.000 80
152135.000 80
152137.000 80
152139.000 80
152141.000 80
152143.000 80
152145.000 80
152147.000 80
152149.000 80
152151.000 80
152153.000 80
152155.000 80
152157.000 80
152159.000 80
152161.000 80
152163.000 80
152165.000 80
152167.000 80
152169.000 80
152171.000 80
152173.000 80
152175.000 80
152177.000 80
152179.000 80
152181.000 80
152183.000 80
152185.000 80
152187.000 80
152189.000 80
152191.000 80
152193.000 80
152195.000 80
152197.000 80
152199.000 80
152201.000 80
152203.000 80
152205.000 80
152207.000 80
152209.000 80
152211.000 80
152213.000 80
152215.000 80
152217.000 80
152219.000 80
152221.000 80
152223.000 80
152225.000 80
152227.000 80
152229.000 80
152231.000 80
152233.000 80
152235.000 80
152237.000 80
152239.000 80
152241.000 80
152243.000 80
152245.000 80
152247.000 80
152249.000 80
152251.000 80
152253.000 80
152255.000 80
152257.000 80
152259.000 80
152261.000 80
152263.000 80
152265.000 80
152267.000 80
152269.000 80
152271.000 80
152273.000 80
152275.000 80
152277.000 80
152279.000 80
152281.000 80
152283.000 80
152285.000 80
152287.000 80
152289.000 80
152291.000 80
152293.000 80
152295.000 80
152297.000 80
152299.000 80
152301.000 80
152303.000 80
152305.000 80
152307.000 80
152309.000 80
152311.000 80
152313.000 80
152315.000 80
152317.000 80
152319.000 80
152321.000 80
152323.000 80
152325.000 80
152327.000 80
152329.000 80
152331.000 80
152333.000 80
152335.000 80
152337.000 80
152339.000 80
152341.000 80
152343.000 80
152345.000 80
152347.000 80
152349.000 80
152351.000 80
152353.000 80
152355.000 80
152357.000 80
152359.000 80
152361.000 80
152363.000 80
152365.000 80
152367.000 80
152369.000 80
152371.000 80
152373.000 80
152375.000 80
152377.000 80
152379.000 80
152381.000 80
152383.000 80
152385.000 80
152387.000 80
152389.000 80
152391.000 80
152393.000 80
152395.000 80
152397.000 80
152399.000 80
152401.000 80
152403.000 80
152405.000 80
152407.000 80
152409.000 80
152411.000 80
152413.000 80
152415.000 80
152417.000 80
152419.000 80
152421.000 80
152423.000 80
152425.000 80
152427.000 80
152429.000 80
152431.000 80
152433.000 80
152435.000 80
152437.000 80
152439.000 80
152441.000 80
152443.000 80
152445.000 80
152447.000 80
152449.000 80
152451.000 80
152453.000 80
152455.000 80
152457.000 80
152459.000 80
152461.000 80
152463.000 80
152465.000 80
152467.000 80
152469.000 80
152471.000 80
152473.000 80
152475.000 80
152477.000 80
152479.000 80
152481.000 80
152483.000 80
152485.000 80
152487.000 80
152489.000 80
152491.000 80
152493.000 80
152495.000 80
152497.000 80
152499.000 80
152501.000 80
152503.000 80
152505.000 80
152507.000 80
152509.000 80
152511.000 80
152513.000 80
152515.000 80
152517.000 80
152519.000 80
152521.000 80
152523.000 80
152525.000 80
152527.000 80
152529.000 80
152531.000 80
152533.000 80
152535.000 80
152537.000 80
152539.000 80
152541.000 80
152543.000 80
152545.000 80
152547.000 80
152549.000 80
152551.000 80
152553.000 80
152555.000 80
152557.000 80
152559.000 80
152561.000 80
152563.000 80
152565.000 80
152567.000 80
152569.000 80
152571.000 80
152573.000 80
152575.000 80
152577.000 80
152579.000 80
152581.000 80
152583.000 80
152585.000 80
152587.000 80
152589.000 80
152591.000 80
152593.000 80
152595.000 80
152597.000 80
152599.000 80
152601.000 80
152603.000 80
152605.000 80
152607.000 80
152609.000 80
152611.000 80
152613.000 80
152615.000 80
152617.000 80
152619.000 80
152621.000 80
152623.000 80
152625.000 80
152627.000 80
152629.000 80
152631.000 80
152633.000 80
152635.000 80
152637.000 80
152639.000 80
152641.000 80
152643.000 80
152645.000 80
152647.000 80
152649.000 80
152651.000 80
152653.000 80
152655.000 80
152657.000 80
152659.000 80
152661.000 80
152663.000 80
152665.000 80
152667.000 80
152669.000 80
152671.000 80
152673.000 80
152675.000 80
152677.000 80
152679.000 80
152681.000 80
152683.000 80
152685.000 80
152687.000 80
152689.000 80
152691.000 80
152693.000 80
152695.000 80
152697.000 80
152699.000 80
152701.000 80
152703.000 80
152705.000 80
152707.000 80
152709.000 80
152711.000 80
152713.000 80
152715.000 80
152717.000 80
152719.000 80
152721.000 80
152723.000 80
152725.000 80
152727.000 80
152729.000 80
152731.000 80
152733.000 80
152735.000 80
152737.000 80
152739.000 80
152741.000 80
152743.000 80
152745.000 80
152747.000 80
152749.000 80
152751.000 80
152753.000 80
152755.000 80
152757.000 80
152759.000 80
152761.000 80
152763.000 80
152765.000 80
152767.000 80
152769.000 80
152771.000 80
152773.000 80
152775.000 80
152777.000 80
152779.000 80
152781.000 80
152783.000 80
152785.000 80
152787.000 80
152789.000 80
152791.000 80
152793.000 80
152795.000 80
152797.000 80
152799.000 80
152801.000 80
152803.000 80
152805.000 80
152807.000 80
152809.000 80
152811.000 80
152813.000 80
152815.000 80
152817.000 80
152819.000 80
152821.000 80
152823.000 80
152825.000 80
152827.000 80
152829.000 80
152831.000 80
152833.000 80
152835.000 80
152837.000 80
152839.000 80
152841.000 80
152843.000 80
152845.000 80
152847.000 80
152849.000 80
152851.000 80
152853.000 80
152855.000 80
152857.000 80
152859.000 80
152861.000 80
152863.000 80
152865.000 80
152867.000 80
152869.000 80
152871.000 80
152873.000 80
152875.000 80
152877.000 80
152879.000 80
152881.000 80
152883.000 80
152885.000 80
152887.000 80
152889.000 80
152891.000 80
152893.000 80
152895.000 80
152897.000 80
152899.000 80
152901.000 80
152903.000 80
152905.000 80
152907.000 80
152909.000 80
152911.000 80
152913.000 80
152915.000 80
152917.000 80
152919.000 80
152921.000 80
152923.000 80
152925.000 80
152927.000 80
152929.000 80
152931.000 80
152933.000 80
152935.000 80
152937.000 80
152939.000 80
152941.000 80
152943.000 80
152945.000 80
152947.000 80
152949.000 80
152951.000 80
152953.000 80
152955.000 80
152957.000 80
152959.000 80
152961.000 80
152963.000 80
152965.000 80
152967.000 80
152969.000 80
152971.000 80
152973.000 80
152975.000 80
152977.000 80
152979.000 80
152981.000 80
152983.000 80
152985.000 80
152987.000 80
152989.000 80
152991.000 80
152993.000 80
152995.000 80
152997.000 80
152999.000 80
153001.000 80
153003.000 80
153005.000 80
153007.000 80
153009.000 80
153011.000 80
153013.000 80
153015.000 80
153017.000 80
153019.000 80
153021.000 80
153023.000 80
153025.000 80
153027.000 80
153029.000 80
153031.000 80
153033.000 80
153035.000 80
153037.000 80
153039.000 80
153041.000 80
153043.000 80
153045.000 80
153047.000 80
153049.000 80
153051.000 80
153053.000 80
153055.000 80
153057.000 80
153059.000 80
153061.000 80
153063.000 80
153065.000 80
153067.000 80
153069.000 80
153071.000 80
153073.000 80
153075.000 80
153077.000 80
153079.000 80
153081.000 80
153083.000 80
153085.000 80
153087.000 80
153089.000 80
153091.000 80
153093.000 80
153095.000 80
153097.000 80
153099.000 80
153101.000 80
153103.000 80
153105.000 80
153107.000 80
153109.000 80
153111.000 80
153113.000 80
153115.000 80
153117.000 80
153119.000 80
153121.000 80
153123.000 80
153125.000 80
153127.000 80
153129.000 80
153131.000 80
153133.000 80
153135.000 80
153137.000 80
153139.000 80
153141.000 80
153143.000 80
153145.000 80
153147.000 80
153149.000 80
153151.000 80
153153.000 80
153155.000 80
153157.000 80
153159.000 80
153161.000 80
153163.000 80
153165.000 80
153167.000 80
153169.000 80
153171.000 80
153173.000 80
153175.000 80
153177.000 80
153179.000 80
153181.000 80
153183.000 80
153185.000 80
153187.000 80
153189.000 80
153191.000 80
153193.000 80
153195.000 80
153197.000 80
153199.000 80
153201.000 80
153203.000 80
153205.000 80
153207.000 80
153209.000 80
153211.000 80
153213.000 80
153215.000 80
153217.000 80
153219.000 80
153221.000 80
153223.000 80
153225.000 80
153227.000 80
153229.000 80
153231.000 80
153233.000 80
153235.000 80
153237.000 80
153239.000 80
153241.000 80
153243.000 80
153245.000 80
153247.000 80
153249.000 80
153251.000 80
153253.000 80
153255.000 80
153257.000 80
153259.000 80
153261.000 80
153263.000 80
153265.000 80
153267.000 80
153269.000 80
153271.000 80
153273.000 80
153275.000 80
153277.000 80
153279.000 80
153281.000 80
153283.000 80
153285.000 80
153287.000 80
153289.000 80
153291.000 80
153293.000 80
153295.000 80
153297.000 80
153299.000 80
153301.000 80
153303.000 80
153305.000 80
153307.000 80
153309.000 80
153311.000 80
153313.000 80
153315.000 80
153317.000 80
153319.000 80
153321.000 80
153323.000 80
153325.000 80
153327.000 80
153329.000 80
153331.000 80
153333.000 80
153335.000 80
153337.000 80
153339.000 80
153341.000 80
153343.000 80
153345.000 80
153347.000 80
153349.000 80
153351.000 80
153353.000 80
153355.000 80
153357.000 80
153359.000 80
153361.000 80
153363.000 80
153365.000 80
153367.000 80
153369.000 80
153371.000 80
153373.000 80
153375.000 80
153377.000 80
153379.000 80
153381.000 80
153383.000 80
153385.000 80
153387.000 80
153389.000 80
153391.000 80
153393.000 80
153395.000 80
153397.000 80
153399.000 80
153401.000 80
153403.000 80
153405.000 80
153407.000 80
153410.000 80
153411.000 80
153413.000 80
153416.000 80
153417.000 80
153420.000 80
153422.000 80
153424.000 80
153426.000 80
153428.000 80
153430.000 80
153432.000 80
153434.000 80
153436.000 80
153438.000 80
153440.000 80
153442.000 80
153444.000 80
153446.000 80
153448.000 80
153450.000 80
153452.000 80
153454.000 80
153456.000 80
153458.000 80
153460.000 80
153462.000 80
153464.000 80
153466.000 80
153468.000 80
153470.000 80
153472.000 80
153474.000 80
153476.000 80
153478.000 80
153480.000 80
153482.000 80
153484.000 80
153486.000 80
153488.000 80
153490.000 80
153492.000 80
153494.000 80
153496.000 80
153498.000 80
153500.000 80
153502.000 80
153504.000 80
153506.000 80
153508.000 80
153510.000 80
153512.000 80
153514.000 80
153516.000 80
153518.000 80
153520.000 80
153522.000 80
153524.000 80
153526.000 80
153528.000 80
153530.000 80
153532.000 80
153534.000 80
153536.000 80
153538.000 80
153540.000 80
153542.000 80
153544.000 80
153546.000 80
153548.000 80
153550.000 80
153552.000 80
153554.000 80
153556.000 80
153558.000 80
153560.000 80
153562.000 80
153564.000 80
153566.000 80
153568.000 80
153570.000 80
153572.000 80
153574.000 80
153576.000 80
153578.000 80
153580.000 80
153582.000 80
153584.000 80
153586.000 80
153588.000 80
153590.000 80
153592.000 80
153594.000 80
153596.000 80
153598.000 80
153600.000 80
153602.000 80
153604.000 80
153606.000 80
153608.000 80
153610.000 80
153612.000 80
153614.000 80
153616.000 80
153618.000 80
153620.000 80
153622.000 80
153624.000 80
153626.000 80
153628.000 80
153630.000 80
153632.000 80
153634.000 80
153636.000 80
153638.000 80
153640.000 80
153642.000 80
153644.000 80
153646.000 80
153648.000 80
153650.000 80
153652.000 80
153654.000 80
153656.000 80
153658.000 80
153660.000 80
153662.000 80
153664.000 80
153666.000 80
153668.000 80
153670.000 80
153672.000 80
153674.000 80
153676.000 80
153678.000 80
153680.000 80
153682.000 80
153684.000 80
153686.000 80
153688.000 80
153690.000 80
153692.000 80
153694.000 80
153696.000 80
153698.000 80
153700.000 80
153702.000 80
153704.000 80
153706.000 80
153708.000 80
153710.000 80
153712.000 80
153714.000 80
153716.000 80
153718.000 80
153720.000 80
153722.000 80
153724.000 80
153726.000 80
153728.000 80
153730.000 80
153732.000 80
153734.000 80
153736.000 80
153738.000 80
153740.000 80
153742.000 80
153744.000 80
153746.000 80
153748.000 80
153750.000 80
153752.000 80
153754.000 80
153756.000 80
153758.000 80
153760.000 80
153762.000 80
153764.000 80
153766.000 80
153768.000 80
153770.000 80
153772.000 80
153774.000 80
153776.000 80
153778.000 80
153780.000 80
153782.000 80
153784.000 80
153786.000 80
153788.000 80
153790.000 80
153792.000 80
153794.000 80
153796.000 80
153798.000 80
153800.000 80
153802.000 80
153804.000 80
153806.000 80
153808.000 80
153810.000 80
153812.000 80
153814.000 80
153816.000 80
153818.000 80
153820.000 80
153822.000 80
153824.000 80
153826.000 80
153828.000 80
153830.000 80
153832.000 80
153834.000 80
153836.000 80
153838.000 80
153840.000 80
153842.000 80
153844.000 80
153846.000 80
153848.000 80
153850.000 80
153852.000 80
153854.000 80
153856.000 80
153858.000 80
153860.000 80
153862.000 80
153864.000 80
153866.000 80
153868.000 80
153870.000 80
153872.000 80
153874.000 80
153876.000 80
153878.000 80
153880.000 80
153882.000 80
153884.000 80
153886.000 80
153888.000 80
153890.000 80
153892.000 80
153894.000 80
153896.000 80
153898.000 80
153900.000 80
153902.000 80
153904.000 80
153906.000 80
153908.000 80
153910.000 80
153912.000 80
153914.000 80
153916.000 80
153918.000 80
153920.000 80
153922.000 80
153924.000 80
153926.000 80
153928.000 80
153930.000 80
153932.000 80
153934.000 80
153936.000 80
153938.000 80
153940.000 80
153942.000 80
153944.000 80
153946.000 80
153948.000 80
153950.000 80
153952.000 80
153954.000 80
153956.000 80
153958.000 80
153960.000 80
153962.000 80
153964.000 80
153966.000 80
153968.000 80
153970.000 80
153972.000 80
153974.000 80
153976.000 80
153978.000 80
153980.000 80
153982.000 80
153984.000 80
153986.000 80
153988.000 80
153990.000 80
153992.000 80
153994.000 80
153996.000 80
153998.000 80
154000.000 80
154002.000 80
154004.000 80
154006.000 80
154008.000 80
154010.000 80
154012.000 80
154014.000 80
154016.000 80
154018.000 80
154020.000 80
154022.000 80
154024.000 80
154026.000 80
154028.000 80
154030.000 80
154032.000 80
154034.000 80
154036.000 80
154038.000 80
154040.000 80
154042.000 80
154044.000 80
154046.000 80
154048.000 80
154050.000 80
154052.000 80
154054.000 80
154056.000 80
154058.000 80
154060.000 80
154062.000 80
154064.000 80
154066.000 80
154068.000 80
154070.000 80
154072.000 80
154074.000 80
154076.000 80
154078.000 80
154080.000 80
154082.000 80
154084.000 80
154086.000 80
154088.000 80
154090.000 80
154092.000 80
154094.000 80
154096.000 80
154098.000 80
154100.000 80
154102.000 80
154104.000 80
154106.000 80
154108.000 80
154110.000 80
154112.000 80
154114.000 80
154116.000 80
154118.000 80
154120.000 80
154122.000 80
154124.000 80
154126.000 80
154128.000 80
154130.000 80
154132.000 80
154134.000 80
154136.000 80
154138.000 80
154140.000 80
154142.000 80
154144.000 80
154146.000 80
154148.000 80
154150.000 80
154152.000 80
154154.000 80
154156.000 80
154158.000 80
154160.000 80
154162.000 80
154164.000 80
154166.000 80
154168.000 80
154170.000 80
154172.000 80
154174.000 80
154176.000 80
154178.000 80
154180.000 80
154182.000 80
154184.000 80
154186.000 80
154188.000 80
154190.000 80
154192.000 80
154194.000 80
154196.000 80
154198.000 80
154200.000 80
154202.000 80
154204.000 80
154206.000 80
154208.000 80
154210.000 80
154212.000 80
154214.000 80
154216.000 80
154218.000 80
154220.000 80
154222.000 80
154224.000 80
154226.000 80
154228.000 80
154230.000 80
154232.000 80
154234.000 80
154236.000 80
154238.000 80
154240.000 80
154242.000 80
154244.000 80
154246.000 80
154248.000 80
154250.000 80
154252.000 80
154254.000 80
154256.000 80
154258.000 80
154260.000 80
154262.000 80
154264.000 80
154266.000 80
154268.000 80
154270.000 80
154272.000 80
154274.000 80
154276.000 80
154278.000 80
154280.000 80
154282.000 80
154284.000 80
154286.000 80
154288.000 80
154290.000 80
154292.000 80
154294.000 80
154296.000 80
154298.000 80
154300.000 80
154302.000 80
154304.000 80
154306.000 80
154308.000 80
154310.000 80
154312.000 80
154314.000 80
154316.000 80
154318.000 80
154320.000 80
154322.000 80
154324.000 80
154326.000 80
154328.000 80
154330.000 80
154332.000 80
154334.000 80
154336.000 80
154338.000 80
154340.000 80
154342.000 80
154344.000 80
154346.000 80
154348.000 80
154350.000 80
154352.000 80
154354.000 80
154356.000 80
154358.000 80
154360.000 80
154362.000 80
154364.000 80
154366.000 80
154368.000 80
154370.000 80
154372.000 80
154374.000 80
154376.000 80
154378.000 80
154380.000 80
154382.000 80
154384.000 80
154386.000 80
154388.000 80
154390.000 80
154392.000 80
154394.000 80
154396.000 80
154398.000 80
154400.000 80
154402.000 80
154404.000 80
154406.000 80
154408.000 80
154410.000 80
154412.000 80
154414.000 80
154416.000 80
154418.000 80
154420.000 80
154422.000 80
154424.000 80
154426.000 80
154428.000 80
154430.000 80
154432.000 80
154434.000 80
154436.000 80
154438.000 80
154440.000 80
154442.000 80
154444.000 80
154446.000 80
154448.000 80
154450.000 80
154452.000 80
154454.000 80
154456.000 80
154458.000 80
154460.000 80
154462.000 80
154464.000 80
154466.000 80
154468.000 80
154470.000 80
154472.000 80
154474.000 80
154476.000 80
154478.000 80
154480.000 80
154482.000 80
154484.000 80
154486.000 80
154488.000 80
154490.000 80
154492.000 148
154495.000 3935
154496.000 832
