# Slice: URLLC | 10.215.173.1:42698 -> 112.217.128.200:322 (TCP)
# Packets: 14
# Format: memoryAdd length lid tid qid frameType isDiscardable isTruncatable frameNumber timestamp isControl
0x00000000 64 0 0 0 I 0 0 0 0.000000 0
0x00000001 64 0 0 0 P 0 0 1 0.097152 0
0x00000002 64 0 0 0 P 0 0 2 0.139943 0
0x00000003 64 0 0 0 P 0 0 3 0.277762 0
0x00000004 64 0 0 0 P 0 0 4 0.310063 0
0x00000005 64 0 0 0 P 0 0 5 0.320224 0
0x00000006 64 0 0 0 P 0 0 6 0.324567 0
0x00000007 64 0 0 0 P 0 0 7 0.346151 0
0x00000008 64 0 0 0 P 0 0 8 0.347144 0
0x00000009 64 0 0 0 P 0 0 9 0.352558 0
0x0000000a 64 0 0 0 P 0 0 10 0.843788 0
0x0000000b 64 0 0 0 P 0 0 11 1.265290 0
0x0000000c 64 0 0 0 P 0 0 12 3514.780494 0
0x0000000d 64 0 0 0 P 0 0 13 3514.807337 0
