# Slice: URLLC | 112.217.128.200:322 -> 10.215.173.1:42698 (TCP)
# Packets: 1773
# Format: memoryAdd length lid tid qid frameType isDiscardable isTruncatable frameNumber timestamp isControl
0x00000000 64 0 0 0 I 0 0 0 0.000000 0
0x00000001 64 0 0 0 P 0 0 1 0.007614 0
0x00000002 64 0 0 0 P 0 0 2 0.046681 0
0x00000003 64 0 0 0 P 0 0 3 0.081803 0
0x00000004 64 0 0 0 P 0 0 4 0.112349 0
0x00000005 64 0 0 0 P 0 0 5 0.112998 0
0x00000006 64 0 0 0 P 0 0 6 0.136856 0
0x00000007 64 0 0 0 P 0 0 7 0.334987 0
0x00000008 64 0 0 0 P 0 0 8 0.389369 0
0x00000009 64 0 0 0 P 0 0 9 0.428396 0
0x0000000a 64 0 0 0 P 0 0 10 0.465365 0
0x0000000b 64 0 0 0 P 0 0 11 0.504391 0
0x0000000c 64 0 0 0 P 0 0 12 1.102282 0
0x0000000d 64 0 0 0 P 0 0 13 2.122687 0
0x0000000e 64 0 0 0 P 0 0 14 4.114043 0
0x0000000f 64 0 0 0 P 0 0 15 6.115531 0
0x00000010 64 0 0 0 P 0 0 16 8.114096 0
0x00000011 64 0 0 0 P 0 0 17 10.114715 0
0x00000012 64 0 0 0 P 0 0 18 12.115002 0
0x00000013 64 0 0 0 P 0 0 19 14.115760 0
0x00000014 64 0 0 0 P 0 0 20 16.116178 0
0x00000015 64 0 0 0 P 0 0 21 18.116436 0
0x00000016 64 0 0 0 P 0 0 22 20.117015 0
0x00000017 64 0 0 0 P 0 0 23 22.117955 0
0x00000018 64 0 0 0 P 0 0 24 24.119296 0
0x00000019 64 0 0 0 I 0 0 25 26.119057 0
0x0000001a 64 0 0 0 P 0 0 26 28.124930 0
0x0000001b 64 0 0 0 P 0 0 27 30.120819 0
0x0000001c 64 0 0 0 P 0 0 28 32.121326 0
0x0000001d 64 0 0 0 P 0 0 29 34.121373 0
0x0000001e 64 0 0 0 P 0 0 30 36.121425 0
0x0000001f 64 0 0 0 P 0 0 31 38.122077 0
0x00000020 64 0 0 0 P 0 0 32 40.123612 0
0x00000021 64 0 0 0 P 0 0 33 42.122424 0
0x00000022 64 0 0 0 P 0 0 34 44.123351 0
0x00000023 64 0 0 0 P 0 0 35 46.123452 0
0x00000024 64 0 0 0 P 0 0 36 48.123878 0
0x00000025 64 0 0 0 P 0 0 37 50.124002 0
0x00000026 64 0 0 0 P 0 0 38 52.124375 0
0x00000027 64 0 0 0 P 0 0 39 54.124478 0
0x00000028 64 0 0 0 P 0 0 40 56.124900 0
0x00000029 64 0 0 0 P 0 0 41 58.128327 0
0x0000002a 64 0 0 0 P 0 0 42 60.126419 0
0x0000002b 64 0 0 0 P 0 0 43 62.127238 0
0x0000002c 64 0 0 0 P 0 0 44 64.129037 0
0x0000002d 64 0 0 0 P 0 0 45 66.128951 0
0x0000002e 64 0 0 0 P 0 0 46 68.129810 0
0x0000002f 64 0 0 0 P 0 0 47 70.130111 0
0x00000030 64 0 0 0 P 0 0 48 72.130959 0
0x00000031 64 0 0 0 P 0 0 49 74.131474 0
0x00000032 64 0 0 0 I 0 0 50 76.132076 0
0x00000033 64 0 0 0 P 0 0 51 78.133018 0
0x00000034 64 0 0 0 P 0 0 52 80.133782 0
0x00000035 64 0 0 0 P 0 0 53 82.133912 0
0x00000036 64 0 0 0 P 0 0 54 84.135154 0
0x00000037 64 0 0 0 P 0 0 55 86.135971 0
0x00000038 64 0 0 0 P 0 0 56 88.135750 0
0x00000039 64 0 0 0 P 0 0 57 90.136488 0
0x0000003a 64 0 0 0 P 0 0 58 92.137645 0
0x0000003b 64 0 0 0 P 0 0 59 94.138091 0
0x0000003c 64 0 0 0 P 0 0 60 96.138331 0
0x0000003d 64 0 0 0 P 0 0 61 98.140413 0
0x0000003e 64 0 0 0 P 0 0 62 100.139715 0
0x0000003f 64 0 0 0 P 0 0 63 102.140176 0
0x00000040 64 0 0 0 P 0 0 64 104.141308 0
0x00000041 64 0 0 0 P 0 0 65 106.141891 0
0x00000042 64 0 0 0 P 0 0 66 108.143352 0
0x00000043 64 0 0 0 P 0 0 67 110.146313 0
0x00000044 64 0 0 0 P 0 0 68 112.147260 0
0x00000045 64 0 0 0 P 0 0 69 114.147104 0
0x00000046 64 0 0 0 P 0 0 70 116.154872 0
0x00000047 64 0 0 0 P 0 0 71 118.148863 0
0x00000048 64 0 0 0 P 0 0 72 120.149598 0
0x00000049 64 0 0 0 P 0 0 73 122.150435 0
0x0000004a 64 0 0 0 P 0 0 74 124.150662 0
0x0000004b 64 0 0 0 I 0 0 75 126.151560 0
0x0000004c 64 0 0 0 P 0 0 76 128.151755 0
0x0000004d 64 0 0 0 P 0 0 77 130.152721 0
0x0000004e 64 0 0 0 P 0 0 78 132.153391 0
0x0000004f 64 0 0 0 P 0 0 79 134.153381 0
0x00000050 64 0 0 0 P 0 0 80 136.155061 0
0x00000051 64 0 0 0 P 0 0 81 138.155579 0
0x00000052 64 0 0 0 P 0 0 82 140.156775 0
0x00000053 64 0 0 0 P 0 0 83 142.157781 0
0x00000054 64 0 0 0 P 0 0 84 144.159769 0
0x00000055 64 0 0 0 P 0 0 85 146.160467 0
0x00000056 64 0 0 0 P 0 0 86 148.160713 0
0x00000057 64 0 0 0 P 0 0 87 150.161617 0
0x00000058 64 0 0 0 P 0 0 88 152.165400 0
0x00000059 64 0 0 0 P 0 0 89 154.165859 0
0x0000005a 64 0 0 0 P 0 0 90 156.167283 0
0x0000005b 64 0 0 0 P 0 0 91 158.170231 0
0x0000005c 64 0 0 0 P 0 0 92 160.167632 0
0x0000005d 64 0 0 0 P 0 0 93 162.171200 0
0x0000005e 64 0 0 0 P 0 0 94 164.170977 0
0x0000005f 64 0 0 0 P 0 0 95 166.171663 0
0x00000060 64 0 0 0 P 0 0 96 168.172133 0
0x00000061 64 0 0 0 P 0 0 97 170.172477 0
0x00000062 64 0 0 0 P 0 0 98 172.174275 0
0x00000063 64 0 0 0 P 0 0 99 174.173693 0
0x00000064 64 0 0 0 I 0 0 100 176.174272 0
0x00000065 64 0 0 0 P 0 0 101 178.175409 0
0x00000066 64 0 0 0 P 0 0 102 180.175807 0
0x00000067 64 0 0 0 P 0 0 103 182.175976 0
0x00000068 64 0 0 0 P 0 0 104 184.177043 0
0x00000069 64 0 0 0 P 0 0 105 186.178152 0
0x0000006a 64 0 0 0 P 0 0 106 188.178654 0
0x0000006b 64 0 0 0 P 0 0 107 190.182183 0
0x0000006c 64 0 0 0 P 0 0 108 192.182342 0
0x0000006d 64 0 0 0 P 0 0 109 194.183792 0
0x0000006e 64 0 0 0 P 0 0 110 196.183970 0
0x0000006f 64 0 0 0 P 0 0 111 198.184458 0
0x00000070 64 0 0 0 P 0 0 112 200.185084 0
0x00000071 64 0 0 0 P 0 0 113 202.186085 0
0x00000072 64 0 0 0 P 0 0 114 204.188262 0
0x00000073 64 0 0 0 P 0 0 115 206.187718 0
0x00000074 64 0 0 0 P 0 0 116 208.188071 0
0x00000075 64 0 0 0 P 0 0 117 210.188666 0
0x00000076 64 0 0 0 P 0 0 118 212.188954 0
0x00000077 64 0 0 0 P 0 0 119 214.190555 0
0x00000078 64 0 0 0 P 0 0 120 216.191747 0
0x00000079 64 0 0 0 P 0 0 121 218.191140 0
0x0000007a 64 0 0 0 P 0 0 122 220.192287 0
0x0000007b 64 0 0 0 P 0 0 123 222.193293 0
0x0000007c 64 0 0 0 P 0 0 124 224.193571 0
0x0000007d 64 0 0 0 I 0 0 125 226.194387 0
0x0000007e 64 0 0 0 P 0 0 126 228.195981 0
0x0000007f 64 0 0 0 P 0 0 127 230.196408 0
0x00000080 64 0 0 0 P 0 0 128 232.197192 0
0x00000081 64 0 0 0 P 0 0 129 234.199258 0
0x00000082 64 0 0 0 P 0 0 130 236.198783 0
0x00000083 64 0 0 0 P 0 0 131 238.199995 0
0x00000084 64 0 0 0 P 0 0 132 240.200557 0
0x00000085 64 0 0 0 P 0 0 133 242.201042 0
0x00000086 64 0 0 0 P 0 0 134 244.201364 0
0x00000087 64 0 0 0 P 0 0 135 246.202102 0
0x00000088 64 0 0 0 P 0 0 136 248.203486 0
0x00000089 64 0 0 0 P 0 0 137 250.205382 0
0x0000008a 64 0 0 0 P 0 0 138 252.207936 0
0x0000008b 64 0 0 0 P 0 0 139 254.208861 0
0x0000008c 64 0 0 0 P 0 0 140 256.208617 0
0x0000008d 64 0 0 0 P 0 0 141 258.208513 0
0x0000008e 64 0 0 0 P 0 0 142 260.209026 0
0x0000008f 64 0 0 0 P 0 0 143 262.210663 0
0x00000090 64 0 0 0 P 0 0 144 264.210140 0
0x00000091 64 0 0 0 P 0 0 145 266.211281 0
0x00000092 64 0 0 0 P 0 0 146 268.211456 0
0x00000093 64 0 0 0 P 0 0 147 270.212057 0
0x00000094 64 0 0 0 P 0 0 148 272.212458 0
0x00000095 64 0 0 0 P 0 0 149 274.213633 0
0x00000096 64 0 0 0 I 0 0 150 276.214773 0
0x00000097 64 0 0 0 P 0 0 151 278.218171 0
0x00000098 64 0 0 0 P 0 0 152 280.220710 0
0x00000099 64 0 0 0 P 0 0 153 282.223107 0
0x0000009a 64 0 0 0 P 0 0 154 284.222072 0
0x0000009b 64 0 0 0 P 0 0 155 286.223502 0
0x0000009c 64 0 0 0 P 0 0 156 288.224200 0
0x0000009d 64 0 0 0 P 0 0 157 290.224221 0
0x0000009e 64 0 0 0 P 0 0 158 292.226172 0
0x0000009f 64 0 0 0 P 0 0 159 294.226780 0
0x000000a0 64 0 0 0 P 0 0 160 296.227625 0
0x000000a1 64 0 0 0 P 0 0 161 298.227967 0
0x000000a2 64 0 0 0 P 0 0 162 300.228851 0
0x000000a3 64 0 0 0 P 0 0 163 302.231274 0
0x000000a4 64 0 0 0 P 0 0 164 304.231667 0
0x000000a5 64 0 0 0 P 0 0 165 306.233213 0
0x000000a6 64 0 0 0 P 0 0 166 308.233500 0
0x000000a7 64 0 0 0 P 0 0 167 310.234150 0
0x000000a8 64 0 0 0 P 0 0 168 312.235223 0
0x000000a9 64 0 0 0 P 0 0 169 314.235386 0
0x000000aa 64 0 0 0 P 0 0 170 316.236180 0
0x000000ab 64 0 0 0 P 0 0 171 318.238383 0
0x000000ac 64 0 0 0 P 0 0 172 320.237404 0
0x000000ad 64 0 0 0 P 0 0 173 322.239262 0
0x000000ae 64 0 0 0 P 0 0 174 324.238504 0
0x000000af 64 0 0 0 I 0 0 175 326.240162 0
0x000000b0 64 0 0 0 P 0 0 176 328.246216 0
0x000000b1 64 0 0 0 P 0 0 177 330.246048 0
0x000000b2 64 0 0 0 P 0 0 178 332.247155 0
0x000000b3 64 0 0 0 P 0 0 179 334.253935 0
0x000000b4 64 0 0 0 P 0 0 180 336.248983 0
0x000000b5 64 0 0 0 P 0 0 181 338.253565 0
0x000000b6 64 0 0 0 P 0 0 182 340.253560 0
0x000000b7 64 0 0 0 P 0 0 183 342.254365 0
0x000000b8 64 0 0 0 P 0 0 184 344.254638 0
0x000000b9 64 0 0 0 P 0 0 185 346.266501 0
0x000000ba 64 0 0 0 P 0 0 186 348.258913 0
0x000000bb 64 0 0 0 P 0 0 187 350.256449 0
0x000000bc 64 0 0 0 P 0 0 188 352.257197 0
0x000000bd 64 0 0 0 P 0 0 189 354.258394 0
0x000000be 64 0 0 0 P 0 0 190 356.258871 0
0x000000bf 64 0 0 0 P 0 0 191 358.260497 0
0x000000c0 64 0 0 0 P 0 0 192 360.261061 0
0x000000c1 64 0 0 0 P 0 0 193 362.261069 0
0x000000c2 64 0 0 0 P 0 0 194 364.262762 0
0x000000c3 64 0 0 0 P 0 0 195 366.261757 0
0x000000c4 64 0 0 0 P 0 0 196 368.262469 0
0x000000c5 64 0 0 0 P 0 0 197 370.264107 0
0x000000c6 64 0 0 0 P 0 0 198 372.264971 0
0x000000c7 64 0 0 0 P 0 0 199 374.263920 0
0x000000c8 64 0 0 0 I 0 0 200 376.264073 0
0x000000c9 64 0 0 0 P 0 0 201 378.265602 0
0x000000ca 64 0 0 0 P 0 0 202 380.265998 0
0x000000cb 64 0 0 0 P 0 0 203 382.266773 0
0x000000cc 64 0 0 0 P 0 0 204 384.268119 0
0x000000cd 64 0 0 0 P 0 0 205 386.267532 0
0x000000ce 64 0 0 0 P 0 0 206 388.268294 0
0x000000cf 64 0 0 0 P 0 0 207 390.270936 0
0x000000d0 64 0 0 0 P 0 0 208 392.270856 0
0x000000d1 64 0 0 0 P 0 0 209 394.271236 0
0x000000d2 64 0 0 0 P 0 0 210 396.271647 0
0x000000d3 64 0 0 0 P 0 0 211 398.273332 0
0x000000d4 64 0 0 0 P 0 0 212 400.274646 0
0x000000d5 64 0 0 0 P 0 0 213 402.273426 0
0x000000d6 64 0 0 0 P 0 0 214 404.274656 0
0x000000d7 64 0 0 0 P 0 0 215 406.274879 0
0x000000d8 64 0 0 0 P 0 0 216 408.276362 0
0x000000d9 64 0 0 0 P 0 0 217 410.276763 0
0x000000da 64 0 0 0 P 0 0 218 412.277203 0
0x000000db 64 0 0 0 P 0 0 219 414.279270 0
0x000000dc 64 0 0 0 P 0 0 220 416.278703 0
0x000000dd 64 0 0 0 P 0 0 221 418.279788 0
0x000000de 64 0 0 0 P 0 0 222 420.280861 0
0x000000df 64 0 0 0 P 0 0 223 422.281667 0
0x000000e0 64 0 0 0 P 0 0 224 424.283162 0
0x000000e1 64 0 0 0 I 0 0 225 426.283065 0
0x000000e2 64 0 0 0 P 0 0 226 428.283855 0
0x000000e3 64 0 0 0 P 0 0 227 430.287957 0
0x000000e4 64 0 0 0 P 0 0 228 432.284534 0
0x000000e5 64 0 0 0 P 0 0 229 434.284594 0
0x000000e6 64 0 0 0 P 0 0 230 436.285102 0
0x000000e7 64 0 0 0 P 0 0 231 438.285156 0
0x000000e8 64 0 0 0 P 0 0 232 440.285419 0
0x000000e9 64 0 0 0 P 0 0 233 442.285606 0
0x000000ea 64 0 0 0 P 0 0 234 444.288491 0
0x000000eb 64 0 0 0 P 0 0 235 446.286514 0
0x000000ec 64 0 0 0 P 0 0 236 448.286788 0
0x000000ed 64 0 0 0 P 0 0 237 450.287733 0
0x000000ee 64 0 0 0 P 0 0 238 452.288072 0
0x000000ef 64 0 0 0 P 0 0 239 454.288761 0
0x000000f0 64 0 0 0 P 0 0 240 456.289395 0
0x000000f1 64 0 0 0 P 0 0 241 458.289246 0
0x000000f2 64 0 0 0 P 0 0 242 460.290153 0
0x000000f3 64 0 0 0 P 0 0 243 462.290165 0
0x000000f4 64 0 0 0 P 0 0 244 464.290429 0
0x000000f5 64 0 0 0 P 0 0 245 466.291962 0
0x000000f6 64 0 0 0 P 0 0 246 468.291822 0
0x000000f7 64 0 0 0 P 0 0 247 470.292229 0
0x000000f8 64 0 0 0 P 0 0 248 472.292361 0
0x000000f9 64 0 0 0 P 0 0 249 474.293367 0
0x000000fa 64 0 0 0 I 0 0 250 476.293336 0
0x000000fb 64 0 0 0 P 0 0 251 478.293509 0
0x000000fc 64 0 0 0 P 0 0 252 480.294221 0
0x000000fd 64 0 0 0 P 0 0 253 482.295089 0
0x000000fe 64 0 0 0 P 0 0 254 484.295600 0
0x000000ff 64 0 0 0 P 0 0 255 486.296563 0
0x00000100 64 0 0 0 P 0 0 256 488.297040 0
0x00000101 64 0 0 0 P 0 0 257 490.298783 0
0x00000102 64 0 0 0 P 0 0 258 492.298702 0
0x00000103 64 0 0 0 P 0 0 259 494.299256 0
0x00000104 64 0 0 0 P 0 0 260 496.299579 0
0x00000105 64 0 0 0 P 0 0 261 498.300135 0
0x00000106 64 0 0 0 P 0 0 262 500.302089 0
0x00000107 64 0 0 0 P 0 0 263 502.304192 0
0x00000108 64 0 0 0 P 0 0 264 504.304693 0
0x00000109 64 0 0 0 P 0 0 265 506.305177 0
0x0000010a 64 0 0 0 P 0 0 266 508.305854 0
0x0000010b 64 0 0 0 P 0 0 267 510.306060 0
0x0000010c 64 0 0 0 P 0 0 268 512.306347 0
0x0000010d 64 0 0 0 P 0 0 269 514.306660 0
0x0000010e 64 0 0 0 P 0 0 270 516.307044 0
0x0000010f 64 0 0 0 P 0 0 271 518.307726 0
0x00000110 64 0 0 0 P 0 0 272 520.308817 0
0x00000111 64 0 0 0 P 0 0 273 522.309586 0
0x00000112 64 0 0 0 P 0 0 274 524.310155 0
0x00000113 64 0 0 0 I 0 0 275 526.310446 0
0x00000114 64 0 0 0 P 0 0 276 528.311815 0
0x00000115 64 0 0 0 P 0 0 277 530.312062 0
0x00000116 64 0 0 0 P 0 0 278 532.313394 0
0x00000117 64 0 0 0 P 0 0 279 534.315177 0
0x00000118 64 0 0 0 P 0 0 280 536.315012 0
0x00000119 64 0 0 0 P 0 0 281 538.315460 0
0x0000011a 64 0 0 0 P 0 0 282 540.316016 0
0x0000011b 64 0 0 0 P 0 0 283 542.318275 0
0x0000011c 64 0 0 0 P 0 0 284 544.317361 0
0x0000011d 64 0 0 0 P 0 0 285 546.318830 0
0x0000011e 64 0 0 0 P 0 0 286 548.319501 0
0x0000011f 64 0 0 0 P 0 0 287 550.322221 0
0x00000120 64 0 0 0 P 0 0 288 552.324143 0
0x00000121 64 0 0 0 P 0 0 289 554.324274 0
0x00000122 64 0 0 0 P 0 0 290 556.325988 0
0x00000123 64 0 0 0 P 0 0 291 558.324486 0
0x00000124 64 0 0 0 P 0 0 292 560.324580 0
0x00000125 64 0 0 0 P 0 0 293 562.324839 0
0x00000126 64 0 0 0 P 0 0 294 564.325002 0
0x00000127 64 0 0 0 P 0 0 295 566.326180 0
0x00000128 64 0 0 0 P 0 0 296 568.326515 0
0x00000129 64 0 0 0 P 0 0 297 570.327242 0
0x0000012a 64 0 0 0 P 0 0 298 572.332160 0
0x0000012b 64 0 0 0 P 0 0 299 574.331516 0
0x0000012c 64 0 0 0 I 0 0 300 576.332185 0
0x0000012d 64 0 0 0 P 0 0 301 578.332777 0
0x0000012e 64 0 0 0 P 0 0 302 580.332911 0
0x0000012f 64 0 0 0 P 0 0 303 582.333032 0
0x00000130 64 0 0 0 P 0 0 304 584.333299 0
0x00000131 64 0 0 0 P 0 0 305 586.333728 0
0x00000132 64 0 0 0 P 0 0 306 588.334596 0
0x00000133 64 0 0 0 P 0 0 307 590.334863 0
0x00000134 64 0 0 0 P 0 0 308 592.335158 0
0x00000135 64 0 0 0 P 0 0 309 594.335903 0
0x00000136 64 0 0 0 P 0 0 310 596.337062 0
0x00000137 64 0 0 0 P 0 0 311 598.339151 0
0x00000138 64 0 0 0 P 0 0 312 600.341158 0
0x00000139 64 0 0 0 P 0 0 313 602.340295 0
0x0000013a 64 0 0 0 P 0 0 314 604.343325 0
0x0000013b 64 0 0 0 P 0 0 315 606.341579 0
0x0000013c 64 0 0 0 P 0 0 316 608.341952 0
0x0000013d 64 0 0 0 P 0 0 317 610.343557 0
0x0000013e 64 0 0 0 P 0 0 318 612.345408 0
0x0000013f 64 0 0 0 P 0 0 319 614.343998 0
0x00000140 64 0 0 0 P 0 0 320 616.344271 0
0x00000141 64 0 0 0 P 0 0 321 618.345318 0
0x00000142 64 0 0 0 P 0 0 322 620.346121 0
0x00000143 64 0 0 0 P 0 0 323 622.346329 0
0x00000144 64 0 0 0 P 0 0 324 624.347351 0
0x00000145 64 0 0 0 I 0 0 325 626.347989 0
0x00000146 64 0 0 0 P 0 0 326 628.347611 0
0x00000147 64 0 0 0 P 0 0 327 630.349395 0
0x00000148 64 0 0 0 P 0 0 328 632.348923 0
0x00000149 64 0 0 0 P 0 0 329 634.349343 0
0x0000014a 64 0 0 0 P 0 0 330 636.349953 0
0x0000014b 64 0 0 0 P 0 0 331 638.350355 0
0x0000014c 64 0 0 0 P 0 0 332 640.350852 0
0x0000014d 64 0 0 0 P 0 0 333 642.351378 0
0x0000014e 64 0 0 0 P 0 0 334 644.351776 0
0x0000014f 64 0 0 0 P 0 0 335 646.353240 0
0x00000150 64 0 0 0 P 0 0 336 648.353002 0
0x00000151 64 0 0 0 P 0 0 337 650.353590 0
0x00000152 64 0 0 0 P 0 0 338 652.354029 0
0x00000153 64 0 0 0 P 0 0 339 654.354503 0
0x00000154 64 0 0 0 P 0 0 340 656.354858 0
0x00000155 64 0 0 0 P 0 0 341 658.355461 0
0x00000156 64 0 0 0 P 0 0 342 660.355760 0
0x00000157 64 0 0 0 P 0 0 343 662.356645 0
0x00000158 64 0 0 0 P 0 0 344 664.356662 0
0x00000159 64 0 0 0 P 0 0 345 666.357812 0
0x0000015a 64 0 0 0 P 0 0 346 668.358374 0
0x0000015b 64 0 0 0 P 0 0 347 670.358598 0
0x0000015c 64 0 0 0 P 0 0 348 672.359821 0
0x0000015d 64 0 0 0 P 0 0 349 674.359483 0
0x0000015e 64 0 0 0 I 0 0 350 676.359902 0
0x0000015f 64 0 0 0 P 0 0 351 678.362001 0
0x00000160 64 0 0 0 P 0 0 352 680.361014 0
0x00000161 64 0 0 0 P 0 0 353 682.361204 0
0x00000162 64 0 0 0 P 0 0 354 684.361472 0
0x00000163 64 0 0 0 P 0 0 355 686.361805 0
0x00000164 64 0 0 0 P 0 0 356 688.362000 0
0x00000165 64 0 0 0 P 0 0 357 690.362536 0
0x00000166 64 0 0 0 P 0 0 358 692.363346 0
0x00000167 64 0 0 0 P 0 0 359 694.363232 0
0x00000168 64 0 0 0 P 0 0 360 696.364462 0
0x00000169 64 0 0 0 P 0 0 361 698.364083 0
0x0000016a 64 0 0 0 P 0 0 362 700.364634 0
0x0000016b 64 0 0 0 P 0 0 363 702.366165 0
0x0000016c 64 0 0 0 P 0 0 364 704.365629 0
0x0000016d 64 0 0 0 P 0 0 365 706.368726 0
0x0000016e 64 0 0 0 P 0 0 366 708.368147 0
0x0000016f 64 0 0 0 P 0 0 367 710.368496 0
0x00000170 64 0 0 0 P 0 0 368 712.368469 0
0x00000171 64 0 0 0 P 0 0 369 714.369299 0
0x00000172 64 0 0 0 P 0 0 370 716.369427 0
0x00000173 64 0 0 0 P 0 0 371 718.373028 0
0x00000174 64 0 0 0 P 0 0 372 720.374260 0
0x00000175 64 0 0 0 P 0 0 373 722.375190 0
0x00000176 64 0 0 0 P 0 0 374 724.375082 0
0x00000177 64 0 0 0 I 0 0 375 726.375276 0
0x00000178 64 0 0 0 P 0 0 376 728.375671 0
0x00000179 64 0 0 0 P 0 0 377 730.376112 0
0x0000017a 64 0 0 0 P 0 0 378 732.378545 0
0x0000017b 64 0 0 0 P 0 0 379 734.377997 0
0x0000017c 64 0 0 0 P 0 0 380 736.378567 0
0x0000017d 64 0 0 0 P 0 0 381 738.378789 0
0x0000017e 64 0 0 0 P 0 0 382 740.379238 0
0x0000017f 64 0 0 0 P 0 0 383 742.379967 0
0x00000180 64 0 0 0 P 0 0 384 744.381011 0
0x00000181 64 0 0 0 P 0 0 385 746.381357 0
0x00000182 64 0 0 0 P 0 0 386 748.381532 0
0x00000183 64 0 0 0 P 0 0 387 750.382165 0
0x00000184 64 0 0 0 P 0 0 388 752.384602 0
0x00000185 64 0 0 0 P 0 0 389 754.383674 0
0x00000186 64 0 0 0 P 0 0 390 756.384756 0
0x00000187 64 0 0 0 P 0 0 391 758.387109 0
0x00000188 64 0 0 0 P 0 0 392 760.389854 0
0x00000189 64 0 0 0 P 0 0 393 762.389278 0
0x0000018a 64 0 0 0 P 0 0 394 764.389333 0
0x0000018b 64 0 0 0 P 0 0 395 766.389556 0
0x0000018c 64 0 0 0 P 0 0 396 768.390438 0
0x0000018d 64 0 0 0 P 0 0 397 770.390787 0
0x0000018e 64 0 0 0 P 0 0 398 772.390709 0
0x0000018f 64 0 0 0 P 0 0 399 774.391054 0
0x00000190 64 0 0 0 I 0 0 400 776.391171 0
0x00000191 64 0 0 0 P 0 0 401 778.391949 0
0x00000192 64 0 0 0 P 0 0 402 780.393080 0
0x00000193 64 0 0 0 P 0 0 403 782.393784 0
0x00000194 64 0 0 0 P 0 0 404 784.393725 0
0x00000195 64 0 0 0 P 0 0 405 786.393992 0
0x00000196 64 0 0 0 P 0 0 406 788.394544 0
0x00000197 64 0 0 0 P 0 0 407 790.394735 0
0x00000198 64 0 0 0 P 0 0 408 792.396235 0
0x00000199 64 0 0 0 P 0 0 409 794.395424 0
0x0000019a 64 0 0 0 P 0 0 410 796.396194 0
0x0000019b 64 0 0 0 P 0 0 411 798.396666 0
0x0000019c 64 0 0 0 P 0 0 412 800.397492 0
0x0000019d 64 0 0 0 P 0 0 413 802.398328 0
0x0000019e 64 0 0 0 P 0 0 414 804.398598 0
0x0000019f 64 0 0 0 P 0 0 415 806.399365 0
0x000001a0 64 0 0 0 P 0 0 416 808.399889 0
0x000001a1 64 0 0 0 P 0 0 417 810.400869 0
0x000001a2 64 0 0 0 P 0 0 418 812.400380 0
0x000001a3 64 0 0 0 P 0 0 419 814.400840 0
0x000001a4 64 0 0 0 P 0 0 420 816.401614 0
0x000001a5 64 0 0 0 P 0 0 421 818.402029 0
0x000001a6 64 0 0 0 P 0 0 422 820.402061 0
0x000001a7 64 0 0 0 P 0 0 423 822.402708 0
0x000001a8 64 0 0 0 P 0 0 424 824.403004 0
0x000001a9 64 0 0 0 I 0 0 425 826.403543 0
0x000001aa 64 0 0 0 P 0 0 426 828.405226 0
0x000001ab 64 0 0 0 P 0 0 427 830.406326 0
0x000001ac 64 0 0 0 P 0 0 428 832.406354 0
0x000001ad 64 0 0 0 P 0 0 429 834.406801 0
0x000001ae 64 0 0 0 P 0 0 430 836.408872 0
0x000001af 64 0 0 0 P 0 0 431 838.408496 0
0x000001b0 64 0 0 0 P 0 0 432 840.409237 0
0x000001b1 64 0 0 0 P 0 0 433 842.411122 0
0x000001b2 64 0 0 0 P 0 0 434 844.410998 0
0x000001b3 64 0 0 0 P 0 0 435 846.411466 0
0x000001b4 64 0 0 0 P 0 0 436 848.411789 0
0x000001b5 64 0 0 0 P 0 0 437 850.412849 0
0x000001b6 64 0 0 0 P 0 0 438 852.412842 0
0x000001b7 64 0 0 0 P 0 0 439 854.414085 0
0x000001b8 64 0 0 0 P 0 0 440 856.414321 0
0x000001b9 64 0 0 0 P 0 0 441 858.414406 0
0x000001ba 64 0 0 0 P 0 0 442 860.414930 0
0x000001bb 64 0 0 0 P 0 0 443 862.415599 0
0x000001bc 64 0 0 0 P 0 0 444 864.415725 0
0x000001bd 64 0 0 0 P 0 0 445 866.416556 0
0x000001be 64 0 0 0 P 0 0 446 868.416853 0
0x000001bf 64 0 0 0 P 0 0 447 870.419536 0
0x000001c0 64 0 0 0 P 0 0 448 872.417758 0
0x000001c1 64 0 0 0 P 0 0 449 874.418390 0
0x000001c2 64 0 0 0 I 0 0 450 876.420571 0
0x000001c3 64 0 0 0 P 0 0 451 878.424275 0
0x000001c4 64 0 0 0 P 0 0 452 880.422008 0
0x000001c5 64 0 0 0 P 0 0 453 882.430692 0
0x000001c6 64 0 0 0 P 0 0 454 884.423323 0
0x000001c7 64 0 0 0 P 0 0 455 886.425864 0
0x000001c8 64 0 0 0 P 0 0 456 888.424612 0
0x000001c9 64 0 0 0 P 0 0 457 890.425345 0
0x000001ca 64 0 0 0 P 0 0 458 892.427941 0
0x000001cb 64 0 0 0 P 0 0 459 894.433704 0
0x000001cc 64 0 0 0 P 0 0 460 896.429179 0
0x000001cd 64 0 0 0 P 0 0 461 898.430059 0
0x000001ce 64 0 0 0 P 0 0 462 900.430550 0
0x000001cf 64 0 0 0 P 0 0 463 902.431655 0
0x000001d0 64 0 0 0 P 0 0 464 904.431873 0
0x000001d1 64 0 0 0 P 0 0 465 906.431889 0
0x000001d2 64 0 0 0 P 0 0 466 908.438350 0
0x000001d3 64 0 0 0 P 0 0 467 910.432531 0
0x000001d4 64 0 0 0 P 0 0 468 912.432685 0
0x000001d5 64 0 0 0 P 0 0 469 914.432858 0
0x000001d6 64 0 0 0 P 0 0 470 916.434194 0
0x000001d7 64 0 0 0 P 0 0 471 918.433639 0
0x000001d8 64 0 0 0 P 0 0 472 920.433882 0
0x000001d9 64 0 0 0 P 0 0 473 922.434611 0
0x000001da 64 0 0 0 P 0 0 474 924.434678 0
0x000001db 64 0 0 0 I 0 0 475 926.435024 0
0x000001dc 64 0 0 0 P 0 0 476 928.435426 0
0x000001dd 64 0 0 0 P 0 0 477 930.436128 0
0x000001de 64 0 0 0 P 0 0 478 932.436217 0
0x000001df 64 0 0 0 P 0 0 479 934.436484 0
0x000001e0 64 0 0 0 P 0 0 480 936.439108 0
0x000001e1 64 0 0 0 P 0 0 481 938.437545 0
0x000001e2 64 0 0 0 P 0 0 482 940.437831 0
0x000001e3 64 0 0 0 P 0 0 483 942.438056 0
0x000001e4 64 0 0 0 P 0 0 484 944.438259 0
0x000001e5 64 0 0 0 P 0 0 485 946.438713 0
0x000001e6 64 0 0 0 P 0 0 486 948.440709 0
0x000001e7 64 0 0 0 P 0 0 487 950.440753 0
0x000001e8 64 0 0 0 P 0 0 488 952.440590 0
0x000001e9 64 0 0 0 P 0 0 489 954.441165 0
0x000001ea 64 0 0 0 P 0 0 490 956.441637 0
0x000001eb 64 0 0 0 P 0 0 491 958.441850 0
0x000001ec 64 0 0 0 P 0 0 492 960.442548 0
0x000001ed 64 0 0 0 P 0 0 493 962.443729 0
0x000001ee 64 0 0 0 P 0 0 494 964.445580 0
0x000001ef 64 0 0 0 P 0 0 495 966.446233 0
0x000001f0 64 0 0 0 P 0 0 496 968.449027 0
0x000001f1 64 0 0 0 P 0 0 497 970.449614 0
0x000001f2 64 0 0 0 P 0 0 498 972.449471 0
0x000001f3 64 0 0 0 P 0 0 499 974.450483 0
0x000001f4 64 0 0 0 I 0 0 500 976.451008 0
0x000001f5 64 0 0 0 P 0 0 501 978.451190 0
0x000001f6 64 0 0 0 P 0 0 502 980.451794 0
0x000001f7 64 0 0 0 P 0 0 503 982.452038 0
0x000001f8 64 0 0 0 P 0 0 504 984.452251 0
0x000001f9 64 0 0 0 P 0 0 505 986.452482 0
0x000001fa 64 0 0 0 P 0 0 506 988.452743 0
0x000001fb 64 0 0 0 P 0 0 507 990.454850 0
0x000001fc 64 0 0 0 P 0 0 508 992.455028 0
0x000001fd 64 0 0 0 P 0 0 509 994.455609 0
0x000001fe 64 0 0 0 P 0 0 510 996.455922 0
0x000001ff 64 0 0 0 P 0 0 511 998.456191 0
0x00000200 64 0 0 0 P 0 0 512 1000.456334 0
0x00000201 64 0 0 0 P 0 0 513 1002.457102 0
0x00000202 64 0 0 0 P 0 0 514 1004.457713 0
0x00000203 64 0 0 0 P 0 0 515 1006.458425 0
0x00000204 64 0 0 0 P 0 0 516 1008.458780 0
0x00000205 64 0 0 0 P 0 0 517 1010.460960 0
0x00000206 64 0 0 0 P 0 0 518 1012.461086 0
0x00000207 64 0 0 0 P 0 0 519 1014.461974 0
0x00000208 64 0 0 0 P 0 0 520 1016.462279 0
0x00000209 64 0 0 0 P 0 0 521 1018.462855 0
0x0000020a 64 0 0 0 P 0 0 522 1020.463693 0
0x0000020b 64 0 0 0 P 0 0 523 1022.465707 0
0x0000020c 64 0 0 0 P 0 0 524 1024.465267 0
0x0000020d 64 0 0 0 I 0 0 525 1026.466612 0
0x0000020e 64 0 0 0 P 0 0 526 1028.466701 0
0x0000020f 64 0 0 0 P 0 0 527 1030.467214 0
0x00000210 64 0 0 0 P 0 0 528 1032.467848 0
0x00000211 64 0 0 0 P 0 0 529 1034.468236 0
0x00000212 64 0 0 0 P 0 0 530 1036.469890 0
0x00000213 64 0 0 0 P 0 0 531 1038.470225 0
0x00000214 64 0 0 0 P 0 0 532 1040.471452 0
0x00000215 64 0 0 0 P 0 0 533 1042.471441 0
0x00000216 64 0 0 0 P 0 0 534 1044.471593 0
0x00000217 64 0 0 0 P 0 0 535 1046.471782 0
0x00000218 64 0 0 0 P 0 0 536 1048.472364 0
0x00000219 64 0 0 0 P 0 0 537 1050.472573 0
0x0000021a 64 0 0 0 P 0 0 538 1052.473791 0
0x0000021b 64 0 0 0 P 0 0 539 1054.473983 0
0x0000021c 64 0 0 0 P 0 0 540 1056.474378 0
0x0000021d 64 0 0 0 P 0 0 541 1058.474946 0
0x0000021e 64 0 0 0 P 0 0 542 1060.475696 0
0x0000021f 64 0 0 0 P 0 0 543 1062.476466 0
0x00000220 64 0 0 0 P 0 0 544 1064.476625 0
0x00000221 64 0 0 0 P 0 0 545 1066.477355 0
0x00000222 64 0 0 0 P 0 0 546 1068.479826 0
0x00000223 64 0 0 0 P 0 0 547 1070.480186 0
0x00000224 64 0 0 0 P 0 0 548 1072.481614 0
0x00000225 64 0 0 0 P 0 0 549 1074.481922 0
0x00000226 64 0 0 0 I 0 0 550 1076.482035 0
0x00000227 64 0 0 0 P 0 0 551 1078.483329 0
0x00000228 64 0 0 0 P 0 0 552 1080.483679 0
0x00000229 64 0 0 0 P 0 0 553 1082.484084 0
0x0000022a 64 0 0 0 P 0 0 554 1084.484706 0
0x0000022b 64 0 0 0 P 0 0 555 1086.485803 0
0x0000022c 64 0 0 0 P 0 0 556 1088.486125 0
0x0000022d 64 0 0 0 P 0 0 557 1090.491442 0
0x0000022e 64 0 0 0 P 0 0 558 1092.487059 0
0x0000022f 64 0 0 0 P 0 0 559 1094.487298 0
0x00000230 64 0 0 0 P 0 0 560 1096.487490 0
0x00000231 64 0 0 0 P 0 0 561 1098.489163 0
0x00000232 64 0 0 0 P 0 0 562 1100.489594 0
0x00000233 64 0 0 0 P 0 0 563 1102.489811 0
0x00000234 64 0 0 0 P 0 0 564 1104.495320 0
0x00000235 64 0 0 0 P 0 0 565 1106.490703 0
0x00000236 64 0 0 0 P 0 0 566 1108.491079 0
0x00000237 64 0 0 0 P 0 0 567 1110.501070 0
0x00000238 64 0 0 0 P 0 0 568 1112.494570 0
0x00000239 64 0 0 0 P 0 0 569 1114.495124 0
0x0000023a 64 0 0 0 P 0 0 570 1116.497441 0
0x0000023b 64 0 0 0 P 0 0 571 1118.496858 0
0x0000023c 64 0 0 0 P 0 0 572 1120.497776 0
0x0000023d 64 0 0 0 P 0 0 573 1122.500512 0
0x0000023e 64 0 0 0 P 0 0 574 1124.498055 0
0x0000023f 64 0 0 0 I 0 0 575 1126.510776 0
0x00000240 64 0 0 0 P 0 0 576 1128.499508 0
0x00000241 64 0 0 0 P 0 0 577 1130.500547 0
0x00000242 64 0 0 0 P 0 0 578 1132.500695 0
0x00000243 64 0 0 0 P 0 0 579 1134.501176 0
0x00000244 64 0 0 0 P 0 0 580 1136.501552 0
0x00000245 64 0 0 0 P 0 0 581 1138.502798 0
0x00000246 64 0 0 0 P 0 0 582 1140.503545 0
0x00000247 64 0 0 0 P 0 0 583 1142.504732 0
0x00000248 64 0 0 0 P 0 0 584 1144.505986 0
0x00000249 64 0 0 0 P 0 0 585 1146.506648 0
0x0000024a 64 0 0 0 P 0 0 586 1148.507377 0
0x0000024b 64 0 0 0 P 0 0 587 1150.507664 0
0x0000024c 64 0 0 0 P 0 0 588 1152.511446 0
0x0000024d 64 0 0 0 P 0 0 589 1154.511910 0
0x0000024e 64 0 0 0 P 0 0 590 1156.512841 0
0x0000024f 64 0 0 0 P 0 0 591 1158.513579 0
0x00000250 64 0 0 0 P 0 0 592 1160.518153 0
0x00000251 64 0 0 0 P 0 0 593 1162.514339 0
0x00000252 64 0 0 0 P 0 0 594 1164.514482 0
0x00000253 64 0 0 0 P 0 0 595 1166.515414 0
0x00000254 64 0 0 0 P 0 0 596 1168.515329 0
0x00000255 64 0 0 0 P 0 0 597 1170.515564 0
0x00000256 64 0 0 0 P 0 0 598 1172.515788 0
0x00000257 64 0 0 0 P 0 0 599 1174.516451 0
0x00000258 64 0 0 0 I 0 0 600 1176.517995 0
0x00000259 64 0 0 0 P 0 0 601 1178.517691 0
0x0000025a 64 0 0 0 P 0 0 602 1180.517599 0
0x0000025b 64 0 0 0 P 0 0 603 1182.519004 0
0x0000025c 64 0 0 0 P 0 0 604 1184.519279 0
0x0000025d 64 0 0 0 P 0 0 605 1186.519744 0
0x0000025e 64 0 0 0 P 0 0 606 1188.521216 0
0x0000025f 64 0 0 0 P 0 0 607 1190.521660 0
0x00000260 64 0 0 0 P 0 0 608 1192.522800 0
0x00000261 64 0 0 0 P 0 0 609 1194.523127 0
0x00000262 64 0 0 0 P 0 0 610 1196.524056 0
0x00000263 64 0 0 0 P 0 0 611 1198.523851 0
0x00000264 64 0 0 0 P 0 0 612 1200.524125 0
0x00000265 64 0 0 0 P 0 0 613 1202.524696 0
0x00000266 64 0 0 0 P 0 0 614 1204.524861 0
0x00000267 64 0 0 0 P 0 0 615 1206.525066 0
0x00000268 64 0 0 0 P 0 0 616 1208.525772 0
0x00000269 64 0 0 0 P 0 0 617 1210.525997 0
0x0000026a 64 0 0 0 P 0 0 618 1212.529122 0
0x0000026b 64 0 0 0 P 0 0 619 1214.529106 0
0x0000026c 64 0 0 0 P 0 0 620 1216.529590 0
0x0000026d 64 0 0 0 P 0 0 621 1218.529903 0
0x0000026e 64 0 0 0 P 0 0 622 1220.530837 0
0x0000026f 64 0 0 0 P 0 0 623 1222.531050 0
0x00000270 64 0 0 0 P 0 0 624 1224.531755 0
0x00000271 64 0 0 0 I 0 0 625 1226.532008 0
0x00000272 64 0 0 0 P 0 0 626 1228.532655 0
0x00000273 64 0 0 0 P 0 0 627 1230.533223 0
0x00000274 64 0 0 0 P 0 0 628 1232.533251 0
0x00000275 64 0 0 0 P 0 0 629 1234.535774 0
0x00000276 64 0 0 0 P 0 0 630 1236.534014 0
0x00000277 64 0 0 0 P 0 0 631 1238.534273 0
0x00000278 64 0 0 0 P 0 0 632 1240.534908 0
0x00000279 64 0 0 0 P 0 0 633 1242.535309 0
0x0000027a 64 0 0 0 P 0 0 634 1244.535831 0
0x0000027b 64 0 0 0 P 0 0 635 1246.537334 0
0x0000027c 64 0 0 0 P 0 0 636 1248.537007 0
0x0000027d 64 0 0 0 P 0 0 637 1250.537362 0
0x0000027e 64 0 0 0 P 0 0 638 1252.537646 0
0x0000027f 64 0 0 0 P 0 0 639 1254.537866 0
0x00000280 64 0 0 0 P 0 0 640 1256.538108 0
0x00000281 64 0 0 0 P 0 0 641 1258.538511 0
0x00000282 64 0 0 0 P 0 0 642 1260.538637 0
0x00000283 64 0 0 0 P 0 0 643 1262.538868 0
0x00000284 64 0 0 0 P 0 0 644 1264.539674 0
0x00000285 64 0 0 0 P 0 0 645 1266.540428 0
0x00000286 64 0 0 0 P 0 0 646 1268.541571 0
0x00000287 64 0 0 0 P 0 0 647 1270.541726 0
0x00000288 64 0 0 0 P 0 0 648 1272.541945 0
0x00000289 64 0 0 0 P 0 0 649 1274.543234 0
0x0000028a 64 0 0 0 I 0 0 650 1276.543560 0
0x0000028b 64 0 0 0 P 0 0 651 1278.543482 0
0x0000028c 64 0 0 0 P 0 0 652 1280.545907 0
0x0000028d 64 0 0 0 P 0 0 653 1282.546202 0
0x0000028e 64 0 0 0 P 0 0 654 1284.546576 0
0x0000028f 64 0 0 0 P 0 0 655 1286.547153 0
0x00000290 64 0 0 0 P 0 0 656 1288.549233 0
0x00000291 64 0 0 0 P 0 0 657 1290.548844 0
0x00000292 64 0 0 0 P 0 0 658 1292.550709 0
0x00000293 64 0 0 0 P 0 0 659 1294.550275 0
0x00000294 64 0 0 0 P 0 0 660 1296.550908 0
0x00000295 64 0 0 0 P 0 0 661 1298.551535 0
0x00000296 64 0 0 0 P 0 0 662 1300.551745 0
0x00000297 64 0 0 0 P 0 0 663 1302.551832 0
0x00000298 64 0 0 0 P 0 0 664 1304.552142 0
0x00000299 64 0 0 0 P 0 0 665 1306.552631 0
0x0000029a 64 0 0 0 P 0 0 666 1308.553517 0
0x0000029b 64 0 0 0 P 0 0 667 1310.554081 0
0x0000029c 64 0 0 0 P 0 0 668 1312.554535 0
0x0000029d 64 0 0 0 P 0 0 669 1314.554890 0
0x0000029e 64 0 0 0 P 0 0 670 1316.559675 0
0x0000029f 64 0 0 0 P 0 0 671 1318.559499 0
0x000002a0 64 0 0 0 P 0 0 672 1320.559643 0
0x000002a1 64 0 0 0 P 0 0 673 1322.560250 0
0x000002a2 64 0 0 0 P 0 0 674 1324.560277 0
0x000002a3 64 0 0 0 I 0 0 675 1326.560550 0
0x000002a4 64 0 0 0 P 0 0 676 1328.561383 0
0x000002a5 64 0 0 0 P 0 0 677 1330.561481 0
0x000002a6 64 0 0 0 P 0 0 678 1332.561418 0
0x000002a7 64 0 0 0 P 0 0 679 1334.561819 0
0x000002a8 64 0 0 0 P 0 0 680 1336.562044 0
0x000002a9 64 0 0 0 P 0 0 681 1338.562498 0
0x000002aa 64 0 0 0 P 0 0 682 1340.562860 0
0x000002ab 64 0 0 0 P 0 0 683 1342.565237 0
0x000002ac 64 0 0 0 P 0 0 684 1344.563961 0
0x000002ad 64 0 0 0 P 0 0 685 1346.564120 0
0x000002ae 64 0 0 0 P 0 0 686 1348.564319 0
0x000002af 64 0 0 0 P 0 0 687 1350.564646 0
0x000002b0 64 0 0 0 P 0 0 688 1352.565192 0
0x000002b1 64 0 0 0 P 0 0 689 1354.565584 0
0x000002b2 64 0 0 0 P 0 0 690 1356.565822 0
0x000002b3 64 0 0 0 P 0 0 691 1358.566355 0
0x000002b4 64 0 0 0 P 0 0 692 1360.566823 0
0x000002b5 64 0 0 0 P 0 0 693 1362.567306 0
0x000002b6 64 0 0 0 P 0 0 694 1364.568400 0
0x000002b7 64 0 0 0 P 0 0 695 1366.570350 0
0x000002b8 64 0 0 0 P 0 0 696 1368.570788 0
0x000002b9 64 0 0 0 P 0 0 697 1370.571035 0
0x000002ba 64 0 0 0 P 0 0 698 1372.571968 0
0x000002bb 64 0 0 0 P 0 0 699 1374.572111 0
0x000002bc 64 0 0 0 I 0 0 700 1376.572405 0
0x000002bd 64 0 0 0 P 0 0 701 1378.575381 0
0x000002be 64 0 0 0 P 0 0 702 1380.573517 0
0x000002bf 64 0 0 0 P 0 0 703 1382.574124 0
0x000002c0 64 0 0 0 P 0 0 704 1384.574407 0
0x000002c1 64 0 0 0 P 0 0 705 1386.574991 0
0x000002c2 64 0 0 0 P 0 0 706 1388.575467 0
0x000002c3 64 0 0 0 P 0 0 707 1390.575924 0
0x000002c4 64 0 0 0 P 0 0 708 1392.576989 0
0x000002c5 64 0 0 0 P 0 0 709 1394.577085 0
0x000002c6 64 0 0 0 P 0 0 710 1396.577338 0
0x000002c7 64 0 0 0 P 0 0 711 1398.577602 0
0x000002c8 64 0 0 0 P 0 0 712 1400.578475 0
0x000002c9 64 0 0 0 P 0 0 713 1402.579482 0
0x000002ca 64 0 0 0 P 0 0 714 1404.579287 0
0x000002cb 64 0 0 0 P 0 0 715 1406.579687 0
0x000002cc 64 0 0 0 P 0 0 716 1408.579920 0
0x000002cd 64 0 0 0 P 0 0 717 1410.580862 0
0x000002ce 64 0 0 0 P 0 0 718 1412.580812 0
0x000002cf 64 0 0 0 P 0 0 719 1414.581163 0
0x000002d0 64 0 0 0 P 0 0 720 1416.583334 0
0x000002d1 64 0 0 0 P 0 0 721 1418.582724 0
0x000002d2 64 0 0 0 P 0 0 722 1420.584479 0
0x000002d3 64 0 0 0 P 0 0 723 1422.585652 0
0x000002d4 64 0 0 0 P 0 0 724 1424.586626 0
0x000002d5 64 0 0 0 I 0 0 725 1426.586602 0
0x000002d6 64 0 0 0 P 0 0 726 1428.587303 0
0x000002d7 64 0 0 0 P 0 0 727 1430.587387 0
0x000002d8 64 0 0 0 P 0 0 728 1432.587775 0
0x000002d9 64 0 0 0 P 0 0 729 1434.588420 0
0x000002da 64 0 0 0 P 0 0 730 1436.588692 0
0x000002db 64 0 0 0 P 0 0 731 1438.588836 0
0x000002dc 64 0 0 0 P 0 0 732 1440.589732 0
0x000002dd 64 0 0 0 P 0 0 733 1442.590221 0
0x000002de 64 0 0 0 P 0 0 734 1444.589689 0
0x000002df 64 0 0 0 P 0 0 735 1446.589959 0
0x000002e0 64 0 0 0 P 0 0 736 1448.591042 0
0x000002e1 64 0 0 0 P 0 0 737 1450.590741 0
0x000002e2 64 0 0 0 P 0 0 738 1452.590963 0
0x000002e3 64 0 0 0 P 0 0 739 1454.591330 0
0x000002e4 64 0 0 0 P 0 0 740 1456.591438 0
0x000002e5 64 0 0 0 P 0 0 741 1458.591644 0
0x000002e6 64 0 0 0 P 0 0 742 1460.591836 0
0x000002e7 64 0 0 0 P 0 0 743 1462.592133 0
0x000002e8 64 0 0 0 P 0 0 744 1464.593262 0
0x000002e9 64 0 0 0 P 0 0 745 1466.593681 0
0x000002ea 64 0 0 0 P 0 0 746 1468.595146 0
0x000002eb 64 0 0 0 P 0 0 747 1470.595317 0
0x000002ec 64 0 0 0 P 0 0 748 1472.595549 0
0x000002ed 64 0 0 0 P 0 0 749 1474.595853 0
0x000002ee 64 0 0 0 I 0 0 750 1476.595968 0
0x000002ef 64 0 0 0 P 0 0 751 1478.596166 0
0x000002f0 64 0 0 0 P 0 0 752 1480.596389 0
0x000002f1 64 0 0 0 P 0 0 753 1482.597388 0
0x000002f2 64 0 0 0 P 0 0 754 1484.608405 0
0x000002f3 64 0 0 0 P 0 0 755 1486.599200 0
0x000002f4 64 0 0 0 P 0 0 756 1488.599532 0
0x000002f5 64 0 0 0 P 0 0 757 1490.601324 0
0x000002f6 64 0 0 0 P 0 0 758 1492.602140 0
0x000002f7 64 0 0 0 P 0 0 759 1494.602304 0
0x000002f8 64 0 0 0 P 0 0 760 1496.602611 0
0x000002f9 64 0 0 0 P 0 0 761 1498.603746 0
0x000002fa 64 0 0 0 P 0 0 762 1500.603982 0
0x000002fb 64 0 0 0 P 0 0 763 1502.606072 0
0x000002fc 64 0 0 0 P 0 0 764 1504.605322 0
0x000002fd 64 0 0 0 P 0 0 765 1506.605754 0
0x000002fe 64 0 0 0 P 0 0 766 1508.606365 0
0x000002ff 64 0 0 0 P 0 0 767 1510.609239 0
0x00000300 64 0 0 0 P 0 0 768 1512.608839 0
0x00000301 64 0 0 0 P 0 0 769 1514.607798 0
0x00000302 64 0 0 0 P 0 0 770 1516.608296 0
0x00000303 64 0 0 0 P 0 0 771 1518.610235 0
0x00000304 64 0 0 0 P 0 0 772 1520.609680 0
0x00000305 64 0 0 0 P 0 0 773 1522.610267 0
0x00000306 64 0 0 0 P 0 0 774 1524.615630 0
0x00000307 64 0 0 0 I 0 0 775 1526.611563 0
0x00000308 64 0 0 0 P 0 0 776 1528.611410 0
0x00000309 64 0 0 0 P 0 0 777 1530.612629 0
0x0000030a 64 0 0 0 P 0 0 778 1532.615264 0
0x0000030b 64 0 0 0 P 0 0 779 1534.613188 0
0x0000030c 64 0 0 0 P 0 0 780 1536.613629 0
0x0000030d 64 0 0 0 P 0 0 781 1538.625917 0
0x0000030e 64 0 0 0 P 0 0 782 1540.615842 0
0x0000030f 64 0 0 0 P 0 0 783 1542.616460 0
0x00000310 64 0 0 0 P 0 0 784 1544.618693 0
0x00000311 64 0 0 0 P 0 0 785 1546.617554 0
0x00000312 64 0 0 0 P 0 0 786 1548.618134 0
0x00000313 64 0 0 0 P 0 0 787 1550.618628 0
0x00000314 64 0 0 0 P 0 0 788 1552.619260 0
0x00000315 64 0 0 0 P 0 0 789 1554.619717 0
0x00000316 64 0 0 0 P 0 0 790 1556.627502 0
0x00000317 64 0 0 0 P 0 0 791 1558.620939 0
0x00000318 64 0 0 0 P 0 0 792 1560.621531 0
0x00000319 64 0 0 0 P 0 0 793 1562.622158 0
0x0000031a 64 0 0 0 P 0 0 794 1564.624509 0
0x0000031b 64 0 0 0 P 0 0 795 1566.623802 0
0x0000031c 64 0 0 0 P 0 0 796 1568.623953 0
0x0000031d 64 0 0 0 P 0 0 797 1570.625108 0
0x0000031e 64 0 0 0 P 0 0 798 1572.625113 0
0x0000031f 64 0 0 0 P 0 0 799 1574.625625 0
0x00000320 64 0 0 0 I 0 0 800 1576.625994 0
0x00000321 64 0 0 0 P 0 0 801 1578.626589 0
0x00000322 64 0 0 0 P 0 0 802 1580.629023 0
0x00000323 64 0 0 0 P 0 0 803 1582.627767 0
0x00000324 64 0 0 0 P 0 0 804 1584.628448 0
0x00000325 64 0 0 0 P 0 0 805 1586.631621 0
0x00000326 64 0 0 0 P 0 0 806 1588.631087 0
0x00000327 64 0 0 0 P 0 0 807 1590.631493 0
0x00000328 64 0 0 0 P 0 0 808 1592.631879 0
0x00000329 64 0 0 0 P 0 0 809 1594.632157 0
0x0000032a 64 0 0 0 P 0 0 810 1596.632329 0
0x0000032b 64 0 0 0 P 0 0 811 1598.633171 0
0x0000032c 64 0 0 0 P 0 0 812 1600.634219 0
0x0000032d 64 0 0 0 P 0 0 813 1602.634660 0
0x0000032e 64 0 0 0 P 0 0 814 1604.636005 0
0x0000032f 64 0 0 0 P 0 0 815 1606.635839 0
0x00000330 64 0 0 0 P 0 0 816 1608.636219 0
0x00000331 64 0 0 0 P 0 0 817 1610.637396 0
0x00000332 64 0 0 0 P 0 0 818 1612.639194 0
0x00000333 64 0 0 0 P 0 0 819 1614.639649 0
0x00000334 64 0 0 0 P 0 0 820 1616.639832 0
0x00000335 64 0 0 0 P 0 0 821 1618.639824 0
0x00000336 64 0 0 0 P 0 0 822 1620.642438 0
0x00000337 64 0 0 0 P 0 0 823 1622.642734 0
0x00000338 64 0 0 0 P 0 0 824 1624.643753 0
0x00000339 64 0 0 0 I 0 0 825 1626.643679 0
0x0000033a 64 0 0 0 P 0 0 826 1628.645160 0
0x0000033b 64 0 0 0 P 0 0 827 1630.645387 0
0x0000033c 64 0 0 0 P 0 0 828 1632.647160 0
0x0000033d 64 0 0 0 P 0 0 829 1634.646928 0
0x0000033e 64 0 0 0 P 0 0 830 1636.647089 0
0x0000033f 64 0 0 0 P 0 0 831 1638.647295 0
0x00000340 64 0 0 0 P 0 0 832 1640.650442 0
0x00000341 64 0 0 0 P 0 0 833 1642.650479 0
0x00000342 64 0 0 0 P 0 0 834 1644.650465 0
0x00000343 64 0 0 0 P 0 0 835 1646.650478 0
0x00000344 64 0 0 0 P 0 0 836 1648.650748 0
0x00000345 64 0 0 0 P 0 0 837 1650.650975 0
0x00000346 64 0 0 0 P 0 0 838 1652.651757 0
0x00000347 64 0 0 0 P 0 0 839 1654.655001 0
0x00000348 64 0 0 0 P 0 0 840 1656.654599 0
0x00000349 64 0 0 0 P 0 0 841 1658.654524 0
0x0000034a 64 0 0 0 P 0 0 842 1660.654702 0
0x0000034b 64 0 0 0 P 0 0 843 1662.655258 0
0x0000034c 64 0 0 0 P 0 0 844 1664.655539 0
0x0000034d 64 0 0 0 P 0 0 845 1666.655650 0
0x0000034e 64 0 0 0 P 0 0 846 1668.655909 0
0x0000034f 64 0 0 0 P 0 0 847 1670.656154 0
0x00000350 64 0 0 0 P 0 0 848 1672.657113 0
0x00000351 64 0 0 0 P 0 0 849 1674.658510 0
0x00000352 64 0 0 0 I 0 0 850 1676.659422 0
0x00000353 64 0 0 0 P 0 0 851 1678.659478 0
0x00000354 64 0 0 0 P 0 0 852 1680.659717 0
0x00000355 64 0 0 0 P 0 0 853 1682.660511 0
0x00000356 64 0 0 0 P 0 0 854 1684.661741 0
0x00000357 64 0 0 0 P 0 0 855 1686.661349 0
0x00000358 64 0 0 0 P 0 0 856 1688.661447 0
0x00000359 64 0 0 0 P 0 0 857 1690.662206 0
0x0000035a 64 0 0 0 P 0 0 858 1692.662947 0
0x0000035b 64 0 0 0 P 0 0 859 1694.663900 0
0x0000035c 64 0 0 0 P 0 0 860 1696.666153 0
0x0000035d 64 0 0 0 P 0 0 861 1698.668559 0
0x0000035e 64 0 0 0 P 0 0 862 1700.667268 0
0x0000035f 64 0 0 0 P 0 0 863 1702.667170 0
0x00000360 64 0 0 0 P 0 0 864 1704.669688 0
0x00000361 64 0 0 0 P 0 0 865 1706.669439 0
0x00000362 64 0 0 0 P 0 0 866 1708.669900 0
0x00000363 64 0 0 0 P 0 0 867 1710.670385 0
0x00000364 64 0 0 0 P 0 0 868 1712.670637 0
0x00000365 64 0 0 0 P 0 0 869 1714.671144 0
0x00000366 64 0 0 0 P 0 0 870 1716.671558 0
0x00000367 64 0 0 0 P 0 0 871 1718.672872 0
0x00000368 64 0 0 0 P 0 0 872 1720.673551 0
0x00000369 64 0 0 0 P 0 0 873 1722.673486 0
0x0000036a 64 0 0 0 P 0 0 874 1724.675599 0
0x0000036b 64 0 0 0 I 0 0 875 1726.675999 0
0x0000036c 64 0 0 0 P 0 0 876 1728.676256 0
0x0000036d 64 0 0 0 P 0 0 877 1730.676651 0
0x0000036e 64 0 0 0 P 0 0 878 1732.678513 0
0x0000036f 64 0 0 0 P 0 0 879 1734.679149 0
0x00000370 64 0 0 0 P 0 0 880 1736.679279 0
0x00000371 64 0 0 0 P 0 0 881 1738.679815 0
0x00000372 64 0 0 0 P 0 0 882 1740.679912 0
0x00000373 64 0 0 0 P 0 0 883 1742.683130 0
0x00000374 64 0 0 0 P 0 0 884 1744.681987 0
0x00000375 64 0 0 0 P 0 0 885 1746.682196 0
0x00000376 64 0 0 0 P 0 0 886 1748.682328 0
0x00000377 64 0 0 0 P 0 0 887 1750.682659 0
0x00000378 64 0 0 0 P 0 0 888 1752.685870 0
0x00000379 64 0 0 0 P 0 0 889 1754.685504 0
0x0000037a 64 0 0 0 P 0 0 890 1756.686552 0
0x0000037b 64 0 0 0 P 0 0 891 1758.687813 0
0x0000037c 64 0 0 0 P 0 0 892 1760.687329 0
0x0000037d 64 0 0 0 P 0 0 893 1762.688583 0
0x0000037e 64 0 0 0 P 0 0 894 1764.689830 0
0x0000037f 64 0 0 0 P 0 0 895 1766.690455 0
0x00000380 64 0 0 0 P 0 0 896 1768.690905 0
0x00000381 64 0 0 0 P 0 0 897 1770.691278 0
0x00000382 64 0 0 0 P 0 0 898 1772.691635 0
0x00000383 64 0 0 0 P 0 0 899 1774.692231 0
0x00000384 64 0 0 0 I 0 0 900 1776.692709 0
0x00000385 64 0 0 0 P 0 0 901 1778.692540 0
0x00000386 64 0 0 0 P 0 0 902 1780.693313 0
0x00000387 64 0 0 0 P 0 0 903 1782.693817 0
0x00000388 64 0 0 0 P 0 0 904 1784.694048 0
0x00000389 64 0 0 0 P 0 0 905 1786.694244 0
0x0000038a 64 0 0 0 P 0 0 906 1788.694516 0
0x0000038b 64 0 0 0 P 0 0 907 1790.696608 0
0x0000038c 64 0 0 0 P 0 0 908 1792.696354 0
0x0000038d 64 0 0 0 P 0 0 909 1794.697696 0
0x0000038e 64 0 0 0 P 0 0 910 1796.696955 0
0x0000038f 64 0 0 0 P 0 0 911 1798.697344 0
0x00000390 64 0 0 0 P 0 0 912 1800.697408 0
0x00000391 64 0 0 0 P 0 0 913 1802.697903 0
0x00000392 64 0 0 0 P 0 0 914 1804.698438 0
0x00000393 64 0 0 0 P 0 0 915 1806.698544 0
0x00000394 64 0 0 0 P 0 0 916 1808.698739 0
0x00000395 64 0 0 0 P 0 0 917 1810.699321 0
0x00000396 64 0 0 0 P 0 0 918 1812.699545 0
0x00000397 64 0 0 0 P 0 0 919 1814.700096 0
0x00000398 64 0 0 0 P 0 0 920 1816.703686 0
0x00000399 64 0 0 0 P 0 0 921 1818.701162 0
0x0000039a 64 0 0 0 P 0 0 922 1820.701612 0
0x0000039b 64 0 0 0 P 0 0 923 1822.701753 0
0x0000039c 64 0 0 0 P 0 0 924 1824.701988 0
0x0000039d 64 0 0 0 I 0 0 925 1826.702732 0
0x0000039e 64 0 0 0 P 0 0 926 1828.703410 0
0x0000039f 64 0 0 0 P 0 0 927 1830.703832 0
0x000003a0 64 0 0 0 P 0 0 928 1832.705766 0
0x000003a1 64 0 0 0 P 0 0 929 1834.705970 0
0x000003a2 64 0 0 0 P 0 0 930 1836.708485 0
0x000003a3 64 0 0 0 P 0 0 931 1838.708425 0
0x000003a4 64 0 0 0 P 0 0 932 1840.708833 0
0x000003a5 64 0 0 0 P 0 0 933 1842.709268 0
0x000003a6 64 0 0 0 P 0 0 934 1844.709699 0
0x000003a7 64 0 0 0 P 0 0 935 1846.710052 0
0x000003a8 64 0 0 0 P 0 0 936 1848.710323 0
0x000003a9 64 0 0 0 P 0 0 937 1850.711158 0
0x000003aa 64 0 0 0 P 0 0 938 1852.711320 0
0x000003ab 64 0 0 0 P 0 0 939 1854.711591 0
0x000003ac 64 0 0 0 P 0 0 940 1856.712255 0
0x000003ad 64 0 0 0 P 0 0 941 1858.712543 0
0x000003ae 64 0 0 0 P 0 0 942 1860.713477 0
0x000003af 64 0 0 0 P 0 0 943 1862.713621 0
0x000003b0 64 0 0 0 P 0 0 944 1864.714210 0
0x000003b1 64 0 0 0 P 0 0 945 1866.714919 0
0x000003b2 64 0 0 0 P 0 0 946 1868.715134 0
0x000003b3 64 0 0 0 P 0 0 947 1870.716824 0
0x000003b4 64 0 0 0 P 0 0 948 1872.717322 0
0x000003b5 64 0 0 0 P 0 0 949 1874.723357 0
0x000003b6 64 0 0 0 I 0 0 950 1876.719090 0
0x000003b7 64 0 0 0 P 0 0 951 1878.719935 0
0x000003b8 64 0 0 0 P 0 0 952 1880.720563 0
0x000003b9 64 0 0 0 P 0 0 953 1882.720909 0
0x000003ba 64 0 0 0 P 0 0 954 1884.721693 0
0x000003bb 64 0 0 0 P 0 0 955 1886.721921 0
0x000003bc 64 0 0 0 P 0 0 956 1888.721771 0
0x000003bd 64 0 0 0 P 0 0 957 1890.726087 0
0x000003be 64 0 0 0 P 0 0 958 1892.724555 0
0x000003bf 64 0 0 0 P 0 0 959 1894.723389 0
0x000003c0 64 0 0 0 P 0 0 960 1896.723916 0
0x000003c1 64 0 0 0 P 0 0 961 1898.724707 0
0x000003c2 64 0 0 0 P 0 0 962 1900.726029 0
0x000003c3 64 0 0 0 P 0 0 963 1902.725646 0
0x000003c4 64 0 0 0 P 0 0 964 1904.725629 0
0x000003c5 64 0 0 0 P 0 0 965 1906.725842 0
0x000003c6 64 0 0 0 P 0 0 966 1908.726053 0
0x000003c7 64 0 0 0 P 0 0 967 1910.728346 0
0x000003c8 64 0 0 0 P 0 0 968 1912.727308 0
0x000003c9 64 0 0 0 P 0 0 969 1914.727760 0
0x000003ca 64 0 0 0 P 0 0 970 1916.728367 0
0x000003cb 64 0 0 0 P 0 0 971 1918.729215 0
0x000003cc 64 0 0 0 P 0 0 972 1920.729656 0
0x000003cd 64 0 0 0 P 0 0 973 1922.729710 0
0x000003ce 64 0 0 0 P 0 0 974 1924.730243 0
0x000003cf 64 0 0 0 I 0 0 975 1926.730493 0
0x000003d0 64 0 0 0 P 0 0 976 1928.730849 0
0x000003d1 64 0 0 0 P 0 0 977 1930.732185 0
0x000003d2 64 0 0 0 P 0 0 978 1932.732076 0
0x000003d3 64 0 0 0 P 0 0 979 1934.732188 0
0x000003d4 64 0 0 0 P 0 0 980 1936.732432 0
0x000003d5 64 0 0 0 P 0 0 981 1938.732651 0
0x000003d6 64 0 0 0 P 0 0 982 1940.733053 0
0x000003d7 64 0 0 0 P 0 0 983 1942.733687 0
0x000003d8 64 0 0 0 P 0 0 984 1944.733857 0
0x000003d9 64 0 0 0 P 0 0 985 1946.734142 0
0x000003da 64 0 0 0 P 0 0 986 1948.735178 0
0x000003db 64 0 0 0 P 0 0 987 1950.735651 0
0x000003dc 64 0 0 0 P 0 0 988 1952.735510 0
0x000003dd 64 0 0 0 P 0 0 989 1954.736339 0
0x000003de 64 0 0 0 P 0 0 990 1956.736808 0
0x000003df 64 0 0 0 P 0 0 991 1958.737278 0
0x000003e0 64 0 0 0 P 0 0 992 1960.740084 0
0x000003e1 64 0 0 0 P 0 0 993 1962.738588 0
0x000003e2 64 0 0 0 P 0 0 994 1964.739108 0
0x000003e3 64 0 0 0 P 0 0 995 1966.739353 0
0x000003e4 64 0 0 0 P 0 0 996 1968.741557 0
0x000003e5 64 0 0 0 P 0 0 997 1970.740549 0
0x000003e6 64 0 0 0 P 0 0 998 1972.741710 0
0x000003e7 64 0 0 0 P 0 0 999 1974.741231 0
0x000003e8 64 0 0 0 I 0 0 1000 1976.741662 0
0x000003e9 64 0 0 0 P 0 0 1001 1978.742322 0
0x000003ea 64 0 0 0 P 0 0 1002 1980.743630 0
0x000003eb 64 0 0 0 P 0 0 1003 1982.744359 0
0x000003ec 64 0 0 0 P 0 0 1004 1984.745979 0
0x000003ed 64 0 0 0 P 0 0 1005 1986.746185 0
0x000003ee 64 0 0 0 P 0 0 1006 1988.747041 0
0x000003ef 64 0 0 0 P 0 0 1007 1990.747389 0
0x000003f0 64 0 0 0 P 0 0 1008 1992.747882 0
0x000003f1 64 0 0 0 P 0 0 1009 1994.748486 0
0x000003f2 64 0 0 0 P 0 0 1010 1996.748596 0
0x000003f3 64 0 0 0 P 0 0 1011 1998.750187 0
0x000003f4 64 0 0 0 P 0 0 1012 2000.749827 0
0x000003f5 64 0 0 0 P 0 0 1013 2002.749786 0
0x000003f6 64 0 0 0 P 0 0 1014 2004.750452 0
0x000003f7 64 0 0 0 P 0 0 1015 2006.750684 0
0x000003f8 64 0 0 0 P 0 0 1016 2008.751009 0
0x000003f9 64 0 0 0 P 0 0 1017 2010.751279 0
0x000003fa 64 0 0 0 P 0 0 1018 2012.751578 0
0x000003fb 64 0 0 0 P 0 0 1019 2014.751938 0
0x000003fc 64 0 0 0 P 0 0 1020 2016.752092 0
0x000003fd 64 0 0 0 P 0 0 1021 2018.752422 0
0x000003fe 64 0 0 0 P 0 0 1022 2020.754171 0
0x000003ff 64 0 0 0 P 0 0 1023 2022.753791 0
0x00000400 64 0 0 0 P 0 0 1024 2024.753542 0
0x00000401 64 0 0 0 I 0 0 1025 2026.753830 0
0x00000402 64 0 0 0 P 0 0 1026 2028.754196 0
0x00000403 64 0 0 0 P 0 0 1027 2030.755261 0
0x00000404 64 0 0 0 P 0 0 1028 2032.755340 0
0x00000405 64 0 0 0 P 0 0 1029 2034.755705 0
0x00000406 64 0 0 0 P 0 0 1030 2036.756212 0
0x00000407 64 0 0 0 P 0 0 1031 2038.756541 0
0x00000408 64 0 0 0 P 0 0 1032 2040.757366 0
0x00000409 64 0 0 0 P 0 0 1033 2042.757997 0
0x0000040a 64 0 0 0 P 0 0 1034 2044.758355 0
0x0000040b 64 0 0 0 P 0 0 1035 2046.758441 0
0x0000040c 64 0 0 0 P 0 0 1036 2048.759641 0
0x0000040d 64 0 0 0 P 0 0 1037 2050.760153 0
0x0000040e 64 0 0 0 P 0 0 1038 2052.760363 0
0x0000040f 64 0 0 0 P 0 0 1039 2054.760794 0
0x00000410 64 0 0 0 P 0 0 1040 2056.761506 0
0x00000411 64 0 0 0 P 0 0 1041 2058.761786 0
0x00000412 64 0 0 0 P 0 0 1042 2060.763069 0
0x00000413 64 0 0 0 P 0 0 1043 2062.764360 0
0x00000414 64 0 0 0 P 0 0 1044 2064.762583 0
0x00000415 64 0 0 0 P 0 0 1045 2066.762876 0
0x00000416 64 0 0 0 P 0 0 1046 2068.770424 0
0x00000417 64 0 0 0 P 0 0 1047 2070.765244 0
0x00000418 64 0 0 0 P 0 0 1048 2072.765145 0
0x00000419 64 0 0 0 P 0 0 1049 2074.765796 0
0x0000041a 64 0 0 0 I 0 0 1050 2076.765951 0
0x0000041b 64 0 0 0 P 0 0 1051 2078.766371 0
0x0000041c 64 0 0 0 P 0 0 1052 2080.766561 0
0x0000041d 64 0 0 0 P 0 0 1053 2082.767380 0
0x0000041e 64 0 0 0 P 0 0 1054 2084.767711 0
0x0000041f 64 0 0 0 P 0 0 1055 2086.768167 0
0x00000420 64 0 0 0 P 0 0 1056 2088.770262 0
0x00000421 64 0 0 0 P 0 0 1057 2090.769313 0
0x00000422 64 0 0 0 P 0 0 1058 2092.770809 0
0x00000423 64 0 0 0 P 0 0 1059 2094.771395 0
0x00000424 64 0 0 0 P 0 0 1060 2096.771691 0
0x00000425 64 0 0 0 P 0 0 1061 2098.773622 0
0x00000426 64 0 0 0 P 0 0 1062 2100.773469 0
0x00000427 64 0 0 0 P 0 0 1063 2102.774136 0
0x00000428 64 0 0 0 P 0 0 1064 2104.774684 0
0x00000429 64 0 0 0 P 0 0 1065 2106.775201 0
0x0000042a 64 0 0 0 P 0 0 1066 2108.775351 0
0x0000042b 64 0 0 0 P 0 0 1067 2110.776334 0
0x0000042c 64 0 0 0 P 0 0 1068 2112.776982 0
0x0000042d 64 0 0 0 P 0 0 1069 2114.776687 0
0x0000042e 64 0 0 0 P 0 0 1070 2116.779223 0
0x0000042f 64 0 0 0 P 0 0 1071 2118.778223 0
0x00000430 64 0 0 0 P 0 0 1072 2120.777997 0
0x00000431 64 0 0 0 P 0 0 1073 2122.778794 0
0x00000432 64 0 0 0 P 0 0 1074 2124.779313 0
0x00000433 64 0 0 0 I 0 0 1075 2126.779292 0
0x00000434 64 0 0 0 P 0 0 1076 2128.779680 0
0x00000435 64 0 0 0 P 0 0 1077 2130.779959 0
0x00000436 64 0 0 0 P 0 0 1078 2132.784947 0
0x00000437 64 0 0 0 P 0 0 1079 2134.781206 0
0x00000438 64 0 0 0 P 0 0 1080 2136.781779 0
0x00000439 64 0 0 0 P 0 0 1081 2138.782056 0
0x0000043a 64 0 0 0 P 0 0 1082 2140.782594 0
0x0000043b 64 0 0 0 P 0 0 1083 2142.783322 0
0x0000043c 64 0 0 0 P 0 0 1084 2144.783114 0
0x0000043d 64 0 0 0 P 0 0 1085 2146.784885 0
0x0000043e 64 0 0 0 P 0 0 1086 2148.786478 0
0x0000043f 64 0 0 0 P 0 0 1087 2150.786659 0
0x00000440 64 0 0 0 P 0 0 1088 2152.786226 0
0x00000441 64 0 0 0 P 0 0 1089 2154.787574 0
0x00000442 64 0 0 0 P 0 0 1090 2156.787348 0
0x00000443 64 0 0 0 P 0 0 1091 2158.787731 0
0x00000444 64 0 0 0 P 0 0 1092 2160.788018 0
0x00000445 64 0 0 0 P 0 0 1093 2162.792037 0
0x00000446 64 0 0 0 P 0 0 1094 2164.789259 0
0x00000447 64 0 0 0 P 0 0 1095 2166.789770 0
0x00000448 64 0 0 0 P 0 0 1096 2168.790134 0
0x00000449 64 0 0 0 P 0 0 1097 2170.793363 0
0x0000044a 64 0 0 0 P 0 0 1098 2172.793200 0
0x0000044b 64 0 0 0 P 0 0 1099 2174.793916 0
0x0000044c 64 0 0 0 I 0 0 1100 2176.794828 0
0x0000044d 64 0 0 0 P 0 0 1101 2178.797151 0
0x0000044e 64 0 0 0 P 0 0 1102 2180.797386 0
0x0000044f 64 0 0 0 P 0 0 1103 2182.800045 0
0x00000450 64 0 0 0 P 0 0 1104 2184.800409 0
0x00000451 64 0 0 0 P 0 0 1105 2186.803203 0
0x00000452 64 0 0 0 P 0 0 1106 2188.804752 0
0x00000453 64 0 0 0 P 0 0 1107 2190.805053 0
0x00000454 64 0 0 0 P 0 0 1108 2192.805066 0
0x00000455 64 0 0 0 P 0 0 1109 2194.806014 0
0x00000456 64 0 0 0 P 0 0 1110 2196.806209 0
0x00000457 64 0 0 0 P 0 0 1111 2198.806478 0
0x00000458 64 0 0 0 P 0 0 1112 2200.806754 0
0x00000459 64 0 0 0 P 0 0 1113 2202.807297 0
0x0000045a 64 0 0 0 P 0 0 1114 2204.808350 0
0x0000045b 64 0 0 0 P 0 0 1115 2206.810719 0
0x0000045c 64 0 0 0 P 0 0 1116 2208.810985 0
0x0000045d 64 0 0 0 P 0 0 1117 2210.811177 0
0x0000045e 64 0 0 0 P 0 0 1118 2212.810995 0
0x0000045f 64 0 0 0 P 0 0 1119 2214.811753 0
0x00000460 64 0 0 0 P 0 0 1120 2216.811891 0
0x00000461 64 0 0 0 P 0 0 1121 2218.811947 0
0x00000462 64 0 0 0 P 0 0 1122 2220.812219 0
0x00000463 64 0 0 0 P 0 0 1123 2222.812577 0
0x00000464 64 0 0 0 P 0 0 1124 2224.812968 0
0x00000465 64 0 0 0 I 0 0 1125 2226.813866 0
0x00000466 64 0 0 0 P 0 0 1126 2228.813749 0
0x00000467 64 0 0 0 P 0 0 1127 2230.814169 0
0x00000468 64 0 0 0 P 0 0 1128 2232.814374 0
0x00000469 64 0 0 0 P 0 0 1129 2234.814538 0
0x0000046a 64 0 0 0 P 0 0 1130 2236.815049 0
0x0000046b 64 0 0 0 P 0 0 1131 2238.815282 0
0x0000046c 64 0 0 0 P 0 0 1132 2240.815570 0
0x0000046d 64 0 0 0 P 0 0 1133 2242.815710 0
0x0000046e 64 0 0 0 P 0 0 1134 2244.816211 0
0x0000046f 64 0 0 0 P 0 0 1135 2246.817413 0
0x00000470 64 0 0 0 P 0 0 1136 2248.817633 0
0x00000471 64 0 0 0 P 0 0 1137 2250.818666 0
0x00000472 64 0 0 0 P 0 0 1138 2252.820584 0
0x00000473 64 0 0 0 P 0 0 1139 2254.821094 0
0x00000474 64 0 0 0 P 0 0 1140 2256.821268 0
0x00000475 64 0 0 0 P 0 0 1141 2258.821835 0
0x00000476 64 0 0 0 P 0 0 1142 2260.823216 0
0x00000477 64 0 0 0 P 0 0 1143 2262.823358 0
0x00000478 64 0 0 0 P 0 0 1144 2264.823937 0
0x00000479 64 0 0 0 P 0 0 1145 2266.824097 0
0x0000047a 64 0 0 0 P 0 0 1146 2268.824969 0
0x0000047b 64 0 0 0 P 0 0 1147 2270.826692 0
0x0000047c 64 0 0 0 P 0 0 1148 2272.827214 0
0x0000047d 64 0 0 0 P 0 0 1149 2274.827793 0
0x0000047e 64 0 0 0 I 0 0 1150 2276.830119 0
0x0000047f 64 0 0 0 P 0 0 1151 2278.832291 0
0x00000480 64 0 0 0 P 0 0 1152 2280.832074 0
0x00000481 64 0 0 0 P 0 0 1153 2282.836297 0
0x00000482 64 0 0 0 P 0 0 1154 2284.836340 0
0x00000483 64 0 0 0 P 0 0 1155 2286.835924 0
0x00000484 64 0 0 0 P 0 0 1156 2288.837327 0
0x00000485 64 0 0 0 P 0 0 1157 2290.839930 0
0x00000486 64 0 0 0 P 0 0 1158 2292.838297 0
0x00000487 64 0 0 0 P 0 0 1159 2294.838793 0
0x00000488 64 0 0 0 P 0 0 1160 2296.839358 0
0x00000489 64 0 0 0 P 0 0 1161 2298.839865 0
0x0000048a 64 0 0 0 P 0 0 1162 2300.840208 0
0x0000048b 64 0 0 0 P 0 0 1163 2302.840502 0
0x0000048c 64 0 0 0 P 0 0 1164 2304.840691 0
0x0000048d 64 0 0 0 P 0 0 1165 2306.842049 0
0x0000048e 64 0 0 0 P 0 0 1166 2308.842436 0
0x0000048f 64 0 0 0 P 0 0 1167 2310.844324 0
0x00000490 64 0 0 0 P 0 0 1168 2312.844469 0
0x00000491 64 0 0 0 P 0 0 1169 2314.845523 0
0x00000492 64 0 0 0 P 0 0 1170 2316.845478 0
0x00000493 64 0 0 0 P 0 0 1171 2318.845709 0
0x00000494 64 0 0 0 P 0 0 1172 2320.845909 0
0x00000495 64 0 0 0 P 0 0 1173 2322.846699 0
0x00000496 64 0 0 0 P 0 0 1174 2324.847574 0
0x00000497 64 0 0 0 I 0 0 1175 2326.847314 0
0x00000498 64 0 0 0 P 0 0 1176 2328.847803 0
0x00000499 64 0 0 0 P 0 0 1177 2330.848083 0
0x0000049a 64 0 0 0 P 0 0 1178 2332.848482 0
0x0000049b 64 0 0 0 P 0 0 1179 2334.850358 0
0x0000049c 64 0 0 0 P 0 0 1180 2336.849453 0
0x0000049d 64 0 0 0 P 0 0 1181 2338.849955 0
0x0000049e 64 0 0 0 P 0 0 1182 2340.850646 0
0x0000049f 64 0 0 0 P 0 0 1183 2342.851089 0
0x000004a0 64 0 0 0 P 0 0 1184 2344.851421 0
0x000004a1 64 0 0 0 P 0 0 1185 2346.851824 0
0x000004a2 64 0 0 0 P 0 0 1186 2348.852115 0
0x000004a3 64 0 0 0 P 0 0 1187 2350.852560 0
0x000004a4 64 0 0 0 P 0 0 1188 2352.852905 0
0x000004a5 64 0 0 0 P 0 0 1189 2354.853156 0
0x000004a6 64 0 0 0 P 0 0 1190 2356.853450 0
0x000004a7 64 0 0 0 P 0 0 1191 2358.853884 0
0x000004a8 64 0 0 0 P 0 0 1192 2360.854337 0
0x000004a9 64 0 0 0 P 0 0 1193 2362.854610 0
0x000004aa 64 0 0 0 P 0 0 1194 2364.855017 0
0x000004ab 64 0 0 0 P 0 0 1195 2366.855440 0
0x000004ac 64 0 0 0 P 0 0 1196 2368.855536 0
0x000004ad 64 0 0 0 P 0 0 1197 2370.858532 0
0x000004ae 64 0 0 0 P 0 0 1198 2372.857377 0
0x000004af 64 0 0 0 P 0 0 1199 2374.857131 0
0x000004b0 64 0 0 0 I 0 0 1200 2376.857306 0
0x000004b1 64 0 0 0 P 0 0 1201 2378.857421 0
0x000004b2 64 0 0 0 P 0 0 1202 2380.857816 0
0x000004b3 64 0 0 0 P 0 0 1203 2382.857855 0
0x000004b4 64 0 0 0 P 0 0 1204 2384.858102 0
0x000004b5 64 0 0 0 P 0 0 1205 2386.859284 0
0x000004b6 64 0 0 0 P 0 0 1206 2388.859363 0
0x000004b7 64 0 0 0 P 0 0 1207 2390.859895 0
0x000004b8 64 0 0 0 P 0 0 1208 2392.860258 0
0x000004b9 64 0 0 0 P 0 0 1209 2394.860590 0
0x000004ba 64 0 0 0 P 0 0 1210 2396.861166 0
0x000004bb 64 0 0 0 P 0 0 1211 2398.861484 0
0x000004bc 64 0 0 0 P 0 0 1212 2400.861931 0
0x000004bd 64 0 0 0 P 0 0 1213 2402.862865 0
0x000004be 64 0 0 0 P 0 0 1214 2404.863241 0
0x000004bf 64 0 0 0 P 0 0 1215 2406.864369 0
0x000004c0 64 0 0 0 P 0 0 1216 2408.865357 0
0x000004c1 64 0 0 0 P 0 0 1217 2410.865610 0
0x000004c2 64 0 0 0 P 0 0 1218 2412.868922 0
0x000004c3 64 0 0 0 P 0 0 1219 2414.867411 0
0x000004c4 64 0 0 0 P 0 0 1220 2416.867533 0
0x000004c5 64 0 0 0 P 0 0 1221 2418.868438 0
0x000004c6 64 0 0 0 P 0 0 1222 2420.867756 0
0x000004c7 64 0 0 0 P 0 0 1223 2422.870439 0
0x000004c8 64 0 0 0 P 0 0 1224 2424.869403 0
0x000004c9 64 0 0 0 I 0 0 1225 2426.869849 0
0x000004ca 64 0 0 0 P 0 0 1226 2428.871564 0
0x000004cb 64 0 0 0 P 0 0 1227 2430.871021 0
0x000004cc 64 0 0 0 P 0 0 1228 2432.871886 0
0x000004cd 64 0 0 0 P 0 0 1229 2434.873871 0
0x000004ce 64 0 0 0 P 0 0 1230 2436.874016 0
0x000004cf 64 0 0 0 P 0 0 1231 2438.874266 0
0x000004d0 64 0 0 0 P 0 0 1232 2440.874311 0
0x000004d1 64 0 0 0 P 0 0 1233 2442.874667 0
0x000004d2 64 0 0 0 P 0 0 1234 2444.877480 0
0x000004d3 64 0 0 0 P 0 0 1235 2446.876596 0
0x000004d4 64 0 0 0 P 0 0 1236 2448.877514 0
0x000004d5 64 0 0 0 P 0 0 1237 2450.878936 0
0x000004d6 64 0 0 0 P 0 0 1238 2452.878334 0
0x000004d7 64 0 0 0 P 0 0 1239 2454.879696 0
0x000004d8 64 0 0 0 P 0 0 1240 2456.880583 0
0x000004d9 64 0 0 0 P 0 0 1241 2458.880241 0
0x000004da 64 0 0 0 P 0 0 1242 2460.882387 0
0x000004db 64 0 0 0 P 0 0 1243 2462.881523 0
0x000004dc 64 0 0 0 P 0 0 1244 2464.885443 0
0x000004dd 64 0 0 0 P 0 0 1245 2466.886768 0
0x000004de 64 0 0 0 P 0 0 1246 2468.888161 0
0x000004df 64 0 0 0 P 0 0 1247 2470.887371 0
0x000004e0 64 0 0 0 P 0 0 1248 2472.888420 0
0x000004e1 64 0 0 0 P 0 0 1249 2474.890878 0
0x000004e2 64 0 0 0 I 0 0 1250 2476.891097 0
0x000004e3 64 0 0 0 P 0 0 1251 2478.892737 0
0x000004e4 64 0 0 0 P 0 0 1252 2480.892289 0
0x000004e5 64 0 0 0 P 0 0 1253 2482.892981 0
0x000004e6 64 0 0 0 P 0 0 1254 2484.896740 0
0x000004e7 64 0 0 0 P 0 0 1255 2486.896163 0
0x000004e8 64 0 0 0 P 0 0 1256 2488.897496 0
0x000004e9 64 0 0 0 P 0 0 1257 2490.896995 0
0x000004ea 64 0 0 0 P 0 0 1258 2492.897555 0
0x000004eb 64 0 0 0 P 0 0 1259 2494.897951 0
0x000004ec 64 0 0 0 P 0 0 1260 2496.898250 0
0x000004ed 64 0 0 0 P 0 0 1261 2498.898695 0
0x000004ee 64 0 0 0 P 0 0 1262 2500.899312 0
0x000004ef 64 0 0 0 P 0 0 1263 2502.901051 0
0x000004f0 64 0 0 0 P 0 0 1264 2504.901339 0
0x000004f1 64 0 0 0 P 0 0 1265 2506.902209 0
0x000004f2 64 0 0 0 P 0 0 1266 2508.902540 0
0x000004f3 64 0 0 0 P 0 0 1267 2510.904691 0
0x000004f4 64 0 0 0 P 0 0 1268 2512.905951 0
0x000004f5 64 0 0 0 P 0 0 1269 2514.908621 0
0x000004f6 64 0 0 0 P 0 0 1270 2516.912639 0
0x000004f7 64 0 0 0 P 0 0 1271 2518.910563 0
0x000004f8 64 0 0 0 P 0 0 1272 2520.911508 0
0x000004f9 64 0 0 0 P 0 0 1273 2522.911866 0
0x000004fa 64 0 0 0 P 0 0 1274 2524.912787 0
0x000004fb 64 0 0 0 I 0 0 1275 2526.913424 0
0x000004fc 64 0 0 0 P 0 0 1276 2528.913822 0
0x000004fd 64 0 0 0 P 0 0 1277 2530.914402 0
0x000004fe 64 0 0 0 P 0 0 1278 2532.914909 0
0x000004ff 64 0 0 0 P 0 0 1279 2534.915407 0
0x00000500 64 0 0 0 P 0 0 1280 2536.915831 0
0x00000501 64 0 0 0 P 0 0 1281 2538.916458 0
0x00000502 64 0 0 0 P 0 0 1282 2540.916652 0
0x00000503 64 0 0 0 P 0 0 1283 2542.917095 0
0x00000504 64 0 0 0 P 0 0 1284 2544.917904 0
0x00000505 64 0 0 0 P 0 0 1285 2546.918508 0
0x00000506 64 0 0 0 P 0 0 1286 2548.918786 0
0x00000507 64 0 0 0 P 0 0 1287 2550.919218 0
0x00000508 64 0 0 0 P 0 0 1288 2552.923216 0
0x00000509 64 0 0 0 P 0 0 1289 2554.922682 0
0x0000050a 64 0 0 0 P 0 0 1290 2556.923291 0
0x0000050b 64 0 0 0 P 0 0 1291 2558.924490 0
0x0000050c 64 0 0 0 P 0 0 1292 2560.925663 0
0x0000050d 64 0 0 0 P 0 0 1293 2562.925919 0
0x0000050e 64 0 0 0 P 0 0 1294 2564.926127 0
0x0000050f 64 0 0 0 P 0 0 1295 2566.927179 0
0x00000510 64 0 0 0 P 0 0 1296 2568.927468 0
0x00000511 64 0 0 0 P 0 0 1297 2570.928499 0
0x00000512 64 0 0 0 P 0 0 1298 2572.930665 0
0x00000513 64 0 0 0 P 0 0 1299 2574.930170 0
0x00000514 64 0 0 0 I 0 0 1300 2576.930366 0
0x00000515 64 0 0 0 P 0 0 1301 2578.931056 0
0x00000516 64 0 0 0 P 0 0 1302 2580.931347 0
0x00000517 64 0 0 0 P 0 0 1303 2582.931842 0
0x00000518 64 0 0 0 P 0 0 1304 2584.934490 0
0x00000519 64 0 0 0 P 0 0 1305 2586.934846 0
0x0000051a 64 0 0 0 P 0 0 1306 2588.936130 0
0x0000051b 64 0 0 0 P 0 0 1307 2590.936637 0
0x0000051c 64 0 0 0 P 0 0 1308 2592.937544 0
0x0000051d 64 0 0 0 P 0 0 1309 2594.939542 0
0x0000051e 64 0 0 0 P 0 0 1310 2596.939688 0
0x0000051f 64 0 0 0 P 0 0 1311 2598.941620 0
0x00000520 64 0 0 0 P 0 0 1312 2600.941394 0
0x00000521 64 0 0 0 P 0 0 1313 2602.943681 0
0x00000522 64 0 0 0 P 0 0 1314 2604.941586 0
0x00000523 64 0 0 0 P 0 0 1315 2606.943717 0
0x00000524 64 0 0 0 P 0 0 1316 2608.944318 0
0x00000525 64 0 0 0 P 0 0 1317 2610.945041 0
0x00000526 64 0 0 0 P 0 0 1318 2612.947553 0
0x00000527 64 0 0 0 P 0 0 1319 2614.949151 0
0x00000528 64 0 0 0 P 0 0 1320 2616.949888 0
0x00000529 64 0 0 0 P 0 0 1321 2618.950365 0
0x0000052a 64 0 0 0 P 0 0 1322 2620.950720 0
0x0000052b 64 0 0 0 P 0 0 1323 2622.951155 0
0x0000052c 64 0 0 0 P 0 0 1324 2624.952048 0
0x0000052d 64 0 0 0 I 0 0 1325 2626.952739 0
0x0000052e 64 0 0 0 P 0 0 1326 2628.955974 0
0x0000052f 64 0 0 0 P 0 0 1327 2630.954234 0
0x00000530 64 0 0 0 P 0 0 1328 2632.955397 0
0x00000531 64 0 0 0 P 0 0 1329 2634.955004 0
0x00000532 64 0 0 0 P 0 0 1330 2636.955744 0
0x00000533 64 0 0 0 P 0 0 1331 2638.958270 0
0x00000534 64 0 0 0 P 0 0 1332 2640.957474 0
0x00000535 64 0 0 0 P 0 0 1333 2642.957877 0
0x00000536 64 0 0 0 P 0 0 1334 2644.958526 0
0x00000537 64 0 0 0 P 0 0 1335 2646.958484 0
0x00000538 64 0 0 0 P 0 0 1336 2648.958639 0
0x00000539 64 0 0 0 P 0 0 1337 2650.959262 0
0x0000053a 64 0 0 0 P 0 0 1338 2652.965988 0
0x0000053b 64 0 0 0 P 0 0 1339 2654.961639 0
0x0000053c 64 0 0 0 P 0 0 1340 2656.962430 0
0x0000053d 64 0 0 0 P 0 0 1341 2658.962629 0
0x0000053e 64 0 0 0 P 0 0 1342 2660.963415 0
0x0000053f 64 0 0 0 P 0 0 1343 2662.964547 0
0x00000540 64 0 0 0 P 0 0 1344 2664.965629 0
0x00000541 64 0 0 0 P 0 0 1345 2666.966206 0
0x00000542 64 0 0 0 P 0 0 1346 2668.968255 0
0x00000543 64 0 0 0 P 0 0 1347 2670.969023 0
0x00000544 64 0 0 0 P 0 0 1348 2672.975160 0
0x00000545 64 0 0 0 P 0 0 1349 2674.969471 0
0x00000546 64 0 0 0 I 0 0 1350 2676.970591 0
0x00000547 64 0 0 0 P 0 0 1351 2678.970671 0
0x00000548 64 0 0 0 P 0 0 1352 2680.971051 0
0x00000549 64 0 0 0 P 0 0 1353 2682.971343 0
0x0000054a 64 0 0 0 P 0 0 1354 2684.971768 0
0x0000054b 64 0 0 0 P 0 0 1355 2686.973581 0
0x0000054c 64 0 0 0 P 0 0 1356 2688.974152 0
0x0000054d 64 0 0 0 P 0 0 1357 2690.974602 0
0x0000054e 64 0 0 0 P 0 0 1358 2692.974774 0
0x0000054f 64 0 0 0 P 0 0 1359 2694.975268 0
0x00000550 64 0 0 0 P 0 0 1360 2696.976269 0
0x00000551 64 0 0 0 P 0 0 1361 2698.976245 0
0x00000552 64 0 0 0 P 0 0 1362 2700.976839 0
0x00000553 64 0 0 0 P 0 0 1363 2702.978233 0
0x00000554 64 0 0 0 P 0 0 1364 2704.978378 0
0x00000555 64 0 0 0 P 0 0 1365 2706.979667 0
0x00000556 64 0 0 0 P 0 0 1366 2708.982526 0
0x00000557 64 0 0 0 P 0 0 1367 2710.980855 0
0x00000558 64 0 0 0 P 0 0 1368 2712.981564 0
0x00000559 64 0 0 0 P 0 0 1369 2714.981947 0
0x0000055a 64 0 0 0 P 0 0 1370 2716.983636 0
0x0000055b 64 0 0 0 P 0 0 1371 2718.982687 0
0x0000055c 64 0 0 0 P 0 0 1372 2720.983262 0
0x0000055d 64 0 0 0 P 0 0 1373 2722.983666 0
0x0000055e 64 0 0 0 P 0 0 1374 2724.984537 0
0x0000055f 64 0 0 0 I 0 0 1375 2726.984601 0
0x00000560 64 0 0 0 P 0 0 1376 2728.985301 0
0x00000561 64 0 0 0 P 0 0 1377 2730.986330 0
0x00000562 64 0 0 0 P 0 0 1378 2732.986800 0
0x00000563 64 0 0 0 P 0 0 1379 2734.987243 0
0x00000564 64 0 0 0 P 0 0 1380 2736.987504 0
0x00000565 64 0 0 0 P 0 0 1381 2738.988765 0
0x00000566 64 0 0 0 P 0 0 1382 2740.988630 0
0x00000567 64 0 0 0 P 0 0 1383 2742.989223 0
0x00000568 64 0 0 0 P 0 0 1384 2744.990206 0
0x00000569 64 0 0 0 P 0 0 1385 2746.990239 0
0x0000056a 64 0 0 0 P 0 0 1386 2748.991513 0
0x0000056b 64 0 0 0 P 0 0 1387 2751.008233 0
0x0000056c 64 0 0 0 P 0 0 1388 2752.993386 0
0x0000056d 64 0 0 0 P 0 0 1389 2754.994145 0
0x0000056e 64 0 0 0 P 0 0 1390 2756.994836 0
0x0000056f 64 0 0 0 P 0 0 1391 2758.996116 0
0x00000570 64 0 0 0 P 0 0 1392 2760.995820 0
0x00000571 64 0 0 0 P 0 0 1393 2763.008852 0
0x00000572 64 0 0 0 P 0 0 1394 2764.997947 0
0x00000573 64 0 0 0 P 0 0 1395 2766.998372 0
0x00000574 64 0 0 0 P 0 0 1396 2768.999817 0
0x00000575 64 0 0 0 P 0 0 1397 2771.000181 0
0x00000576 64 0 0 0 P 0 0 1398 2773.003247 0
0x00000577 64 0 0 0 P 0 0 1399 2775.002953 0
0x00000578 64 0 0 0 I 0 0 1400 2777.003194 0
0x00000579 64 0 0 0 P 0 0 1401 2779.003597 0
0x0000057a 64 0 0 0 P 0 0 1402 2781.004526 0
0x0000057b 64 0 0 0 P 0 0 1403 2783.005130 0
0x0000057c 64 0 0 0 P 0 0 1404 2785.007136 0
0x0000057d 64 0 0 0 P 0 0 1405 2787.014766 0
0x0000057e 64 0 0 0 P 0 0 1406 2789.011714 0
0x0000057f 64 0 0 0 P 0 0 1407 2791.013294 0
0x00000580 64 0 0 0 P 0 0 1408 2793.014373 0
0x00000581 64 0 0 0 P 0 0 1409 2795.014603 0
0x00000582 64 0 0 0 P 0 0 1410 2797.015849 0
0x00000583 64 0 0 0 P 0 0 1411 2799.017538 0
0x00000584 64 0 0 0 P 0 0 1412 2801.020325 0
0x00000585 64 0 0 0 P 0 0 1413 2803.020895 0
0x00000586 64 0 0 0 P 0 0 1414 2805.020844 0
0x00000587 64 0 0 0 P 0 0 1415 2807.021550 0
0x00000588 64 0 0 0 P 0 0 1416 2809.021959 0
0x00000589 64 0 0 0 P 0 0 1417 2811.025546 0
0x0000058a 64 0 0 0 P 0 0 1418 2813.024242 0
0x0000058b 64 0 0 0 P 0 0 1419 2815.024864 0
0x0000058c 64 0 0 0 P 0 0 1420 2817.025260 0
0x0000058d 64 0 0 0 P 0 0 1421 2819.025514 0
0x0000058e 64 0 0 0 P 0 0 1422 2821.025994 0
0x0000058f 64 0 0 0 P 0 0 1423 2823.026045 0
0x00000590 64 0 0 0 P 0 0 1424 2825.026343 0
0x00000591 64 0 0 0 I 0 0 1425 2827.026832 0
0x00000592 64 0 0 0 P 0 0 1426 2829.028086 0
0x00000593 64 0 0 0 P 0 0 1427 2831.028304 0
0x00000594 64 0 0 0 P 0 0 1428 2833.029107 0
0x00000595 64 0 0 0 P 0 0 1429 2835.029465 0
0x00000596 64 0 0 0 P 0 0 1430 2837.029847 0
0x00000597 64 0 0 0 P 0 0 1431 2839.030537 0
0x00000598 64 0 0 0 P 0 0 1432 2841.032385 0
0x00000599 64 0 0 0 P 0 0 1433 2843.032449 0
0x0000059a 64 0 0 0 P 0 0 1434 2845.034335 0
0x0000059b 64 0 0 0 P 0 0 1435 2847.033366 0
0x0000059c 64 0 0 0 P 0 0 1436 2849.034051 0
0x0000059d 64 0 0 0 P 0 0 1437 2851.036452 0
0x0000059e 64 0 0 0 P 0 0 1438 2853.037106 0
0x0000059f 64 0 0 0 P 0 0 1439 2855.039492 0
0x000005a0 64 0 0 0 P 0 0 1440 2857.039899 0
0x000005a1 64 0 0 0 P 0 0 1441 2859.047132 0
0x000005a2 64 0 0 0 P 0 0 1442 2861.041263 0
0x000005a3 64 0 0 0 P 0 0 1443 2863.041602 0
0x000005a4 64 0 0 0 P 0 0 1444 2865.051336 0
0x000005a5 64 0 0 0 P 0 0 1445 2867.042432 0
0x000005a6 64 0 0 0 P 0 0 1446 2869.043152 0
0x000005a7 64 0 0 0 P 0 0 1447 2871.044535 0
0x000005a8 64 0 0 0 P 0 0 1448 2873.046554 0
0x000005a9 64 0 0 0 P 0 0 1449 2875.046685 0
0x000005aa 64 0 0 0 I 0 0 1450 2877.047031 0
0x000005ab 64 0 0 0 P 0 0 1451 2879.047659 0
0x000005ac 64 0 0 0 P 0 0 1452 2881.049851 0
0x000005ad 64 0 0 0 P 0 0 1453 2883.048079 0
0x000005ae 64 0 0 0 P 0 0 1454 2885.051681 0
0x000005af 64 0 0 0 P 0 0 1455 2887.051738 0
0x000005b0 64 0 0 0 P 0 0 1456 2889.055246 0
0x000005b1 64 0 0 0 P 0 0 1457 2891.055035 0
0x000005b2 64 0 0 0 P 0 0 1458 2893.054674 0
0x000005b3 64 0 0 0 P 0 0 1459 2895.055234 0
0x000005b4 64 0 0 0 P 0 0 1460 2897.056384 0
0x000005b5 64 0 0 0 P 0 0 1461 2899.056532 0
0x000005b6 64 0 0 0 P 0 0 1462 2901.057105 0
0x000005b7 64 0 0 0 P 0 0 1463 2903.058089 0
0x000005b8 64 0 0 0 P 0 0 1464 2905.058167 0
0x000005b9 64 0 0 0 P 0 0 1465 2907.058459 0
0x000005ba 64 0 0 0 P 0 0 1466 2909.064601 0
0x000005bb 64 0 0 0 P 0 0 1467 2911.064174 0
0x000005bc 64 0 0 0 P 0 0 1468 2913.065756 0
0x000005bd 64 0 0 0 P 0 0 1469 2915.067840 0
0x000005be 64 0 0 0 P 0 0 1470 2917.065500 0
0x000005bf 64 0 0 0 P 0 0 1471 2919.068183 0
0x000005c0 64 0 0 0 P 0 0 1472 2921.066465 0
0x000005c1 64 0 0 0 P 0 0 1473 2923.066976 0
0x000005c2 64 0 0 0 P 0 0 1474 2925.071507 0
0x000005c3 64 0 0 0 I 0 0 1475 2927.068219 0
0x000005c4 64 0 0 0 P 0 0 1476 2929.068437 0
0x000005c5 64 0 0 0 P 0 0 1477 2931.068935 0
0x000005c6 64 0 0 0 P 0 0 1478 2933.069308 0
0x000005c7 64 0 0 0 P 0 0 1479 2935.070994 0
0x000005c8 64 0 0 0 P 0 0 1480 2937.071509 0
0x000005c9 64 0 0 0 P 0 0 1481 2939.072572 0
0x000005ca 64 0 0 0 P 0 0 1482 2941.072563 0
0x000005cb 64 0 0 0 P 0 0 1483 2943.073098 0
0x000005cc 64 0 0 0 P 0 0 1484 2945.076136 0
0x000005cd 64 0 0 0 P 0 0 1485 2947.074255 0
0x000005ce 64 0 0 0 P 0 0 1486 2949.074597 0
0x000005cf 64 0 0 0 P 0 0 1487 2951.075782 0
0x000005d0 64 0 0 0 P 0 0 1488 2953.075571 0
0x000005d1 64 0 0 0 P 0 0 1489 2955.076177 0
0x000005d2 64 0 0 0 P 0 0 1490 2957.077100 0
0x000005d3 64 0 0 0 P 0 0 1491 2959.077345 0
0x000005d4 64 0 0 0 P 0 0 1492 2961.079105 0
0x000005d5 64 0 0 0 P 0 0 1493 2963.078140 0
0x000005d6 64 0 0 0 P 0 0 1494 2965.078578 0
0x000005d7 64 0 0 0 P 0 0 1495 2967.079027 0
0x000005d8 64 0 0 0 P 0 0 1496 2969.080842 0
0x000005d9 64 0 0 0 P 0 0 1497 2971.081717 0
0x000005da 64 0 0 0 P 0 0 1498 2973.082682 0
0x000005db 64 0 0 0 P 0 0 1499 2975.085466 0
0x000005dc 64 0 0 0 I 0 0 1500 2977.085684 0
0x000005dd 64 0 0 0 P 0 0 1501 2979.086520 0
0x000005de 64 0 0 0 P 0 0 1502 2981.087804 0
0x000005df 64 0 0 0 P 0 0 1503 2983.087499 0
0x000005e0 64 0 0 0 P 0 0 1504 2985.088142 0
0x000005e1 64 0 0 0 P 0 0 1505 2987.088838 0
0x000005e2 64 0 0 0 P 0 0 1506 2989.089347 0
0x000005e3 64 0 0 0 P 0 0 1507 2991.089672 0
0x000005e4 64 0 0 0 P 0 0 1508 2993.090951 0
0x000005e5 64 0 0 0 P 0 0 1509 2995.090781 0
0x000005e6 64 0 0 0 P 0 0 1510 2997.091771 0
0x000005e7 64 0 0 0 P 0 0 1511 2999.092433 0
0x000005e8 64 0 0 0 P 0 0 1512 3001.093179 0
0x000005e9 64 0 0 0 P 0 0 1513 3003.094823 0
0x000005ea 64 0 0 0 P 0 0 1514 3005.094086 0
0x000005eb 64 0 0 0 P 0 0 1515 3007.095736 0
0x000005ec 64 0 0 0 P 0 0 1516 3009.096065 0
0x000005ed 64 0 0 0 P 0 0 1517 3011.097957 0
0x000005ee 64 0 0 0 P 0 0 1518 3013.098785 0
0x000005ef 64 0 0 0 P 0 0 1519 3015.099384 0
0x000005f0 64 0 0 0 P 0 0 1520 3017.099837 0
0x000005f1 64 0 0 0 P 0 0 1521 3019.100476 0
0x000005f2 64 0 0 0 P 0 0 1522 3021.101310 0
0x000005f3 64 0 0 0 P 0 0 1523 3023.101502 0
0x000005f4 64 0 0 0 P 0 0 1524 3025.101935 0
0x000005f5 64 0 0 0 I 0 0 1525 3027.103443 0
0x000005f6 64 0 0 0 P 0 0 1526 3029.105487 0
0x000005f7 64 0 0 0 P 0 0 1527 3031.105836 0
0x000005f8 64 0 0 0 P 0 0 1528 3033.105210 0
0x000005f9 64 0 0 0 P 0 0 1529 3035.106546 0
0x000005fa 64 0 0 0 P 0 0 1530 3037.105844 0
0x000005fb 64 0 0 0 P 0 0 1531 3039.106179 0
0x000005fc 64 0 0 0 P 0 0 1532 3041.106664 0
0x000005fd 64 0 0 0 P 0 0 1533 3043.107713 0
0x000005fe 64 0 0 0 P 0 0 1534 3045.107523 0
0x000005ff 64 0 0 0 P 0 0 1535 3047.108398 0
0x00000600 64 0 0 0 P 0 0 1536 3049.108419 0
0x00000601 64 0 0 0 P 0 0 1537 3051.109733 0
0x00000602 64 0 0 0 P 0 0 1538 3053.109739 0
0x00000603 64 0 0 0 P 0 0 1539 3055.111399 0
0x00000604 64 0 0 0 P 0 0 1540 3057.111806 0
0x00000605 64 0 0 0 P 0 0 1541 3059.112522 0
0x00000606 64 0 0 0 P 0 0 1542 3061.112878 0
0x00000607 64 0 0 0 P 0 0 1543 3063.114182 0
0x00000608 64 0 0 0 P 0 0 1544 3065.113587 0
0x00000609 64 0 0 0 P 0 0 1545 3067.114212 0
0x0000060a 64 0 0 0 P 0 0 1546 3069.114996 0
0x0000060b 64 0 0 0 P 0 0 1547 3071.116680 0
0x0000060c 64 0 0 0 P 0 0 1548 3073.116150 0
0x0000060d 64 0 0 0 P 0 0 1549 3075.116644 0
0x0000060e 64 0 0 0 I 0 0 1550 3077.117388 0
0x0000060f 64 0 0 0 P 0 0 1551 3079.117778 0
0x00000610 64 0 0 0 P 0 0 1552 3081.117897 0
0x00000611 64 0 0 0 P 0 0 1553 3083.119091 0
0x00000612 64 0 0 0 P 0 0 1554 3085.119360 0
0x00000613 64 0 0 0 P 0 0 1555 3087.121014 0
0x00000614 64 0 0 0 P 0 0 1556 3089.121239 0
0x00000615 64 0 0 0 P 0 0 1557 3091.121622 0
0x00000616 64 0 0 0 P 0 0 1558 3093.122127 0
0x00000617 64 0 0 0 P 0 0 1559 3095.124944 0
0x00000618 64 0 0 0 P 0 0 1560 3097.126160 0
0x00000619 64 0 0 0 P 0 0 1561 3099.125277 0
0x0000061a 64 0 0 0 P 0 0 1562 3101.125673 0
0x0000061b 64 0 0 0 P 0 0 1563 3103.126453 0
0x0000061c 64 0 0 0 P 0 0 1564 3105.127339 0
0x0000061d 64 0 0 0 P 0 0 1565 3107.135164 0
0x0000061e 64 0 0 0 P 0 0 1566 3109.129408 0
0x0000061f 64 0 0 0 P 0 0 1567 3111.130235 0
0x00000620 64 0 0 0 P 0 0 1568 3113.130667 0
0x00000621 64 0 0 0 P 0 0 1569 3115.130944 0
0x00000622 64 0 0 0 P 0 0 1570 3117.131520 0
0x00000623 64 0 0 0 P 0 0 1571 3119.143356 0
0x00000624 64 0 0 0 P 0 0 1572 3121.134386 0
0x00000625 64 0 0 0 P 0 0 1573 3123.136673 0
0x00000626 64 0 0 0 P 0 0 1574 3125.137680 0
0x00000627 64 0 0 0 I 0 0 1575 3127.138052 0
0x00000628 64 0 0 0 P 0 0 1576 3129.138891 0
0x00000629 64 0 0 0 P 0 0 1577 3131.139373 0
0x0000062a 64 0 0 0 P 0 0 1578 3133.141079 0
0x0000062b 64 0 0 0 P 0 0 1579 3135.139843 0
0x0000062c 64 0 0 0 P 0 0 1580 3137.144913 0
0x0000062d 64 0 0 0 P 0 0 1581 3139.143545 0
0x0000062e 64 0 0 0 P 0 0 1582 3141.144765 0
0x0000062f 64 0 0 0 P 0 0 1583 3143.144529 0
0x00000630 64 0 0 0 P 0 0 1584 3145.144813 0
0x00000631 64 0 0 0 P 0 0 1585 3147.145746 0
0x00000632 64 0 0 0 P 0 0 1586 3149.145643 0
0x00000633 64 0 0 0 P 0 0 1587 3151.146700 0
0x00000634 64 0 0 0 P 0 0 1588 3153.146361 0
0x00000635 64 0 0 0 P 0 0 1589 3155.155114 0
0x00000636 64 0 0 0 P 0 0 1590 3157.148393 0
0x00000637 64 0 0 0 P 0 0 1591 3159.148650 0
0x00000638 64 0 0 0 P 0 0 1592 3161.149242 0
0x00000639 64 0 0 0 P 0 0 1593 3163.150072 0
0x0000063a 64 0 0 0 P 0 0 1594 3165.150187 0
0x0000063b 64 0 0 0 P 0 0 1595 3167.150507 0
0x0000063c 64 0 0 0 P 0 0 1596 3169.151619 0
0x0000063d 64 0 0 0 P 0 0 1597 3171.152321 0
0x0000063e 64 0 0 0 P 0 0 1598 3173.155393 0
0x0000063f 64 0 0 0 P 0 0 1599 3175.153275 0
0x00000640 64 0 0 0 I 0 0 1600 3177.153878 0
0x00000641 64 0 0 0 P 0 0 1601 3179.154303 0
0x00000642 64 0 0 0 P 0 0 1602 3181.156580 0
0x00000643 64 0 0 0 P 0 0 1603 3183.157012 0
0x00000644 64 0 0 0 P 0 0 1604 3185.157450 0
0x00000645 64 0 0 0 P 0 0 1605 3187.159975 0
0x00000646 64 0 0 0 P 0 0 1606 3189.159957 0
0x00000647 64 0 0 0 P 0 0 1607 3191.161945 0
0x00000648 64 0 0 0 P 0 0 1608 3193.165078 0
0x00000649 64 0 0 0 P 0 0 1609 3195.164437 0
0x0000064a 64 0 0 0 P 0 0 1610 3197.169627 0
0x0000064b 64 0 0 0 P 0 0 1611 3199.164281 0
0x0000064c 64 0 0 0 P 0 0 1612 3201.164863 0
0x0000064d 64 0 0 0 P 0 0 1613 3203.172908 0
0x0000064e 64 0 0 0 P 0 0 1614 3205.171578 0
0x0000064f 64 0 0 0 P 0 0 1615 3207.171819 0
0x00000650 64 0 0 0 P 0 0 1616 3209.172179 0
0x00000651 64 0 0 0 P 0 0 1617 3211.173761 0
0x00000652 64 0 0 0 P 0 0 1618 3213.174437 0
0x00000653 64 0 0 0 P 0 0 1619 3215.174525 0
0x00000654 64 0 0 0 P 0 0 1620 3217.175079 0
0x00000655 64 0 0 0 P 0 0 1621 3219.175190 0
0x00000656 64 0 0 0 P 0 0 1622 3221.175658 0
0x00000657 64 0 0 0 P 0 0 1623 3223.176303 0
0x00000658 64 0 0 0 P 0 0 1624 3225.176791 0
0x00000659 64 0 0 0 I 0 0 1625 3227.188968 0
0x0000065a 64 0 0 0 P 0 0 1626 3229.180004 0
0x0000065b 64 0 0 0 P 0 0 1627 3231.181993 0
0x0000065c 64 0 0 0 P 0 0 1628 3233.182884 0
0x0000065d 64 0 0 0 P 0 0 1629 3235.184987 0
0x0000065e 64 0 0 0 P 0 0 1630 3237.185255 0
0x0000065f 64 0 0 0 P 0 0 1631 3239.185853 0
0x00000660 64 0 0 0 P 0 0 1632 3241.187409 0
0x00000661 64 0 0 0 P 0 0 1633 3243.188084 0
0x00000662 64 0 0 0 P 0 0 1634 3245.190522 0
0x00000663 64 0 0 0 P 0 0 1635 3247.189880 0
0x00000664 64 0 0 0 P 0 0 1636 3249.190499 0
0x00000665 64 0 0 0 P 0 0 1637 3251.190775 0
0x00000666 64 0 0 0 P 0 0 1638 3253.192547 0
0x00000667 64 0 0 0 P 0 0 1639 3255.191700 0
0x00000668 64 0 0 0 P 0 0 1640 3257.191981 0
0x00000669 64 0 0 0 P 0 0 1641 3259.193055 0
0x0000066a 64 0 0 0 P 0 0 1642 3261.193494 0
0x0000066b 64 0 0 0 P 0 0 1643 3263.194244 0
0x0000066c 64 0 0 0 P 0 0 1644 3265.195007 0
0x0000066d 64 0 0 0 P 0 0 1645 3267.194966 0
0x0000066e 64 0 0 0 P 0 0 1646 3269.195233 0
0x0000066f 64 0 0 0 P 0 0 1647 3271.196113 0
0x00000670 64 0 0 0 P 0 0 1648 3273.196726 0
0x00000671 64 0 0 0 P 0 0 1649 3275.197354 0
0x00000672 64 0 0 0 I 0 0 1650 3277.198221 0
0x00000673 64 0 0 0 P 0 0 1651 3279.198558 0
0x00000674 64 0 0 0 P 0 0 1652 3281.201400 0
0x00000675 64 0 0 0 P 0 0 1653 3283.201669 0
0x00000676 64 0 0 0 P 0 0 1654 3285.202773 0
0x00000677 64 0 0 0 P 0 0 1655 3287.202740 0
0x00000678 64 0 0 0 P 0 0 1656 3289.204144 0
0x00000679 64 0 0 0 P 0 0 1657 3291.204257 0
0x0000067a 64 0 0 0 P 0 0 1658 3293.209427 0
0x0000067b 64 0 0 0 P 0 0 1659 3295.205142 0
0x0000067c 64 0 0 0 P 0 0 1660 3297.205548 0
0x0000067d 64 0 0 0 P 0 0 1661 3299.207812 0
0x0000067e 64 0 0 0 P 0 0 1662 3301.207751 0
0x0000067f 64 0 0 0 P 0 0 1663 3303.208304 0
0x00000680 64 0 0 0 P 0 0 1664 3305.208522 0
0x00000681 64 0 0 0 P 0 0 1665 3307.209190 0
0x00000682 64 0 0 0 P 0 0 1666 3309.210132 0
0x00000683 64 0 0 0 P 0 0 1667 3311.210390 0
0x00000684 64 0 0 0 P 0 0 1668 3313.214365 0
0x00000685 64 0 0 0 P 0 0 1669 3315.211078 0
0x00000686 64 0 0 0 P 0 0 1670 3317.211677 0
0x00000687 64 0 0 0 P 0 0 1671 3319.212464 0
0x00000688 64 0 0 0 P 0 0 1672 3321.212804 0
0x00000689 64 0 0 0 P 0 0 1673 3323.213192 0
0x0000068a 64 0 0 0 P 0 0 1674 3325.213967 0
0x0000068b 64 0 0 0 I 0 0 1675 3327.214267 0
0x0000068c 64 0 0 0 P 0 0 1676 3329.215063 0
0x0000068d 64 0 0 0 P 0 0 1677 3331.215604 0
0x0000068e 64 0 0 0 P 0 0 1678 3333.216849 0
0x0000068f 64 0 0 0 P 0 0 1679 3335.217882 0
0x00000690 64 0 0 0 P 0 0 1680 3337.217987 0
0x00000691 64 0 0 0 P 0 0 1681 3339.222094 0
0x00000692 64 0 0 0 P 0 0 1682 3341.218987 0
0x00000693 64 0 0 0 P 0 0 1683 3343.219624 0
0x00000694 64 0 0 0 P 0 0 1684 3345.220101 0
0x00000695 64 0 0 0 P 0 0 1685 3347.221535 0
0x00000696 64 0 0 0 P 0 0 1686 3349.221505 0
0x00000697 64 0 0 0 P 0 0 1687 3351.224056 0
0x00000698 64 0 0 0 P 0 0 1688 3353.225338 0
0x00000699 64 0 0 0 P 0 0 1689 3355.226197 0
0x0000069a 64 0 0 0 P 0 0 1690 3357.226401 0
0x0000069b 64 0 0 0 P 0 0 1691 3359.227318 0
0x0000069c 64 0 0 0 P 0 0 1692 3361.227537 0
0x0000069d 64 0 0 0 P 0 0 1693 3363.228002 0
0x0000069e 64 0 0 0 P 0 0 1694 3365.228716 0
0x0000069f 64 0 0 0 P 0 0 1695 3367.229423 0
0x000006a0 64 0 0 0 P 0 0 1696 3369.229604 0
0x000006a1 64 0 0 0 P 0 0 1697 3371.229976 0
0x000006a2 64 0 0 0 P 0 0 1698 3373.231053 0
0x000006a3 64 0 0 0 P 0 0 1699 3375.231457 0
0x000006a4 64 0 0 0 I 0 0 1700 3377.232742 0
0x000006a5 64 0 0 0 P 0 0 1701 3379.233028 0
0x000006a6 64 0 0 0 P 0 0 1702 3381.233694 0
0x000006a7 64 0 0 0 P 0 0 1703 3383.246585 0
0x000006a8 64 0 0 0 P 0 0 1704 3385.234790 0
0x000006a9 64 0 0 0 P 0 0 1705 3387.238032 0
0x000006aa 64 0 0 0 P 0 0 1706 3389.239902 0
0x000006ab 64 0 0 0 P 0 0 1707 3391.240879 0
0x000006ac 64 0 0 0 P 0 0 1708 3393.239621 0
0x000006ad 64 0 0 0 P 0 0 1709 3395.240029 0
0x000006ae 64 0 0 0 P 0 0 1710 3397.240635 0
0x000006af 64 0 0 0 P 0 0 1711 3399.241842 0
0x000006b0 64 0 0 0 P 0 0 1712 3401.241631 0
0x000006b1 64 0 0 0 P 0 0 1713 3403.244181 0
0x000006b2 64 0 0 0 P 0 0 1714 3405.243351 0
0x000006b3 64 0 0 0 P 0 0 1715 3407.243694 0
0x000006b4 64 0 0 0 P 0 0 1716 3409.245405 0
0x000006b5 64 0 0 0 P 0 0 1717 3411.244970 0
0x000006b6 64 0 0 0 P 0 0 1718 3413.245421 0
0x000006b7 64 0 0 0 P 0 0 1719 3415.245842 0
0x000006b8 64 0 0 0 P 0 0 1720 3417.246590 0
0x000006b9 64 0 0 0 P 0 0 1721 3419.246790 0
0x000006ba 64 0 0 0 P 0 0 1722 3421.248547 0
0x000006bb 64 0 0 0 P 0 0 1723 3423.248674 0
0x000006bc 64 0 0 0 P 0 0 1724 3425.250466 0
0x000006bd 64 0 0 0 I 0 0 1725 3427.250621 0
0x000006be 64 0 0 0 P 0 0 1726 3429.251477 0
0x000006bf 64 0 0 0 P 0 0 1727 3431.251979 0
0x000006c0 64 0 0 0 P 0 0 1728 3433.253020 0
0x000006c1 64 0 0 0 P 0 0 1729 3435.253418 0
0x000006c2 64 0 0 0 P 0 0 1730 3437.254029 0
0x000006c3 64 0 0 0 P 0 0 1731 3439.255342 0
0x000006c4 64 0 0 0 P 0 0 1732 3441.254795 0
0x000006c5 64 0 0 0 P 0 0 1733 3443.255104 0
0x000006c6 64 0 0 0 P 0 0 1734 3445.255826 0
0x000006c7 64 0 0 0 P 0 0 1735 3447.256250 0
0x000006c8 64 0 0 0 P 0 0 1736 3449.257961 0
0x000006c9 64 0 0 0 P 0 0 1737 3451.258580 0
0x000006ca 64 0 0 0 P 0 0 1738 3453.259848 0
0x000006cb 64 0 0 0 P 0 0 1739 3455.259778 0
0x000006cc 64 0 0 0 P 0 0 1740 3457.260424 0
0x000006cd 64 0 0 0 P 0 0 1741 3459.262023 0
0x000006ce 64 0 0 0 P 0 0 1742 3461.264244 0
0x000006cf 64 0 0 0 P 0 0 1743 3463.266179 0
0x000006d0 64 0 0 0 P 0 0 1744 3465.266060 0
0x000006d1 64 0 0 0 P 0 0 1745 3467.266446 0
0x000006d2 64 0 0 0 P 0 0 1746 3469.267349 0
0x000006d3 64 0 0 0 P 0 0 1747 3471.268799 0
0x000006d4 64 0 0 0 P 0 0 1748 3473.269117 0
0x000006d5 64 0 0 0 P 0 0 1749 3475.280284 0
0x000006d6 64 0 0 0 I 0 0 1750 3477.271579 0
0x000006d7 64 0 0 0 P 0 0 1751 3479.271768 0
0x000006d8 64 0 0 0 P 0 0 1752 3481.272503 0
0x000006d9 64 0 0 0 P 0 0 1753 3483.272984 0
0x000006da 64 0 0 0 P 0 0 1754 3485.273969 0
0x000006db 64 0 0 0 P 0 0 1755 3487.287141 0
0x000006dc 64 0 0 0 P 0 0 1756 3489.275513 0
0x000006dd 64 0 0 0 P 0 0 1757 3491.275988 0
0x000006de 64 0 0 0 P 0 0 1758 3493.278392 0
0x000006df 64 0 0 0 P 0 0 1759 3495.277719 0
0x000006e0 64 0 0 0 P 0 0 1760 3497.279038 0
0x000006e1 64 0 0 0 P 0 0 1761 3499.287604 0
0x000006e2 64 0 0 0 P 0 0 1762 3501.282564 0
0x000006e3 64 0 0 0 P 0 0 1763 3503.283435 0
0x000006e4 64 0 0 0 P 0 0 1764 3505.285386 0
0x000006e5 64 0 0 0 P 0 0 1765 3507.285737 0
0x000006e6 64 0 0 0 P 0 0 1766 3509.285843 0
0x000006e7 64 0 0 0 P 0 0 1767 3511.289821 0
0x000006e8 64 0 0 0 P 0 0 1768 3513.289449 0
0x000006e9 64 0 0 0 P 0 0 1769 3514.682748 0
0x000006ea 64 0 0 0 P 0 0 1770 3514.682983 0
0x000006eb 64 0 0 0 P 0 0 1771 3514.683914 0
0x000006ec 64 0 0 0 P 0 0 1772 3514.710747 0
