# Slice: URLLC | 10.215.173.1:49006 -> 112.217.128.200:10050 (UDP)
# offset_sec  packet_size_bytes
0.000 2654
1.000 12320
2.000 23428
3.000 19434
4.000 18936
5.000 18892
6.000 15907
7.000 15696
8.000 18112
9.000 23718
10.000 18502
11.000 23166
12.000 19742
13.000 16578
14.000 14882
15.000 14484
16.000 15709
17.000 15774
18.000 15130
19.000 18624
20.000 15324
21.000 14860
22.000 16688
23.000 14016
24.000 15226
25.000 17316
26.000 16594
27.000 15246
28.000 15932
29.000 15064
30.000 15996
31.000 14860
32.000 18074
33.000 18388
34.000 15206
35.000 14286
36.000 15032
37.000 14994
38.000 16036
39.000 14876
40.000 15082
41.000 16018
42.000 16025
43.000 15893
44.000 14946
45.000 15130
46.000 17844
47.000 15318
48.000 15654
49.000 15642
50.000 15150
51.000 16556
52.000 14350
53.000 16206
54.000 19884
55.000 17416
56.000 15082
57.000 14978
58.000 16824
59.000 15860
60.000 14216
61.000 16698
62.000 19558
63.000 16474
64.000 16418
65.000 14390
66.000 15775
67.000 18660
68.000 15844
69.000 17392
70.000 17258
71.000 15150
72.000 15774
73.000 17960
74.000 15862
75.000 15656
76.000 16049
77.000 15858
78.000 14996
79.000 15222
80.000 15428
81.000 24776
82.000 23788
83.000 19862
84.000 15048
85.000 16552
86.000 22212
87.000 18030
88.000 24922
89.000 16430
90.000 19022
91.000 25472
92.000 16066
93.000 20048
94.000 21392
95.000 17798
96.000 15542
97.000 17516
98.000 17110
99.000 15544
100.000 15748
101.000 16776
102.000 17064
103.000 19514
104.000 16750
105.000 18018
106.000 21874
107.000 22866
108.000 17890
109.000 21828
110.000 20544
111.000 24330
112.000 25034
113.000 22916
114.000 17678
115.000 15246
116.000 18204
117.000 18204
118.000 21782
119.000 16062
120.000 16556
121.000 20068
122.000 17818
123.000 18288
124.000 17540
125.000 16832
126.000 16632
127.000 18028
128.000 19986
129.000 20100
130.000 21080
131.000 17160
132.000 16822
133.000 15276
134.000 16796
135.000 21218
136.000 20774
137.000 22178
138.000 17606
139.000 16154
140.000 19312
141.000 19302
142.000 17522
143.000 19354
144.000 18628
145.000 20582
146.000 17618
147.000 18228
148.000 20314
149.000 16942
150.000 16902
151.000 16344
152.000 17596
153.000 21028
154.000 19370
155.000 18258
156.000 15128
157.000 14932
158.000 16922
159.000 19270
160.000 17038
161.000 16584
162.000 16968
163.000 17528
164.000 15911
165.000 20952
166.000 15484
167.000 14402
168.000 16612
169.000 14282
170.000 16011
171.000 17070
172.000 16578
173.000 15869
174.000 16118
175.000 19062
176.000 16806
177.000 15128
178.000 17994
179.000 25440
180.000 18502
181.000 18600
182.000 19902
183.000 15598
184.000 16344
185.000 16124
186.000 17220
187.000 16690
188.000 15128
189.000 14216
190.000 15064
191.000 19750
192.000 19196
193.000 17294
194.000 19162
195.000 20404
196.000 21810
197.000 20302
198.000 22678
199.000 18416
200.000 21902
201.000 20846
202.000 18566
203.000 19346
204.000 15872
205.000 18080
206.000 21216
207.000 17960
208.000 22096
209.000 18334
210.000 22876
211.000 19236
212.000 21302
213.000 22656
214.000 24964
215.000 19796
216.000 21720
217.000 21964
218.000 19240
219.000 19908
220.000 19598
221.000 19896
222.000 20610
223.000 25960
224.000 21990
225.000 19134
226.000 20558
227.000 22752
228.000 20794
229.000 19876
230.000 22642
231.000 20770
232.000 25124
233.000 18082
234.000 23408
235.000 28312
236.000 19744
237.000 19636
238.000 19680
239.000 19820
240.000 21510
241.000 17302
242.000 20042
243.000 20212
244.000 19356
245.000 18394
246.000 20974
247.000 20818
248.000 20360
249.000 20838
250.000 18400
251.000 20314
252.000 18548
253.000 17664
254.000 21164
255.000 23460
256.000 20918
257.000 23176
258.000 21546
259.000 23768
260.000 21234
261.000 21172
262.000 22002
263.000 20058
264.000 20146
265.000 24524
266.000 19030
267.000 24528
268.000 21380
269.000 27684
270.000 21580
271.000 20238
272.000 21060
273.000 21382
274.000 20046
275.000 20750
276.000 22688
277.000 20714
278.000 21426
279.000 21800
280.000 20906
281.000 24448
282.000 24660
283.000 21940
284.000 22354
285.000 22810
286.000 20308
287.000 22430
288.000 26788
289.000 26878
290.000 20332
291.000 22540
292.000 23032
293.000 22410
294.000 28642
295.000 21094
296.000 21684
297.000 21950
298.000 17248
299.000 18724
300.000 21304
301.000 20008
302.000 22226
303.000 21480
304.000 23014
305.000 21054
306.000 21180
307.000 21830
308.000 19842
309.000 20982
310.000 20088
311.000 29016
312.000 24488
313.000 21454
314.000 17786
315.000 19122
316.000 17008
317.000 18684
318.000 22840
319.000 17224
320.000 26748
321.000 19698
322.000 20106
323.000 22608
324.000 18192
325.000 19542
326.000 23838
327.000 17230
328.000 22628
329.000 18466
330.000 18046
331.000 21036
332.000 20926
333.000 19394
334.000 17450
335.000 34308
336.000 41302
337.000 40522
338.000 54790
339.000 61250
340.000 63596
341.000 66806
342.000 26762
343.000 24916
344.000 68504
345.000 38418
346.000 26810
347.000 19218
348.000 19894
349.000 19382
350.000 21206
351.000 24206
352.000 20542
353.000 19758
354.000 15638
355.000 21866
356.000 23958
357.000 22128
358.000 19718
359.000 22710
360.000 18604
361.000 18324
362.000 15775
363.000 17968
364.000 18712
365.000 19076
366.000 15240
367.000 14968
368.000 15436
369.000 17114
370.000 15980
371.000 14938
372.000 16898
373.000 18840
374.000 19214
375.000 19606
376.000 21914
377.000 23050
378.000 22874
379.000 21624
380.000 20212
381.000 20508
382.000 36550
383.000 39250
384.000 45880
385.000 54428
386.000 55980
387.000 53800
388.000 47562
389.000 55042
390.000 59548
391.000 60728
392.000 60060
393.000 43440
394.000 19258
395.000 16700
396.000 17224
397.000 21882
398.000 20632
399.000 19190
400.000 18528
401.000 19710
402.000 17814
403.000 21770
404.000 14606
405.000 16830
406.000 18878
407.000 19732
408.000 19026
409.000 17492
410.000 18528
411.000 20504
412.000 17444
413.000 21416
414.000 18320
415.000 18244
416.000 17862
417.000 20460
418.000 22464
419.000 19816
420.000 18382
421.000 18828
422.000 19600
423.000 31842
424.000 17564
425.000 19968
426.000 20380
427.000 18418
428.000 17834
429.000 18684
430.000 20220
431.000 20088
432.000 18650
433.000 19632
434.000 19418
435.000 19314
436.000 19806
437.000 21474
438.000 19092
439.000 18932
440.000 19564
441.000 21642
442.000 21176
443.000 18800
444.000 19478
445.000 15338
446.000 16706
447.000 22632
448.000 18476
449.000 18924
450.000 18554
451.000 19992
452.000 16247
453.000 23542
454.000 19344
455.000 20440
456.000 16582
457.000 15336
458.000 21422
459.000 19648
460.000 19708
461.000 18564
462.000 20598
463.000 22544
464.000 19966
465.000 17516
466.000 19124
467.000 15872
468.000 16114
469.000 17256
470.000 18590
471.000 18584
472.000 17318
473.000 16242
474.000 19192
475.000 18608
476.000 18834
477.000 19750
478.000 20448
479.000 20762
480.000 19070
481.000 28664
482.000 15994
483.000 19384
484.000 20904
485.000 22814
486.000 19614
487.000 18470
488.000 17748
489.000 23150
490.000 23574
491.000 22380
492.000 19704
493.000 20780
494.000 20710
495.000 19800
496.000 17588
497.000 22720
498.000 23348
499.000 22226
500.000 19564
501.000 25910
502.000 19856
503.000 22666
504.000 19772
505.000 26960
506.000 21238
507.000 28596
508.000 15879
509.000 23926
510.000 17258
511.000 21266
512.000 17226
513.000 15224
514.000 20050
515.000 17358
516.000 22204
517.000 24916
518.000 21614
519.000 14860
520.000 14946
521.000 15996
522.000 20306
523.000 20750
524.000 21252
525.000 18616
526.000 19562
527.000 16556
528.000 18776
529.000 19712
530.000 16251
531.000 16622
532.000 16852
533.000 22290
534.000 17324
535.000 19348
536.000 17328
537.000 18386
538.000 18388
539.000 19156
540.000 15190
541.000 17968
542.000 19208
543.000 18564
544.000 19694
545.000 16848
546.000 19540
547.000 18470
548.000 20922
549.000 19394
550.000 18172
551.000 22776
552.000 20116
553.000 19676
554.000 24548
555.000 20248
556.000 17322
557.000 19510
558.000 27400
559.000 20264
560.000 20984
561.000 35746
562.000 40266
563.000 47872
564.000 56092
565.000 52022
566.000 46202
567.000 44674
568.000 45010
569.000 45538
570.000 43742
571.000 29070
572.000 23114
573.000 43568
574.000 21452
575.000 24062
576.000 21820
577.000 22012
578.000 20458
579.000 18750
580.000 17490
581.000 16096
582.000 14176
583.000 14708
584.000 15538
585.000 16206
586.000 14880
587.000 15112
588.000 14966
589.000 15460
590.000 16662
591.000 16998
592.000 17640
593.000 18040
594.000 17236
595.000 22502
596.000 17156
597.000 19590
598.000 23316
599.000 23138
600.000 24012
601.000 23854
602.000 22696
603.000 19178
604.000 19588
605.000 19270
606.000 23386
607.000 21730
608.000 21942
609.000 24800
610.000 21070
611.000 22944
612.000 24806
613.000 28460
614.000 26062
615.000 17898
616.000 18114
617.000 21474
618.000 23880
619.000 36682
620.000 53480
621.000 61920
622.000 63493
623.000 63526
624.000 43828
625.000 21160
626.000 41190
627.000 49100
628.000 22684
629.000 21652
630.000 23386
631.000 24570
632.000 101198
633.000 58936
634.000 68270
635.000 71502
636.000 67850
637.000 64420
638.000 59886
639.000 31379
640.000 39278
641.000 35904
642.000 19382
643.000 19676
644.000 19530
645.000 19168
646.000 19238
647.000 23078
648.000 21656
649.000 23728
650.000 24354
651.000 24894
652.000 18196
653.000 20454
654.000 20474
655.000 16536
656.000 17658
657.000 15723
658.000 17168
659.000 16320
660.000 18200
661.000 26598
662.000 18482
663.000 23822
664.000 24126
665.000 23568
666.000 35292
667.000 19360
668.000 22828
669.000 24226
670.000 38302
671.000 25350
672.000 19722
673.000 19098
674.000 18490
675.000 22928
676.000 17992
677.000 17096
678.000 23440
679.000 19238
680.000 24688
681.000 22940
682.000 19784
683.000 20392
684.000 16666
685.000 15840
686.000 16558
687.000 18520
688.000 22596
689.000 25326
690.000 20962
691.000 18268
692.000 19102
693.000 19710
694.000 18342
695.000 24362
696.000 30202
697.000 25894
698.000 29760
699.000 22560
700.000 15114
701.000 20098
702.000 18316
703.000 20436
704.000 21440
705.000 30624
706.000 29382
707.000 21622
708.000 29708
709.000 22346
710.000 27758
711.000 20820
712.000 15178
713.000 24388
714.000 16460
715.000 23076
716.000 18820
717.000 27082
718.000 27756
719.000 22766
720.000 27144
721.000 30902
722.000 20534
723.000 30530
724.000 25380
725.000 20386
726.000 27644
727.000 22120
728.000 32882
729.000 36126
730.000 28326
731.000 33238
732.000 19986
733.000 20876
734.000 19636
735.000 29524
736.000 30700
737.000 22246
738.000 30982
739.000 36920
740.000 40416
741.000 36382
742.000 26174
743.000 27296
744.000 19898
745.000 16574
746.000 16792
747.000 21862
748.000 19480
749.000 19736
750.000 19632
751.000 21646
752.000 20322
753.000 21206
754.000 19910
755.000 44784
756.000 19326
757.000 22376
758.000 34582
759.000 17080
760.000 21394
761.000 18814
762.000 22120
763.000 27066
764.000 23192
765.000 18012
766.000 19036
767.000 23636
768.000 24024
769.000 18348
770.000 21604
771.000 15822
772.000 17120
773.000 19222
774.000 17836
775.000 20820
776.000 22278
777.000 21070
778.000 20222
779.000 21650
780.000 18258
781.000 17972
782.000 20128
783.000 16988
784.000 21504
785.000 19782
786.000 20446
787.000 19822
788.000 28446
789.000 22692
790.000 21196
791.000 25290
792.000 21082
793.000 17192
794.000 18984
795.000 17478
796.000 16420
797.000 15802
798.000 16190
799.000 17424
800.000 19208
801.000 30230
802.000 22838
803.000 28856
804.000 35274
805.000 21482
806.000 33438
807.000 21926
808.000 30872
809.000 18974
810.000 22162
811.000 20788
812.000 31008
813.000 22918
814.000 26888
815.000 21960
816.000 21126
817.000 23478
818.000 20826
819.000 19426
820.000 23356
821.000 18916
822.000 19228
823.000 20226
824.000 24984
825.000 22722
826.000 16874
827.000 21264
828.000 22518
829.000 20168
830.000 23450
831.000 21224
832.000 22728
833.000 38782
834.000 22640
835.000 35728
836.000 21596
837.000 31486
838.000 34300
839.000 16358
840.000 33638
841.000 39876
842.000 26204
843.000 25342
844.000 30602
845.000 36232
846.000 22696
847.000 47558
848.000 25150
849.000 16638
850.000 35908
851.000 28712
852.000 27792
853.000 28614
854.000 24802
855.000 39940
856.000 23904
857.000 38876
858.000 30970
859.000 35046
860.000 31826
861.000 28322
862.000 38428
863.000 18336
864.000 24302
865.000 37388
866.000 28570
867.000 19616
868.000 26458
869.000 34334
870.000 36816
871.000 28628
872.000 16298
873.000 17096
874.000 43800
875.000 36644
876.000 40896
877.000 54814
878.000 61104
879.000 61176
880.000 62164
881.000 66720
882.000 20866
883.000 20436
884.000 68826
885.000 93492
886.000 46416
887.000 28194
888.000 26634
889.000 26956
890.000 22180
891.000 29274
892.000 16602
893.000 18632
894.000 20276
895.000 18452
896.000 18426
897.000 18280
898.000 18568
899.000 17216
900.000 21866
901.000 17686
902.000 20386
903.000 19540
904.000 26704
905.000 21880
906.000 38536
907.000 24600
908.000 18878
909.000 15536
910.000 31350
911.000 18142
912.000 20470
913.000 29812
914.000 21568
915.000 21412
916.000 20838
917.000 24768
918.000 25798
919.000 50242
920.000 40952
921.000 17906
922.000 16067
923.000 17422
924.000 17906
925.000 19178
926.000 17564
927.000 18652
928.000 18794
929.000 14742
930.000 16490
931.000 18162
932.000 17600
933.000 16736
934.000 17648
935.000 22556
936.000 16096
937.000 21384
938.000 21976
939.000 18344
940.000 15782
941.000 17318
942.000 17026
943.000 23166
944.000 18940
945.000 15657
946.000 16420
947.000 15845
948.000 14956
949.000 17000
950.000 15723
951.000 12086
952.000 19294
953.000 20806
954.000 15354
955.000 15580
956.000 15200
957.000 15032
958.000 15775
959.000 16370
960.000 16504
961.000 22026
962.000 18360
963.000 21534
964.000 19308
965.000 19290
966.000 19590
967.000 20808
968.000 21548
969.000 22744
970.000 20580
971.000 19984
972.000 19356
973.000 16994
974.000 16250
975.000 16690
976.000 15907
977.000 16642
978.000 14994
979.000 20020
980.000 15844
981.000 14744
982.000 15064
983.000 15200
984.000 15758
985.000 15775
986.000 14150
987.000 15012
988.000 15550
989.000 15184
990.000 14876
991.000 14334
992.000 15032
993.000 16028
994.000 15146
995.000 15064
996.000 14996
997.000 15622
998.000 15772
999.000 17200
1000.000 15130
1001.000 15574
1002.000 15860
1003.000 15774
1004.000 16506
1005.000 16268
1006.000 15130
1007.000 15102
1008.000 14878
1009.000 16402
1010.000 17914
1011.000 18016
1012.000 15726
1013.000 15026
1014.000 15812
1015.000 14958
1016.000 15882
1017.000 16384
1018.000 14994
1019.000 15774
1020.000 15827
1021.000 14996
1022.000 15740
1023.000 14286
1024.000 15112
1025.000 15808
1026.000 15827
1027.000 14350
1028.000 16200
1029.000 14930
1030.000 14350
1031.000 15638
1032.000 15152
1033.000 17198
1034.000 15034
1035.000 15844
1036.000 20350
1037.000 15128
1038.000 15066
1039.000 15130
1040.000 16418
1041.000 15200
1042.000 14166
1043.000 15910
1044.000 15064
1045.000 15130
1046.000 15504
1047.000 15200
1048.000 15820
1049.000 14878
1050.000 15048
1051.000 15034
1052.000 15118
1053.000 16114
1054.000 15758
1055.000 15012
1056.000 15844
1057.000 15656
1058.000 15346
1059.000 16324
1060.000 15910
1061.000 15758
1062.000 15168
1063.000 15112
1064.000 15130
1065.000 15822
1066.000 15130
1067.000 14200
1068.000 15994
1069.000 15774
1070.000 15130
1071.000 15066
1072.000 15080
1073.000 15130
1074.000 16096
1075.000 14216
1076.000 15774
1077.000 15900
1078.000 14350
1079.000 15774
1080.000 14930
1081.000 15130
1082.000 15080
1083.000 15066
1084.000 15130
1085.000 15756
1086.000 15050
1087.000 15504
1088.000 16184
1089.000 14914
1090.000 15168
1091.000 14994
1092.000 16894
1093.000 16828
1094.000 15012
1095.000 16355
1096.000 15774
1097.000 14996
1098.000 14418
1099.000 16688
1100.000 16726
1101.000 14928
1102.000 16418
1103.000 14946
1104.000 14994
1105.000 15064
1106.000 15130
1107.000 14978
1108.000 14348
1109.000 15910
1110.000 14860
1111.000 15200
1112.000 15945
1113.000 15082
1114.000 15064
1115.000 14216
1116.000 15907
1117.000 15692
1118.000 15854
1119.000 14466
1120.000 15727
1121.000 15678
1122.000 16060
1123.000 14236
1124.000 16044
1125.000 15602
1126.000 15910
1127.000 14420
1128.000 15774
1129.000 15775
1130.000 14284
1131.000 15910
1132.000 15504
1133.000 16200
1134.000 14862
1135.000 15810
1136.000 15980
1137.000 15638
1138.000 15130
1139.000 15709
1140.000 15130
1141.000 15640
1142.000 15238
1143.000 16914
1144.000 14996
1145.000 15723
1146.000 16554
1147.000 14858
1148.000 16001
1149.000 14994
1150.000 15012
1151.000 16337
1152.000 14350
1153.000 15080
1154.000 15862
1155.000 14994
1156.000 14334
1157.000 15844
1158.000 14996
1159.000 15128
1160.000 14286
1161.000 15774
1162.000 14860
1163.000 15150
1164.000 15924
1165.000 15012
1166.000 15827
1167.000 15910
1168.000 14126
1169.000 16744
1170.000 14994
1171.000 15910
1172.000 14458
1173.000 15080
1174.000 14860
1175.000 15980
1176.000 14216
1177.000 15112
1178.000 15278
1179.000 15504
1180.000 14334
1181.000 14946
1182.000 15130
1183.000 16372
1184.000 14420
1185.000 15774
1186.000 17796
1187.000 18404
1188.000 18404
1189.000 21446
1190.000 21826
1191.000 21920
1192.000 22476
1193.000 16372
1194.000 22174
1195.000 21254
1196.000 19038
1197.000 15736
1198.000 18440
1199.000 15064
1200.000 18308
1201.000 21964
1202.000 18320
1203.000 18050
1204.000 16512
1205.000 20996
1206.000 18602
1207.000 20254
1208.000 18156
1209.000 19822
1210.000 18068
1211.000 15066
1212.000 19128
1213.000 18568
1214.000 16964
1215.000 16766
1216.000 18268
1217.000 14166
1218.000 17152
1219.000 20242
1220.000 23790
1221.000 16690
1222.000 16294
1223.000 18872
1224.000 18532
1225.000 16146
1226.000 19014
1227.000 19652
1228.000 19812
1229.000 17494
1230.000 12118
1231.000 13394
1232.000 16866
1233.000 16018
1234.000 20092
1235.000 16924
1236.000 15879
1237.000 17164
1238.000 20184
1239.000 19296
1240.000 20516
1241.000 19372
1242.000 20056
1243.000 17154
1244.000 16271
1245.000 19086
1246.000 19898
1247.000 17520
1248.000 19020
1249.000 22316
1250.000 21398
1251.000 19342
1252.000 20038
1253.000 21832
1254.000 20164
1255.000 17350
1256.000 15622
1257.000 18286
1258.000 21284
1259.000 19350
1260.000 17452
1261.000 20312
1262.000 19130
1263.000 21108
1264.000 18100
1265.000 15080
1266.000 15814
1267.000 16876
1268.000 15072
1269.000 19662
1270.000 21820
1271.000 19316
1272.000 17076
1273.000 17026
1274.000 19766
1275.000 21196
1276.000 22066
1277.000 18030
1278.000 17788
1279.000 17412
1280.000 15907
1281.000 18292
1282.000 17818
1283.000 17442
1284.000 16270
1285.000 17780
1286.000 20874
1287.000 19392
1288.000 16664
1289.000 18700
1290.000 20394
1291.000 18862
1292.000 18090
1293.000 19248
1294.000 23184
1295.000 17936
1296.000 23570
1297.000 24834
1298.000 17956
1299.000 23624
1300.000 22174
1301.000 18594
1302.000 21702
1303.000 17358
1304.000 16552
1305.000 21218
1306.000 17918
1307.000 20358
1308.000 21084
1309.000 18776
1310.000 20180
1311.000 18826
1312.000 17142
1313.000 23940
1314.000 22032
1315.000 18024
1316.000 20862
1317.000 22046
1318.000 21518
1319.000 20768
1320.000 21064
1321.000 19164
1322.000 21678
1323.000 20544
1324.000 20312
1325.000 18170
1326.000 20766
1327.000 21146
1328.000 20286
1329.000 20194
1330.000 18644
1331.000 22258
1332.000 23466
1333.000 17122
1334.000 16192
1335.000 18984
1336.000 17710
1337.000 17666
1338.000 17606
1339.000 16370
1340.000 19104
1341.000 20408
1342.000 20242
1343.000 21836
1344.000 18254
1345.000 16608
1346.000 18520
1347.000 20330
1348.000 20916
1349.000 22232
1350.000 18030
1351.000 17962
1352.000 23876
1353.000 20280
1354.000 19000
1355.000 19624
1356.000 21756
1357.000 22364
1358.000 19506
1359.000 21454
1360.000 20158
1361.000 20102
1362.000 20300
1363.000 17964
1364.000 18228
1365.000 18434
1366.000 20732
1367.000 19380
1368.000 20082
1369.000 20616
1370.000 22070
1371.000 18886
1372.000 16355
1373.000 16800
1374.000 15556
1375.000 16056
1376.000 17738
1377.000 17830
1378.000 19206
1379.000 19560
1380.000 18924
1381.000 19290
1382.000 20086
1383.000 19640
1384.000 21124
1385.000 21582
1386.000 19722
1387.000 18880
1388.000 20268
1389.000 22872
1390.000 21548
1391.000 19586
1392.000 20610
1393.000 19716
1394.000 18558
1395.000 20850
1396.000 18156
1397.000 20412
1398.000 22712
1399.000 20320
1400.000 19744
1401.000 20344
1402.000 20056
1403.000 18268
1404.000 19630
1405.000 20248
1406.000 20322
1407.000 22348
1408.000 17612
1409.000 18464
1410.000 20224
1411.000 19898
1412.000 16202
1413.000 20512
1414.000 22154
1415.000 23306
1416.000 21134
1417.000 21552
1418.000 18238
1419.000 19408
1420.000 19398
1421.000 22216
1422.000 20450
1423.000 18516
1424.000 19786
1425.000 22108
1426.000 19410
1427.000 19564
1428.000 21572
1429.000 22380
1430.000 18866
1431.000 20132
1432.000 19266
1433.000 19418
1434.000 20110
1435.000 21934
1436.000 20136
1437.000 18950
1438.000 21734
1439.000 18914
1440.000 17974
1441.000 17312
1442.000 19040
1443.000 19834
1444.000 20504
1445.000 19514
1446.000 20786
1447.000 20976
1448.000 18570
1449.000 19666
1450.000 22828
1451.000 19402
1452.000 20066
1453.000 21860
1454.000 20576
1455.000 18842
1456.000 17362
1457.000 19596
1458.000 23000
1459.000 23110
1460.000 20688
1461.000 19898
1462.000 18090
1463.000 20616
1464.000 18634
1465.000 18320
1466.000 18218
1467.000 18158
1468.000 21606
1469.000 20728
1470.000 18820
1471.000 19664
1472.000 17202
1473.000 19736
1474.000 22264
1475.000 20542
1476.000 19836
1477.000 18614
1478.000 22882
1479.000 20614
1480.000 23058
1481.000 21218
1482.000 22096
1483.000 22914
1484.000 16854
1485.000 17550
1486.000 17304
1487.000 22034
1488.000 19946
1489.000 17740
1490.000 21236
1491.000 18172
1492.000 19628
1493.000 17610
1494.000 15178
1495.000 17030
1496.000 20826
1497.000 21038
1498.000 19166
1499.000 20102
1500.000 17034
1501.000 21892
1502.000 19318
1503.000 17338
1504.000 18678
1505.000 18654
1506.000 16392
1507.000 19074
1508.000 17828
1509.000 17560
1510.000 19178
1511.000 16798
1512.000 18326
1513.000 19412
1514.000 16610
1515.000 18326
1516.000 17914
1517.000 17144
1518.000 16400
1519.000 16784
1520.000 16216
1521.000 15202
1522.000 16468
1523.000 20748
1524.000 18506
1525.000 19892
1526.000 17236
1527.000 17666
1528.000 18528
1529.000 20536
1530.000 19706
1531.000 17098
1532.000 20966
1533.000 17168
1534.000 17736
1535.000 16200
1536.000 14702
1537.000 15910
1538.000 20252
1539.000 18944
1540.000 17630
1541.000 18928
1542.000 19762
1543.000 22654
1544.000 17918
1545.000 20328
1546.000 21532
1547.000 20550
1548.000 21008
1549.000 21236
1550.000 20880
1551.000 14842
1552.000 14224
1553.000 19060
1554.000 18878
1555.000 20072
1556.000 23208
1557.000 17584
1558.000 19838
1559.000 20268
1560.000 16586
1561.000 19536
1562.000 20334
1563.000 17034
1564.000 17922
1565.000 17852
1566.000 18988
1567.000 20052
1568.000 19442
1569.000 21352
1570.000 15132
1571.000 16094
1572.000 14994
1573.000 15188
1574.000 15182
1575.000 15248
1576.000 12566
1577.000 11368
1578.000 10716
1579.000 14482
1580.000 15959
1581.000 15130
1582.000 14216
1583.000 15198
1584.000 15862
1585.000 15504
1586.000 15452
1587.000 16436
1588.000 15130
1589.000 16488
1590.000 14980
1591.000 17072
1592.000 19608
1593.000 17914
1594.000 20022
1595.000 18702
1596.000 16482
1597.000 16922
1598.000 17114
1599.000 17220
1600.000 17036
1601.000 19630
1602.000 15510
1603.000 17382
1604.000 18358
1605.000 16604
1606.000 17290
1607.000 16870
1608.000 20882
1609.000 17676
1610.000 15704
1611.000 18342
1612.000 18756
1613.000 15170
1614.000 14294
1615.000 16081
1616.000 19380
1617.000 20098
1618.000 19884
1619.000 18162
1620.000 17450
1621.000 17182
1622.000 16228
1623.000 15708
1624.000 16806
1625.000 18050
1626.000 20524
1627.000 18312
1628.000 18828
1629.000 20936
1630.000 19096
1631.000 22168
1632.000 20778
1633.000 22094
1634.000 21814
1635.000 20980
1636.000 21056
1637.000 21458
1638.000 18378
1639.000 21792
1640.000 22638
1641.000 22118
1642.000 21104
1643.000 20908
1644.000 23774
1645.000 22304
1646.000 22366
1647.000 21654
1648.000 21040
1649.000 21472
1650.000 22084
1651.000 18900
1652.000 17814
1653.000 17048
1654.000 16500
1655.000 22178
1656.000 16556
1657.000 15206
1658.000 16294
1659.000 15774
1660.000 14216
1661.000 14930
1662.000 16108
1663.000 14876
1664.000 15216
1665.000 14794
1666.000 15168
1667.000 15774
1668.000 15844
1669.000 14876
1670.000 15916
1671.000 15064
1672.000 15130
1673.000 19734
1674.000 15016
1675.000 14994
1676.000 16688
1677.000 14930
1678.000 14350
1679.000 15640
1680.000 16136
1681.000 15526
1682.000 15278
1683.000 16926
1684.000 19714
1685.000 16928
1686.000 19334
1687.000 19556
1688.000 18820
1689.000 17850
1690.000 15656
1691.000 19524
1692.000 21518
1693.000 20052
1694.000 16362
1695.000 16724
1696.000 19840
1697.000 19420
1698.000 21886
1699.000 19236
1700.000 21402
1701.000 21030
1702.000 21228
1703.000 16746
1704.000 16190
1705.000 16952
1706.000 18068
1707.000 19140
1708.000 21490
1709.000 19284
1710.000 18776
1711.000 16274
1712.000 16046
1713.000 17964
1714.000 19078
1715.000 20984
1716.000 20686
1717.000 16630
1718.000 18098
1719.000 18402
1720.000 18742
1721.000 18160
1722.000 17434
1723.000 21290
1724.000 16986
1725.000 17618
1726.000 19828
1727.000 18958
1728.000 19440
1729.000 21314
1730.000 22718
1731.000 21528
1732.000 19870
1733.000 17696
1734.000 20244
1735.000 18444
1736.000 17102
1737.000 19096
1738.000 18508
1739.000 17874
1740.000 19064
1741.000 17358
1742.000 19992
1743.000 19066
1744.000 20744
1745.000 22760
1746.000 17646
1747.000 16256
1748.000 20082
1749.000 22344
1750.000 16554
1751.000 20844
1752.000 18126
1753.000 20354
1754.000 16181
1755.000 16560
1756.000 19514
1757.000 15504
1758.000 16778
1759.000 16056
1760.000 15310
1761.000 16146
1762.000 17820
1763.000 19242
1764.000 18758
1765.000 21114
1766.000 17084
1767.000 15872
1768.000 17706
1769.000 16608
1770.000 14740
1771.000 15200
1772.000 17624
1773.000 19948
1774.000 18868
1775.000 20386
1776.000 15920
1777.000 18490
1778.000 16018
1779.000 18542
1780.000 15560
1781.000 17480
1782.000 18502
1783.000 18926
1784.000 17524
1785.000 18630
1786.000 17678
1787.000 16526
1788.000 14996
1789.000 15698
1790.000 15206
1791.000 16052
1792.000 15064
1793.000 17402
1794.000 16080
1795.000 15841
1796.000 16218
1797.000 18878
1798.000 15528
1799.000 17430
1800.000 21220
1801.000 17046
1802.000 20724
1803.000 19442
1804.000 18130
1805.000 17400
1806.000 18452
1807.000 21356
1808.000 18728
1809.000 20848
1810.000 19970
1811.000 18874
1812.000 20352
1813.000 14910
1814.000 20254
1815.000 17620
1816.000 17598
1817.000 19232
1818.000 18878
1819.000 17200
1820.000 15074
1821.000 18874
1822.000 19146
1823.000 15712
1824.000 17382
1825.000 18992
1826.000 19858
1827.000 14868
1828.000 18674
1829.000 17420
1830.000 18354
1831.000 20268
1832.000 16492
1833.000 18282
1834.000 15680
1835.000 18404
1836.000 15072
1837.000 20258
1838.000 17866
1839.000 22066
1840.000 15890
1841.000 20250
1842.000 17016
1843.000 16712
1844.000 19532
1845.000 21390
1846.000 17204
1847.000 16590
1848.000 20468
1849.000 23058
1850.000 20730
1851.000 22036
1852.000 18592
1853.000 20412
1854.000 20994
1855.000 15256
1856.000 16004
1857.000 17086
1858.000 18178
1859.000 15855
1860.000 20082
1861.000 17528
1862.000 16034
1863.000 16160
1864.000 15726
1865.000 15066
1866.000 15128
1867.000 14996
1868.000 15708
1869.000 15814
1870.000 15789
1871.000 15948
1872.000 14860
1873.000 15130
1874.000 16086
1875.000 15775
1876.000 15248
1877.000 14946
1878.000 17816
1879.000 21128
1880.000 18218
1881.000 19214
1882.000 18854
1883.000 18626
1884.000 15916
1885.000 20624
1886.000 21586
1887.000 19870
1888.000 23144
1889.000 23754
1890.000 21548
1891.000 18436
1892.000 21254
1893.000 16081
1894.000 17346
1895.000 21826
1896.000 18826
1897.000 15723
1898.000 16044
1899.000 18622
1900.000 20432
1901.000 18682
1902.000 19920
1903.000 19442
1904.000 16538
1905.000 20238
1906.000 16228
1907.000 16430
1908.000 18178
1909.000 16374
1910.000 19476
1911.000 22260
1912.000 19570
1913.000 18648
1914.000 16574
1915.000 21458
1916.000 19534
1917.000 18374
1918.000 18200
1919.000 21144
1920.000 20472
1921.000 18556
1922.000 22010
1923.000 22490
1924.000 19370
1925.000 15272
1926.000 20154
1927.000 21198
1928.000 18720
1929.000 16542
1930.000 15206
1931.000 14930
1932.000 15524
1933.000 15226
1934.000 15932
1935.000 15150
1936.000 15012
1937.000 15064
1938.000 14996
1939.000 14994
1940.000 15709
1941.000 15010
1942.000 15893
1943.000 15844
1944.000 16370
1945.000 14080
1946.000 15334
1947.000 14860
1948.000 15910
1949.000 14284
1950.000 14996
1951.000 15656
1952.000 15200
1953.000 14216
1954.000 15118
1955.000 15246
1956.000 14994
1957.000 15910
1958.000 15678
1959.000 16788
1960.000 14350
1961.000 15694
1962.000 16670
1963.000 15012
1964.000 15930
1965.000 15678
1966.000 14080
1967.000 16098
1968.000 14860
1969.000 15775
1970.000 15064
1971.000 15092
1972.000 16284
1973.000 15130
1974.000 14370
1975.000 15774
1976.000 14860
1977.000 15844
1978.000 15774
1979.000 14994
1980.000 16626
1981.000 14994
1982.000 15032
1983.000 15334
1984.000 16129
1985.000 15640
1986.000 14388
1987.000 15907
1988.000 14996
1989.000 14930
1990.000 15264
1991.000 15130
1992.000 14930
1993.000 15774
1994.000 15216
1995.000 15222
1996.000 14978
1997.000 15910
1998.000 15102
1999.000 15504
2000.000 16536
2001.000 16096
2002.000 14994
2003.000 14216
2004.000 15762
2005.000 16556
2006.000 14994
2007.000 16114
2008.000 14994
2009.000 15640
2010.000 16624
2011.000 15012
2012.000 15248
2013.000 14930
2014.000 16792
2015.000 14906
2016.000 15200
2017.000 14994
2018.000 15678
2019.000 15142
2020.000 15130
2021.000 15845
2022.000 15980
2023.000 14350
2024.000 14946
2025.000 14930
2026.000 15130
2027.000 15504
2028.000 15334
2029.000 14994
2030.000 15114
2031.000 15844
2032.000 15012
2033.000 14312
2034.000 15016
2035.000 14994
2036.000 15012
2037.000 14286
2038.000 14860
2039.000 16028
2040.000 14928
2041.000 17980
2042.000 17334
2043.000 15200
2044.000 14946
2045.000 15264
2046.000 15064
2047.000 15130
2048.000 14844
2049.000 15370
2050.000 14994
2051.000 15907
2052.000 14930
2053.000 14350
2054.000 15860
2055.000 15054
2056.000 15640
2057.000 15264
2058.000 14678
2059.000 17448
2060.000 16420
2061.000 16918
2062.000 16884
2063.000 14860
2064.000 15932
2065.000 14994
2066.000 15130
2067.000 15064
2068.000 15012
2069.000 15656
2070.000 14404
2071.000 14876
2072.000 15130
2073.000 15709
2074.000 14436
2075.000 15822
2076.000 15064
2077.000 16025
2078.000 14214
2079.000 16972
2080.000 14860
2081.000 15130
2082.000 14150
2083.000 15130
2084.000 15080
2085.000 15066
2086.000 15775
2087.000 15774
2088.000 14930
2089.000 15248
2090.000 14098
2091.000 15064
2092.000 15907
2093.000 15504
2094.000 14420
2095.000 15860
2096.000 15092
2097.000 15032
2098.000 16506
2099.000 14994
2100.000 15774
2101.000 15708
2102.000 14350
2103.000 15762
2104.000 15048
2105.000 15862
2106.000 15758
2107.000 16034
2108.000 15640
2109.000 14996
2110.000 15064
2111.000 14996
2112.000 14994
2113.000 16626
2114.000 14994
2115.000 16018
2116.000 16218
2117.000 15130
2118.000 14994
2119.000 15066
2120.000 15128
2121.000 14996
2122.000 15064
2123.000 14978
2124.000 16554
2125.000 15032
2126.000 16436
2127.000 14860
2128.000 15238
2129.000 16656
2130.000 15792
2131.000 14812
2132.000 15893
2133.000 15671
2134.000 16098
2135.000 15212
2136.000 15678
2137.000 15216
2138.000 15060
2139.000 14562
2140.000 14930
2141.000 15130
2142.000 14994
2143.000 14388
2144.000 14860
2145.000 15978
2146.000 15048
2147.000 15774
2148.000 15656
2149.000 15844
2150.000 15622
2151.000 14996
2152.000 15200
2153.000 15675
2154.000 15130
2155.000 15150
2156.000 14996
2157.000 14994
2158.000 16592
2159.000 14350
2160.000 15504
2161.000 15064
2162.000 15910
2163.000 14350
2164.000 15978
2165.000 15860
2166.000 14994
2167.000 15200
2168.000 15638
2169.000 14996
2170.000 14554
2171.000 15506
2172.000 15774
2173.000 15844
2174.000 14996
2175.000 15236
2176.000 15200
2177.000 14860
2178.000 15264
2179.000 14930
2180.000 16044
2181.000 15774
2182.000 15066
2183.000 14214
2184.000 15830
2185.000 15866
2186.000 17060
2187.000 14350
2188.000 15064
2189.000 15504
2190.000 14996
2191.000 15962
2192.000 14758
2193.000 15248
2194.000 15064
2195.000 15636
2196.000 14350
2197.000 16876
2198.000 14994
2199.000 15056
2200.000 16354
2201.000 15130
2202.000 16554
2203.000 15066
2204.000 14214
2205.000 15216
2206.000 15200
2207.000 14860
2208.000 15130
2209.000 15692
2210.000 14876
2211.000 15907
2212.000 14420
2213.000 14860
2214.000 15910
2215.000 15220
2216.000 15168
2217.000 15774
2218.000 15104
2219.000 15640
2220.000 14350
2221.000 15064
2222.000 15640
2223.000 15907
2224.000 14286
2225.000 15723
2226.000 16516
2227.000 16552
2228.000 14538
2229.000 15012
2230.000 14978
2231.000 15082
2232.000 14994
2233.000 15775
2234.000 15726
2235.000 16678
2236.000 14080
2237.000 16374
2238.000 16552
2239.000 15130
2240.000 14420
2241.000 14860
2242.000 15792
2243.000 15978
2244.000 14860
2245.000 15080
2246.000 15066
2247.000 14994
2248.000 16538
2249.000 15064
2250.000 15130
2251.000 15758
2252.000 14388
2253.000 14860
2254.000 15130
2255.000 15078
2256.000 14468
2257.000 15792
2258.000 14930
2259.000 15308
2260.000 15012
2261.000 14404
2262.000 16181
2263.000 15130
2264.000 16780
2265.000 14302
2266.000 14994
2267.000 15980
2268.000 14994
2269.000 14216
2270.000 15064
2271.000 15789
2272.000 14994
2273.000 15200
2274.000 15814
2275.000 15858
2276.000 15032
2277.000 14350
2278.000 15570
2279.000 15654
2280.000 14860
2281.000 16028
2282.000 14420
2283.000 15774
2284.000 14996
2285.000 15930
2286.000 14216
2287.000 14994
2288.000 15831
2289.000 14994
2290.000 14350
2291.000 14930
2292.000 15130
2293.000 15774
2294.000 15844
2295.000 15214
2296.000 16674
2297.000 15064
2298.000 15130
2299.000 14996
2300.000 15064
2301.000 15775
2302.000 14994
2303.000 14420
2304.000 14994
2305.000 15996
2306.000 15709
2307.000 14860
2308.000 15112
2309.000 15082
2310.000 14994
2311.000 14216
2312.000 15182
2313.000 15656
2314.000 14844
2315.000 15150
2316.000 15040
2317.000 15168
2318.000 16219
2319.000 14546
2320.000 15656
2321.000 15574
2322.000 14876
2323.000 15130
2324.000 14948
2325.000 15182
2326.000 15012
2327.000 15708
2328.000 17426
2329.000 20094
2330.000 16506
2331.000 15114
2332.000 15789
2333.000 18812
2334.000 20724
2335.000 23306
2336.000 18068
2337.000 20090
2338.000 17398
2339.000 20396
2340.000 19120
2341.000 19036
2342.000 19696
2343.000 17608
2344.000 16436
2345.000 15420
2346.000 14954
2347.000 14998
2348.000 15980
2349.000 15638
2350.000 14216
2351.000 20004
2352.000 19964
2353.000 17176
2354.000 16790
2355.000 18842
2356.000 18894
2357.000 19700
2358.000 14292
2359.000 18596
2360.000 20150
2361.000 20054
2362.000 16938
2363.000 13518
2364.000 11644
2365.000 12150
2366.000 15726
2367.000 14468
2368.000 15516
2369.000 15775
2370.000 15962
2371.000 14550
2372.000 18548
2373.000 19480
2374.000 18620
2375.000 16590
2376.000 17858
2377.000 22466
2378.000 21678
2379.000 19560
2380.000 19942
2381.000 22454
2382.000 23268
2383.000 19874
2384.000 17504
2385.000 17732
2386.000 15640
2387.000 14562
2388.000 15826
2389.000 14860
2390.000 15671
2391.000 14946
2392.000 14350
2393.000 15678
2394.000 15980
2395.000 16674
2396.000 16872
2397.000 16694
2398.000 16754
2399.000 17314
2400.000 17690
2401.000 16672
2402.000 14692
2403.000 19236
2404.000 20458
2405.000 18236
2406.000 22228
2407.000 16946
2408.000 18342
2409.000 20444
2410.000 18940
2411.000 23342
2412.000 20506
2413.000 16198
2414.000 15390
2415.000 18336
2416.000 20584
2417.000 21842
2418.000 16866
2419.000 16528
2420.000 17140
2421.000 21910
2422.000 20830
2423.000 17976
2424.000 16818
2425.000 14184
2426.000 18982
2427.000 21256
2428.000 20660
2429.000 21330
2430.000 15252
2431.000 20288
2432.000 22326
2433.000 19098
2434.000 16916
2435.000 17334
2436.000 19516
2437.000 19022
2438.000 18212
2439.000 22782
2440.000 18970
2441.000 17110
2442.000 19578
2443.000 20384
2444.000 21996
2445.000 22224
2446.000 21482
2447.000 22248
2448.000 18482
2449.000 21808
2450.000 20022
2451.000 21628
2452.000 19748
2453.000 19300
2454.000 20862
2455.000 23450
2456.000 21608
2457.000 21220
2458.000 19002
2459.000 17030
2460.000 17072
2461.000 21658
2462.000 21850
2463.000 20412
2464.000 19680
2465.000 17836
2466.000 19166
2467.000 22742
2468.000 20284
2469.000 20312
2470.000 18422
2471.000 16968
2472.000 19892
2473.000 20832
2474.000 21634
2475.000 17230
2476.000 19408
2477.000 16540
2478.000 16254
2479.000 18792
2480.000 18944
2481.000 18950
2482.000 18282
2483.000 20398
2484.000 20528
2485.000 21064
2486.000 20418
2487.000 17398
2488.000 21414
2489.000 18820
2490.000 20682
2491.000 18078
2492.000 19274
2493.000 18428
2494.000 17154
2495.000 21834
2496.000 19588
2497.000 17564
2498.000 18636
2499.000 19652
2500.000 19046
2501.000 18588
2502.000 21334
2503.000 21106
2504.000 20806
2505.000 21890
2506.000 21140
2507.000 21264
2508.000 17510
2509.000 21502
2510.000 19274
2511.000 20170
2512.000 18948
2513.000 17868
2514.000 20308
2515.000 19066
2516.000 21134
2517.000 19234
2518.000 21644
2519.000 19348
2520.000 20744
2521.000 20934
2522.000 18612
2523.000 18794
2524.000 21018
2525.000 16996
2526.000 19736
2527.000 20290
2528.000 19654
2529.000 24078
2530.000 22218
2531.000 21494
2532.000 17910
2533.000 21096
2534.000 22182
2535.000 21870
2536.000 22400
2537.000 22066
2538.000 21694
2539.000 20482
2540.000 23178
2541.000 21808
2542.000 21712
2543.000 20946
2544.000 22698
2545.000 21836
2546.000 23744
2547.000 21202
2548.000 20096
2549.000 24170
2550.000 24480
2551.000 21556
2552.000 23418
2553.000 20928
2554.000 21804
2555.000 19836
2556.000 23290
2557.000 21934
2558.000 17332
2559.000 19196
2560.000 17400
2561.000 18418
2562.000 22252
2563.000 19756
2564.000 15330
2565.000 19030
2566.000 19924
2567.000 19470
2568.000 20030
2569.000 21448
2570.000 20270
2571.000 19156
2572.000 19438
2573.000 18394
2574.000 17878
2575.000 19256
2576.000 19284
2577.000 19520
2578.000 19468
2579.000 17706
2580.000 17322
2581.000 22030
2582.000 19718
2583.000 18822
2584.000 19786
2585.000 17166
2586.000 18604
2587.000 18684
2588.000 19334
2589.000 21072
2590.000 20980
2591.000 21406
2592.000 17150
2593.000 20238
2594.000 20370
2595.000 21850
2596.000 19598
2597.000 19984
2598.000 19762
2599.000 20406
2600.000 17678
2601.000 20262
2602.000 22022
2603.000 20298
2604.000 20022
2605.000 19264
2606.000 19508
2607.000 21500
2608.000 21720
2609.000 18514
2610.000 20000
2611.000 18658
2612.000 23006
2613.000 22172
2614.000 20374
2615.000 18714
2616.000 19354
2617.000 19390
2618.000 21614
2619.000 23898
2620.000 21516
2621.000 23286
2622.000 18130
2623.000 20302
2624.000 19036
2625.000 20968
2626.000 19564
2627.000 20430
2628.000 20928
2629.000 18402
2630.000 14844
2631.000 19116
2632.000 17086
2633.000 15844
2634.000 16474
2635.000 19160
2636.000 18152
2637.000 20986
2638.000 17238
2639.000 18896
2640.000 19692
2641.000 21478
2642.000 22480
2643.000 18368
2644.000 20126
2645.000 22004
2646.000 20156
2647.000 19854
2648.000 20850
2649.000 17074
2650.000 20190
2651.000 22534
2652.000 22464
2653.000 18724
2654.000 19708
2655.000 16850
2656.000 18596
2657.000 18188
2658.000 19676
2659.000 17054
2660.000 19270
2661.000 18600
2662.000 22730
2663.000 20728
2664.000 16626
2665.000 20218
2666.000 19958
2667.000 21056
2668.000 22024
2669.000 22014
2670.000 22218
2671.000 20356
2672.000 19314
2673.000 18550
2674.000 19982
2675.000 17760
2676.000 20584
2677.000 19546
2678.000 18230
2679.000 19598
2680.000 20172
2681.000 22024
2682.000 19684
2683.000 20226
2684.000 19078
2685.000 15826
2686.000 17572
2687.000 18768
2688.000 19958
2689.000 17796
2690.000 17442
2691.000 19660
2692.000 17302
2693.000 19392
2694.000 16748
2695.000 19380
2696.000 20808
2697.000 17128
2698.000 21900
2699.000 16372
2700.000 18744
2701.000 17452
2702.000 16670
2703.000 17914
2704.000 20426
2705.000 21604
2706.000 24472
2707.000 20790
2708.000 17712
2709.000 21378
2710.000 18750
2711.000 18758
2712.000 18900
2713.000 21706
2714.000 22010
2715.000 18808
2716.000 20678
2717.000 21790
2718.000 20680
2719.000 22164
2720.000 19212
2721.000 19912
2722.000 17272
2723.000 17578
2724.000 18742
2725.000 19138
2726.000 21286
2727.000 18682
2728.000 22168
2729.000 20562
2730.000 21902
2731.000 22550
2732.000 21472
2733.000 20634
2734.000 20220
2735.000 20928
2736.000 21140
2737.000 20158
2738.000 15146
2739.000 20902
2740.000 19562
2741.000 18040
2742.000 19570
2743.000 17414
2744.000 16690
2745.000 21608
2746.000 21236
2747.000 20518
2748.000 21802
2749.000 21986
2750.000 23018
2751.000 21064
2752.000 23688
2753.000 20836
2754.000 21240
2755.000 19572
2756.000 22878
2757.000 20258
2758.000 20630
2759.000 20772
2760.000 18110
2761.000 19034
2762.000 19104
2763.000 17926
2764.000 17874
2765.000 22182
2766.000 20628
2767.000 18854
2768.000 21684
2769.000 21052
2770.000 19516
2771.000 20858
2772.000 22534
2773.000 20278
2774.000 21840
2775.000 20528
2776.000 18562
2777.000 19660
2778.000 18030
2779.000 19378
2780.000 19518
2781.000 20374
2782.000 21066
2783.000 18838
2784.000 19164
2785.000 15414
2786.000 16084
2787.000 18608
2788.000 21654
2789.000 20212
2790.000 21278
2791.000 20324
2792.000 21584
2793.000 20968
2794.000 20666
2795.000 20692
2796.000 19906
2797.000 21954
2798.000 21598
2799.000 20222
2800.000 21252
2801.000 19780
2802.000 17272
2803.000 17326
2804.000 17668
2805.000 21216
2806.000 22792
2807.000 20396
2808.000 17246
2809.000 20284
2810.000 20042
2811.000 22024
2812.000 19904
2813.000 19098
2814.000 21264
2815.000 21490
2816.000 22634
2817.000 22386
2818.000 19858
2819.000 20980
2820.000 22552
2821.000 21498
2822.000 19412
2823.000 17124
2824.000 19646
2825.000 17880
2826.000 22608
2827.000 17396
2828.000 18136
2829.000 25440
2830.000 18770
2831.000 19746
2832.000 20128
2833.000 17244
2834.000 18150
2835.000 20538
2836.000 21526
2837.000 18516
2838.000 19484
2839.000 23338
2840.000 21550
2841.000 20254
2842.000 19750
2843.000 20676
2844.000 22614
2845.000 21188
2846.000 17306
2847.000 21840
2848.000 20070
2849.000 18426
2850.000 20790
2851.000 18936
2852.000 19132
2853.000 19234
2854.000 20694
2855.000 18840
2856.000 22370
2857.000 18780
2858.000 18706
2859.000 21756
2860.000 20574
2861.000 20174
2862.000 23830
2863.000 18656
2864.000 20432
2865.000 20332
2866.000 20212
2867.000 21632
2868.000 20294
2869.000 20388
2870.000 19034
2871.000 20266
2872.000 22464
2873.000 21684
2874.000 18732
2875.000 17958
2876.000 20806
2877.000 19930
2878.000 20524
2879.000 18510
2880.000 19410
2881.000 17724
2882.000 16454
2883.000 18646
2884.000 18892
2885.000 17968
2886.000 19794
2887.000 20806
2888.000 18998
2889.000 18416
2890.000 19264
2891.000 18910
2892.000 19030
2893.000 17148
2894.000 20516
2895.000 16886
2896.000 20334
2897.000 16846
2898.000 20066
2899.000 19904
2900.000 17812
2901.000 19932
2902.000 17378
2903.000 20410
2904.000 20240
2905.000 20828
2906.000 18710
2907.000 19312
2908.000 19592
2909.000 18398
2910.000 20752
2911.000 20152
2912.000 19242
2913.000 22980
2914.000 29750
2915.000 24800
2916.000 22942
2917.000 21674
2918.000 19556
2919.000 20244
2920.000 20832
2921.000 19582
2922.000 24104
2923.000 19504
2924.000 18718
2925.000 18788
2926.000 20520
2927.000 21924
2928.000 22232
2929.000 21852
2930.000 19516
2931.000 21620
2932.000 26452
2933.000 19098
2934.000 19894
2935.000 18562
2936.000 20194
2937.000 20256
2938.000 18342
2939.000 20138
2940.000 18190
2941.000 20074
2942.000 19130
2943.000 18572
2944.000 17238
2945.000 17334
2946.000 18080
2947.000 17484
2948.000 19526
2949.000 20548
2950.000 20612
2951.000 17898
2952.000 21592
2953.000 17890
2954.000 21878
2955.000 18836
2956.000 17278
2957.000 18698
2958.000 16952
2959.000 21302
2960.000 19196
2961.000 15238
2962.000 14970
2963.000 16337
2964.000 17442
2965.000 18096
2966.000 17352
2967.000 18664
2968.000 18668
2969.000 19678
2970.000 22308
2971.000 18828
2972.000 19126
2973.000 19026
2974.000 18968
2975.000 15064
2976.000 14624
2977.000 14994
2978.000 15844
2979.000 15236
2980.000 14216
2981.000 15200
2982.000 14994
2983.000 15638
2984.000 15200
2985.000 15130
2986.000 14946
2987.000 15980
2988.000 15130
2989.000 16554
2990.000 15066
2991.000 15166
2992.000 15114
2993.000 15709
2994.000 15893
2995.000 15222
2996.000 15018
2997.000 15762
2998.000 20012
2999.000 18612
3000.000 14428
3001.000 16053
3002.000 20612
3003.000 16160
3004.000 15968
3005.000 14304
3006.000 13480
3007.000 13558
3008.000 15524
3009.000 15765
3010.000 15720
3011.000 15198
3012.000 15522
3013.000 14468
3014.000 15574
3015.000 16706
3016.000 17336
3017.000 15510
3018.000 18680
3019.000 18482
3020.000 18448
3021.000 17394
3022.000 18122
3023.000 22254
3024.000 19272
3025.000 21448
3026.000 21704
3027.000 19244
3028.000 19752
3029.000 16868
3030.000 16980
3031.000 19298
3032.000 18908
3033.000 23834
3034.000 20062
3035.000 20708
3036.000 17914
3037.000 19036
3038.000 21194
3039.000 20878
3040.000 23050
3041.000 22432
3042.000 18158
3043.000 21502
3044.000 19618
3045.000 20338
3046.000 24020
3047.000 19298
3048.000 20302
3049.000 20294
3050.000 18042
3051.000 20112
3052.000 22176
3053.000 21470
3054.000 21974
3055.000 19472
3056.000 19264
3057.000 21728
3058.000 18574
3059.000 23530
3060.000 20834
3061.000 22622
3062.000 22076
3063.000 19396
3064.000 19574
3065.000 22760
3066.000 21578
3067.000 16812
3068.000 20272
3069.000 16556
3070.000 22696
3071.000 19912
3072.000 16926
3073.000 16420
3074.000 19910
3075.000 21462
3076.000 20698
3077.000 19636
3078.000 22714
3079.000 22282
3080.000 19898
3081.000 22608
3082.000 18178
3083.000 21844
3084.000 22716
3085.000 19420
3086.000 18218
3087.000 19554
3088.000 21150
3089.000 19568
3090.000 20118
3091.000 17032
3092.000 15166
3093.000 20930
3094.000 21146
3095.000 19444
3096.000 19542
3097.000 20356
3098.000 19470
3099.000 21388
3100.000 22408
3101.000 18110
3102.000 23888
3103.000 20670
3104.000 19352
3105.000 19074
3106.000 15410
3107.000 16374
3108.000 19566
3109.000 18056
3110.000 20008
3111.000 21864
3112.000 22300
3113.000 22068
3114.000 26510
3115.000 23990
3116.000 22502
3117.000 22756
3118.000 19418
3119.000 21538
3120.000 19416
3121.000 18594
3122.000 21802
3123.000 22394
3124.000 20600
3125.000 16888
3126.000 17058
3127.000 20952
3128.000 14442
3129.000 18536
3130.000 19520
3131.000 19930
3132.000 18944
3133.000 21030
3134.000 21476
3135.000 21524
3136.000 20960
3137.000 19466
3138.000 18694
3139.000 20944
3140.000 20474
3141.000 20598
3142.000 20084
3143.000 17438
3144.000 18800
3145.000 19710
3146.000 20348
3147.000 18554
3148.000 18114
3149.000 21210
3150.000 20072
3151.000 20346
3152.000 19002
3153.000 20672
3154.000 23878
3155.000 23398
3156.000 18864
3157.000 20338
3158.000 20070
3159.000 21672
3160.000 19556
3161.000 22396
3162.000 19194
3163.000 21164
3164.000 16808
3165.000 19834
3166.000 20148
3167.000 17746
3168.000 19468
3169.000 19488
3170.000 18036
3171.000 21202
3172.000 18648
3173.000 20080
3174.000 21584
3175.000 19402
3176.000 16140
3177.000 18024
3178.000 20538
3179.000 19320
3180.000 22290
3181.000 22394
3182.000 20496
3183.000 22826
3184.000 22688
3185.000 19984
3186.000 18992
3187.000 19404
3188.000 20214
3189.000 19180
3190.000 22532
3191.000 19488
3192.000 20336
3193.000 20006
3194.000 19120
3195.000 20928
3196.000 18238
3197.000 17906
3198.000 18178
3199.000 21162
3200.000 17992
3201.000 22554
3202.000 20568
3203.000 19950
3204.000 18228
3205.000 18664
3206.000 17620
3207.000 16956
3208.000 17024
3209.000 18122
3210.000 18168
3211.000 15380
3212.000 18624
3213.000 19756
3214.000 18216
3215.000 21066
3216.000 18244
3217.000 21084
3218.000 18008
3219.000 19832
3220.000 20236
3221.000 21474
3222.000 19420
3223.000 16914
3224.000 17652
3225.000 16466
3226.000 20950
3227.000 18830
3228.000 18244
3229.000 19948
3230.000 19424
3231.000 19434
3232.000 17824
3233.000 16922
3234.000 18774
3235.000 22668
3236.000 19282
3237.000 16684
3238.000 20124
3239.000 17938
3240.000 18384
3241.000 18618
3242.000 19904
3243.000 19036
3244.000 17426
3245.000 17788
3246.000 19292
3247.000 20044
3248.000 17866
3249.000 21046
3250.000 18152
3251.000 21796
3252.000 20332
3253.000 20502
3254.000 20980
3255.000 16878
3256.000 20380
3257.000 20486
3258.000 18494
3259.000 18426
3260.000 20494
3261.000 19968
3262.000 21936
3263.000 20532
3264.000 19940
3265.000 20944
3266.000 22034
3267.000 19572
3268.000 21250
3269.000 22018
3270.000 21860
3271.000 22440
3272.000 21510
3273.000 20906
3274.000 19240
3275.000 22844
3276.000 21660
3277.000 22096
3278.000 20386
3279.000 20090
3280.000 21062
3281.000 21472
3282.000 19594
3283.000 20198
3284.000 19584
3285.000 19794
3286.000 21180
3287.000 17550
3288.000 21758
3289.000 20312
3290.000 19272
3291.000 19274
3292.000 18108
3293.000 18592
3294.000 19078
3295.000 17022
3296.000 19406
3297.000 16712
3298.000 19722
3299.000 23944
3300.000 23178
3301.000 19856
3302.000 19474
3303.000 21950
3304.000 19316
3305.000 23426
3306.000 23752
3307.000 19946
3308.000 16386
3309.000 16662
3310.000 20332
3311.000 18712
3312.000 20266
3313.000 16976
3314.000 18596
3315.000 18926
3316.000 19344
3317.000 14300
3318.000 15130
3319.000 16430
3320.000 16318
3321.000 16494
3322.000 15779
3323.000 20682
3324.000 16658
3325.000 15952
3326.000 16372
3327.000 17188
3328.000 17346
3329.000 16778
3330.000 20588
3331.000 18580
3332.000 23642
3333.000 21182
3334.000 21674
3335.000 18326
3336.000 19568
3337.000 20000
3338.000 20224
3339.000 19086
3340.000 21302
3341.000 21048
3342.000 18342
3343.000 18422
3344.000 20062
3345.000 17976
3346.000 21348
3347.000 20902
3348.000 19800
3349.000 21348
3350.000 22268
3351.000 20404
3352.000 16934
3353.000 17938
3354.000 17642
3355.000 20452
3356.000 19520
3357.000 20430
3358.000 16990
3359.000 19392
3360.000 20244
3361.000 20706
3362.000 20546
3363.000 19362
3364.000 21424
3365.000 19152
3366.000 23032
3367.000 17556
3368.000 17458
3369.000 20984
3370.000 22658
3371.000 17274
3372.000 22010
3373.000 19688
3374.000 22792
3375.000 18732
3376.000 18272
3377.000 21258
3378.000 34406
3379.000 21654
3380.000 16986
3381.000 21606
3382.000 22822
3383.000 21174
3384.000 20590
3385.000 19340
3386.000 20502
3387.000 19054
3388.000 19850
3389.000 17282
3390.000 21568
3391.000 19470
3392.000 21954
3393.000 26180
3394.000 19102
3395.000 18554
3396.000 20530
3397.000 20148
3398.000 18502
3399.000 20178
3400.000 19940
3401.000 25062
3402.000 18374
3403.000 20988
3404.000 20894
3405.000 20646
3406.000 18128
3407.000 21646
3408.000 17352
3409.000 22246
3410.000 22610
3411.000 19688
3412.000 28000
3413.000 19744
3414.000 22646
3415.000 17594
3416.000 19368
3417.000 24350
3418.000 17100
3419.000 20192
3420.000 22594
3421.000 20170
3422.000 20000
3423.000 16632
3424.000 18742
3425.000 18620
3426.000 18372
3427.000 18090
3428.000 16846
3429.000 17180
3430.000 21614
3431.000 20232
3432.000 22906
3433.000 16680
3434.000 21740
3435.000 21956
3436.000 20176
3437.000 22186
3438.000 18348
3439.000 20938
3440.000 21984
3441.000 19396
3442.000 23586
3443.000 17152
3444.000 24636
3445.000 21382
3446.000 17556
3447.000 20818
3448.000 23630
3449.000 19904
3450.000 20426
3451.000 18466
3452.000 20620
3453.000 17026
3454.000 20610
3455.000 15194
3456.000 15750
3457.000 16336
3458.000 21172
3459.000 19676
3460.000 19380
3461.000 20142
3462.000 19514
3463.000 23326
3464.000 19350
3465.000 18774
3466.000 18032
3467.000 18810
3468.000 19634
3469.000 18352
3470.000 20386
3471.000 18722
3472.000 18774
3473.000 19876
3474.000 19242
3475.000 18790
3476.000 17404
3477.000 19006
3478.000 18136
3479.000 17144
3480.000 16886
3481.000 18372
3482.000 19238
3483.000 20638
3484.000 19866
3485.000 18918
3486.000 19972
3487.000 17688
3488.000 22436
3489.000 18680
3490.000 19952
3491.000 19418
3492.000 17914
3493.000 16406
3494.000 15896
3495.000 21928
3496.000 20400
3497.000 20646
3498.000 22142
3499.000 17012
3500.000 17414
3501.000 19806
3502.000 21662
3503.000 17846
3504.000 19980
3505.000 20630
3506.000 15642
3507.000 19290
3508.000 17270
3509.000 21382
3510.000 21528
3511.000 22572
3512.000 19602
3513.000 21704
3514.000 21622
3515.000 21380
3516.000 17480
3517.000 19434
3518.000 18290
3519.000 18764
3520.000 20306
3521.000 19246
3522.000 20084
3523.000 20282
3524.000 17730
3525.000 16690
3526.000 19460
3527.000 17612
3528.000 15840
3529.000 15709
3530.000 15760
3531.000 19574
3532.000 20316
3533.000 20708
3534.000 19110
3535.000 21988
3536.000 19972
3537.000 20950
3538.000 22084
3539.000 19492
3540.000 19522
3541.000 16240
3542.000 17758
3543.000 16446
3544.000 19520
3545.000 19160
3546.000 17768
3547.000 18478
3548.000 19068
3549.000 18542
3550.000 20296
3551.000 20306
3552.000 21118
3553.000 20360
3554.000 20180
3555.000 16648
3556.000 20456
3557.000 20440
3558.000 21996
3559.000 19880
3560.000 22234
3561.000 18966
3562.000 19274
3563.000 19824
3564.000 19722
3565.000 22310
3566.000 18706
3567.000 20246
3568.000 17210
3569.000 15949
3570.000 17242
3571.000 18168
3572.000 18430
3573.000 18114
3574.000 19382
3575.000 20864
3576.000 19774
3577.000 19414
3578.000 19430
3579.000 22676
3580.000 18778
3581.000 18294
3582.000 20396
3583.000 20320
3584.000 18252
3585.000 22762
3586.000 19872
3587.000 18580
3588.000 21576
3589.000 20034
3590.000 15727
3591.000 15789
3592.000 19320
3593.000 18898
3594.000 16416
3595.000 17936
3596.000 16416
3597.000 16854
3598.000 18682
3599.000 17468
3600.000 21178
3601.000 18374
3602.000 17500
3603.000 18486
3604.000 17150
3605.000 18178
3606.000 17962
3607.000 19856
3608.000 20692
3609.000 20540
3610.000 22064
3611.000 17526
3612.000 21718
3613.000 22324
3614.000 20130
3615.000 21512
3616.000 20078
3617.000 23312
3618.000 18826
3619.000 19488
3620.000 18610
3621.000 17122
3622.000 16772
3623.000 15723
3624.000 19094
3625.000 21568
3626.000 17604
3627.000 16672
3628.000 16344
3629.000 18454
3630.000 21054
3631.000 17900
3632.000 19962
3633.000 16404
3634.000 17260
3635.000 18574
3636.000 19600
3637.000 22172
3638.000 23360
3639.000 19506
3640.000 14672
3641.000 19546
3642.000 20242
3643.000 18414
3644.000 17514
3645.000 22908
3646.000 16564
3647.000 19356
3648.000 21706
3649.000 18792
3650.000 19596
3651.000 17160
3652.000 21344
3653.000 17446
3654.000 17116
3655.000 20666
3656.000 21834
3657.000 18008
3658.000 15976
3659.000 17936
3660.000 19514
3661.000 19080
3662.000 18058
3663.000 19408
3664.000 17878
3665.000 20142
3666.000 19340
3667.000 18344
3668.000 17352
3669.000 18820
3670.000 18850
3671.000 20574
3672.000 20160
3673.000 18400
3674.000 16188
3675.000 18448
3676.000 19962
3677.000 19258
3678.000 18846
3679.000 17616
3680.000 18496
3681.000 20998
3682.000 22140
3683.000 19900
3684.000 23174
3685.000 19516
3686.000 18786
3687.000 21200
3688.000 18082
3689.000 21866
3690.000 20804
3691.000 20722
3692.000 17254
3693.000 22396
3694.000 21296
3695.000 18458
3696.000 21138
3697.000 19322
3698.000 19918
3699.000 19864
3700.000 19826
3701.000 19042
3702.000 18854
3703.000 17530
3704.000 18510
3705.000 18626
3706.000 18764
3707.000 18260
3708.000 16732
3709.000 15564
3710.000 17506
3711.000 21032
3712.000 17848
3713.000 17312
3714.000 19304
3715.000 17636
3716.000 22332
3717.000 20716
3718.000 19356
3719.000 19838
3720.000 20354
3721.000 17576
3722.000 20870
3723.000 19404
3724.000 19962
3725.000 17350
3726.000 17902
3727.000 21412
3728.000 21720
3729.000 21318
3730.000 19490
3731.000 17808
3732.000 19844
3733.000 19052
3734.000 20532
3735.000 18828
3736.000 22744
3737.000 18688
3738.000 18238
3739.000 20852
3740.000 15098
3741.000 21438
3742.000 20050
3743.000 17032
3744.000 20930
3745.000 16001
3746.000 18358
3747.000 20652
3748.000 19510
3749.000 19392
3750.000 30626
3751.000 18868
3752.000 22204
3753.000 19556
3754.000 17418
3755.000 21718
3756.000 15448
3757.000 19008
3758.000 20276
3759.000 23078
3760.000 18868
3761.000 18652
3762.000 18170
3763.000 21768
3764.000 21106
3765.000 20842
3766.000 18652
3767.000 18664
3768.000 18198
3769.000 17602
3770.000 19488
3771.000 20348
3772.000 19292
3773.000 17962
3774.000 18894
3775.000 19500
3776.000 21536
3777.000 19512
3778.000 16812
3779.000 15396
3780.000 18594
3781.000 19598
3782.000 20918
3783.000 27074
3784.000 16230
3785.000 19566
3786.000 18044
3787.000 17568
3788.000 17002
3789.000 18608
3790.000 20956
3791.000 17228
3792.000 17416
3793.000 19580
3794.000 18710
3795.000 17862
3796.000 18328
3797.000 17184
3798.000 18626
3799.000 16526
3800.000 16472
3801.000 15990
3802.000 15694
3803.000 18100
3804.000 17258
3805.000 15578
3806.000 15775
3807.000 15962
3808.000 14436
3809.000 15945
3810.000 15238
3811.000 15774
3812.000 15130
3813.000 16060
3814.000 19428
3815.000 16122
3816.000 15064
3817.000 14996
3818.000 13682
3819.000 10698
3820.000 11350
3821.000 16670
3822.000 14930
3823.000 14892
3824.000 15921
3825.000 16624
3826.000 14994
3827.000 14216
3828.000 15286
3829.000 14994
3830.000 15910
3831.000 14794
3832.000 16554
3833.000 16157
3834.000 21202
3835.000 17444
3836.000 15674
3837.000 16806
3838.000 17770
3839.000 14198
3840.000 15926
3841.000 15812
3842.000 17336
3843.000 15774
3844.000 15334
3845.000 15775
3846.000 14860
3847.000 16114
3848.000 14300
3849.000 16672
3850.000 15709
3851.000 15130
3852.000 14214
3853.000 15845
3854.000 15638
3855.000 15130
3856.000 15948
3857.000 14860
3858.000 15860
3859.000 15200
3860.000 14994
3861.000 15034
3862.000 15200
3863.000 15928
3864.000 15114
3865.000 15064
3866.000 15130
3867.000 15638
3868.000 15016
3869.000 14978
3870.000 15012
3871.000 15064
3872.000 15114
3873.000 14096
3874.000 15200
3875.000 15740
3876.000 15474
3877.000 14284
3878.000 16372
3879.000 15850
3880.000 15945
3881.000 14366
3882.000 14860
3883.000 15980
3884.000 15685
3885.000 16086
3886.000 15945
3887.000 15130
3888.000 15726
3889.000 16624
3890.000 14994
3891.000 15608
3892.000 15708
3893.000 14940
3894.000 14994
3895.000 15200
3896.000 14994
3897.000 14216
3898.000 16184
3899.000 14860
3900.000 17334
3901.000 15845
3902.000 14350
3903.000 14978
3904.000 15082
3905.000 14994
3906.000 14350
3907.000 15064
3908.000 15862
3909.000 15112
3910.000 16232
3911.000 15130
3912.000 14860
3913.000 14420
3914.000 16284
3915.000 15910
3916.000 14930
3917.000 14350
3918.000 15064
3919.000 15200
3920.000 15656
3921.000 15130
3922.000 15102
3923.000 16049
3924.000 14876
3925.000 15636
3926.000 18594
3927.000 20212
3928.000 19358
3929.000 21614
3930.000 14878
3931.000 22944
3932.000 20014
3933.000 19866
3934.000 19948
3935.000 20274
3936.000 18824
3937.000 20334
3938.000 18934
3939.000 20056
3940.000 20068
3941.000 17862
3942.000 14880
3943.000 14930
3944.000 15956
3945.000 15130
3946.000 14284
3947.000 15114
3948.000 15741
3949.000 15200
3950.000 14994
3951.000 15830
3952.000 15844
3953.000 15775
3954.000 15774
3955.000 15803
3956.000 14742
3957.000 15114
3958.000 15152
3959.000 14994
3960.000 16640
3961.000 14930
3962.000 15264
3963.000 15640
3964.000 15200
3965.000 15736
3966.000 15893
3967.000 15112
3968.000 16066
3969.000 18890
3970.000 14350
3971.000 14812
3972.000 16162
3973.000 14860
3974.000 16642
3975.000 14332
3976.000 15775
3977.000 15064
3978.000 15963
3979.000 14214
3980.000 16506
3981.000 15264
3982.000 14860
3983.000 15474
3984.000 15638
3985.000 14996
3986.000 15318
3987.000 14994
3988.000 15900
3989.000 15064
3990.000 15640
3991.000 15128
3992.000 15845
3993.000 14994
3994.000 14862
3995.000 16742
3996.000 14878
3997.000 14350
3998.000 16708
3999.000 15326
4000.000 15032
4001.000 14420
4002.000 16536
4003.000 16690
4004.000 15134
4005.000 14994
4006.000 23986
4007.000 15064
4008.000 15080
4009.000 15638
4010.000 15845
4011.000 15758
4012.000 15910
4013.000 14150
4014.000 16044
4015.000 16420
4016.000 15200
4017.000 14724
4018.000 15216
4019.000 16662
4020.000 15114
4021.000 14876
4022.000 15050
4023.000 14876
4024.000 15206
4025.000 15064
4026.000 14350
4027.000 15640
4028.000 16066
4029.000 16656
4030.000 14232
4031.000 15996
4032.000 15812
4033.000 15758
4034.000 14284
4035.000 15910
4036.000 14994
4037.000 15200
4038.000 15064
4039.000 15010
4040.000 14930
4041.000 15130
4042.000 14860
4043.000 16136
4044.000 14994
4045.000 15876
4046.000 15080
4047.000 14350
4048.000 15080
4049.000 15200
4050.000 15130
4051.000 14860
4052.000 15334
4053.000 14860
4054.000 14350
4055.000 15064
4056.000 15114
4057.000 14994
4058.000 14388
4059.000 15506
4060.000 16104
4061.000 16018
4062.000 14842
4063.000 15130
4064.000 15890
4065.000 15640
4066.000 14858
4067.000 15726
4068.000 15860
4069.000 15130
4070.000 15978
4071.000 15640
4072.000 15504
4073.000 15200
4074.000 14994
4075.000 14350
4076.000 15200
4077.000 14860
4078.000 15080
4079.000 14420
4080.000 16438
4081.000 14994
4082.000 15980
4083.000 14214
4084.000 15792
4085.000 15048
4086.000 15948
4087.000 14994
4088.000 15152
4089.000 14994
4090.000 15656
4091.000 14420
4092.000 14994
4093.000 15168
4094.000 14150
4095.000 15130
4096.000 14994
4097.000 15200
4098.000 14166
4099.000 15926
4100.000 14892
4101.000 15152
4102.000 14994
4103.000 15914
4104.000 14946
4105.000 15100
4106.000 14468
4107.000 14946
4108.000 15216
4109.000 14978
4110.000 15082
4111.000 15032
4112.000 15130
4113.000 15574
4114.000 15012
4115.000 14842
4116.000 15200
4117.000 16554
4118.000 16506
4119.000 15034
4120.000 16478
4121.000 14978
4122.000 15962
4123.000 15034
4124.000 15718
4125.000 15048
4126.000 15130
4127.000 15640
4128.000 15168
4129.000 15910
4130.000 14978
4131.000 16894
4132.000 14080
4133.000 15130
4134.000 16796
4135.000 15775
4136.000 14994
4137.000 15980
4138.000 14946
4139.000 15130
4140.000 14420
4141.000 14860
4142.000 15032
4143.000 16760
4144.000 14350
4145.000 15624
4146.000 15844
4147.000 15774
4148.000 14420
4149.000 14946
4150.000 15907
4151.000 14860
4152.000 15844
4153.000 15150
4154.000 15792
4155.000 14968
4156.000 15130
4157.000 14214
4158.000 16764
4159.000 15028
4160.000 14860
4161.000 15200
4162.000 14994
4163.000 15286
4164.000 14284
4165.000 14996
4166.000 15907
4167.000 14286
4168.000 16011
4169.000 14860
4170.000 16894
4171.000 14080
4172.000 15774
4173.000 15064
4174.000 16636
4175.000 14860
4176.000 15980
4177.000 15796
4178.000 15098
4179.000 15080
4180.000 15190
4181.000 15130
4182.000 15844
4183.000 15114
4184.000 14922
4185.000 15082
4186.000 15741
4187.000 14860
4188.000 15709
4189.000 15098
4190.000 16552
4191.000 15980
4192.000 14214
4193.000 16200
4194.000 16351
4195.000 14232
4196.000 15910
4197.000 15048
4198.000 15694
4199.000 15080
4200.000 15845
4201.000 15774
4202.000 14996
4203.000 15844
4204.000 14216
4205.000 15774
4206.000 15845
4207.000 15010
4208.000 14334
4209.000 17608
4210.000 15066
4211.000 15504
4212.000 14538
4213.000 15774
4214.000 15656
4215.000 16726
4216.000 15264
4217.000 15910
4218.000 14930
4219.000 16011
4220.000 14080
4221.000 15882
4222.000 15774
4223.000 15286
4224.000 14286
4225.000 15774
4226.000 15112
4227.000 15200
4228.000 15792
4229.000 14946
4230.000 15844
4231.000 14994
4232.000 14994
4233.000 15962
4234.000 15012
4235.000 14978
4236.000 15034
4237.000 14994
4238.000 15130
4239.000 15796
4240.000 14412
4241.000 15910
4242.000 15774
4243.000 15708
4244.000 14514
4245.000 14878
4246.000 15692
4247.000 15540
4248.000 14740
4249.000 16846
4250.000 15718
4251.000 14270
4252.000 15910
4253.000 15844
4254.000 14996
4255.000 14994
4256.000 15238
4257.000 14726
4258.000 15264
4259.000 14490
4260.000 16538
4261.000 15130
4262.000 15562
4263.000 14216
4264.000 14994
4265.000 15844
4266.000 15892
4267.000 14876
4268.000 15064
4269.000 15608
4270.000 14994
4271.000 15574
4272.000 15758
4273.000 14876
4274.000 15270
4275.000 15522
4276.000 15168
4277.000 17388
4278.000 14350
4279.000 15080
4280.000 15184
4281.000 14876
4282.000 16824
4283.000 14440
4284.000 14996
4285.000 14994
4286.000 15680
4287.000 14216
4288.000 15907
4289.000 15032
4290.000 14468
4291.000 16570
4292.000 15590
4293.000 15893
4294.000 16010
4295.000 14168
4296.000 16656
4297.000 16538
4298.000 15080
4299.000 14946
4300.000 16322
4301.000 15082
4302.000 15112
4303.000 15756
4304.000 15338
4305.000 14994
4306.000 14996
4307.000 15844
4308.000 15130
4309.000 15080
4310.000 14286
4311.000 15774
4312.000 14860
4313.000 15170
4314.000 14214
4315.000 14996
4316.000 15708
4317.000 15168
4318.000 14350
4319.000 15930
4320.000 15892
4321.000 14980
4322.000 15200
4323.000 14876
4324.000 15910
4325.000 14150
4326.000 15948
4327.000 16538
4328.000 15200
4329.000 14200
4330.000 14940
4331.000 15844
4332.000 15907
4333.000 14216
4334.000 15064
4335.000 16028
4336.000 14860
4337.000 14554
4338.000 14860
4339.000 16129
4340.000 15440
4341.000 14860
4342.000 14978
4343.000 16018
4344.000 14994
4345.000 14334
4346.000 15082
4347.000 15640
4348.000 14996
4349.000 15236
4350.000 15892
4351.000 15774
4352.000 15200
4353.000 14860
4354.000 15264
4355.000 14930
4356.000 15948
4357.000 14350
4358.000 14930
4359.000 15080
4360.000 16854
4361.000 14404
4362.000 15789
4363.000 14996
4364.000 15110
4365.000 16162
4366.000 15640
4367.000 15878
4368.000 16420
4369.000 15610
4370.000 15236
4371.000 15774
4372.000 14216
4373.000 15844
4374.000 15130
4375.000 15876
4376.000 14946
4377.000 15907
4378.000 14996
4379.000 15930
4380.000 15624
4381.000 14214
4382.000 15066
4383.000 15892
4384.000 14232
4385.000 15318
4386.000 14860
4387.000 15130
4388.000 14166
4389.000 15996
4390.000 15386
4391.000 15980
4392.000 14858
4393.000 15893
4394.000 16504
4395.000 16656
4396.000 14350
4397.000 14946
4398.000 16028
4399.000 14166
4400.000 16098
4401.000 15907
4402.000 15034
4403.000 16000
4404.000 15114
4405.000 16570
4406.000 15942
4407.000 14860
4408.000 15012
4409.000 16114
4410.000 15080
4411.000 16458
4412.000 14214
4413.000 15980
4414.000 14860
4415.000 15926
4416.000 14150
4417.000 15893
4418.000 14860
4419.000 15420
4420.000 14394
4421.000 18164
4422.000 17342
4423.000 14894
4424.000 14890
4425.000 16490
4426.000 15130
4427.000 16418
4428.000 15050
4429.000 15096
4430.000 15775
4431.000 15064
4432.000 14860
4433.000 15398
4434.000 15200
4435.000 14860
4436.000 15910
4437.000 15844
4438.000 16420
4439.000 15779
4440.000 14538
4441.000 15012
4442.000 14994
4443.000 15827
4444.000 14096
4445.000 15910
4446.000 15709
4447.000 15910
4448.000 14994
4449.000 15016
4450.000 15112
4451.000 16454
4452.000 14286
4453.000 14994
4454.000 15130
4455.000 15841
4456.000 15775
4457.000 14994
4458.000 15200
4459.000 15216
4460.000 15640
4461.000 15200
4462.000 14976
4463.000 17176
4464.000 16214
4465.000 15130
4466.000 16576
4467.000 14302
4468.000 4408
