# Slice: URLLC | 112.217.128.197:11852 -> 10.215.173.1:49003 (UDP)
# offset_sec  packet_size_bytes
0.000 106552
1.000 99900
2.000 99900
3.000 99900
4.000 99900
5.000 99900
6.000 99900
7.000 99242
8.000 100558
9.000 98231
10.000 100911
11.000 100558
12.000 99900
13.000 99900
14.000 99900
15.000 99242
16.000 100558
17.000 99900
18.000 99900
19.000 99900
20.000 99900
21.000 99242
22.000 99900
23.000 100558
24.000 99242
25.000 100558
26.000 99900
27.000 99900
28.000 99900
29.000 99900
30.000 99900
31.000 99900
32.000 99900
33.000 99900
34.000 99900
35.000 99900
36.000 99900
37.000 99900
38.000 99900
39.000 99900
40.000 99900
41.000 99900
42.000 99900
43.000 99900
44.000 99242
45.000 99900
46.000 100558
47.000 99900
48.000 99900
49.000 99900
50.000 99900
51.000 99900
52.000 99900
53.000 99900
54.000 99900
55.000 99900
56.000 99242
57.000 100558
58.000 99900
59.000 99900
60.000 99900
61.000 99900
62.000 99900
63.000 99900
64.000 99571
65.000 100229
66.000 99900
67.000 99900
68.000 99900
69.000 99900
70.000 99242
71.000 100558
72.000 99900
73.000 99900
74.000 99242
75.000 100558
76.000 99900
77.000 99900
78.000 99242
79.000 100558
80.000 99900
81.000 99571
82.000 99571
83.000 99900
84.000 99900
85.000 99900
86.000 100558
87.000 99242
88.000 100558
89.000 99900
90.000 99900
91.000 99242
92.000 100558
93.000 99900
94.000 99900
95.000 99900
96.000 99900
97.000 99900
98.000 99900
99.000 99900
100.000 99242
101.000 100558
102.000 99900
103.000 99900
104.000 99900
105.000 99900
106.000 99900
107.000 99900
108.000 99900
109.000 99900
110.000 99900
111.000 99900
112.000 99900
113.000 99900
114.000 99242
115.000 100558
116.000 99900
117.000 99900
118.000 99900
119.000 99242
120.000 100558
121.000 99242
122.000 100558
123.000 99900
124.000 99242
125.000 100558
126.000 99242
127.000 99900
128.000 100558
129.000 99900
130.000 99900
131.000 99900
132.000 99900
133.000 99900
134.000 99900
135.000 99900
136.000 99900
137.000 99242
138.000 99900
139.000 100558
140.000 99900
141.000 99900
142.000 99900
143.000 99900
144.000 99900
145.000 99242
146.000 99900
147.000 100558
148.000 99242
149.000 100558
150.000 99900
151.000 99242
152.000 100558
153.000 99242
154.000 100558
155.000 99900
156.000 99900
157.000 99242
158.000 100558
159.000 99900
160.000 99900
161.000 99242
162.000 100558
163.000 99242
164.000 100558
165.000 99242
166.000 100558
167.000 99242
168.000 100558
169.000 99571
170.000 100229
171.000 99242
172.000 99900
173.000 100558
174.000 99571
175.000 100229
176.000 99900
177.000 99242
178.000 99900
179.000 100558
180.000 99900
181.000 99900
182.000 99242
183.000 100558
184.000 99900
185.000 99900
186.000 99242
187.000 99900
188.000 100558
189.000 99900
190.000 98901
191.000 100570
192.000 100229
193.000 99242
194.000 100558
195.000 99900
196.000 99242
197.000 100558
198.000 99242
199.000 99900
200.000 99900
201.000 99900
202.000 99900
203.000 99900
204.000 100558
205.000 99242
206.000 99900
207.000 99900
208.000 100558
209.000 98231
210.000 101569
211.000 99242
212.000 99900
213.000 99900
214.000 99900
215.000 100558
216.000 99571
217.000 98560
218.000 101569
219.000 99900
220.000 98901
221.000 99230
222.000 101569
223.000 98560
224.000 100582
225.000 99900
226.000 100558
227.000 99900
228.000 99242
229.000 100229
230.000 98560
231.000 100911
232.000 99900
233.000 99900
234.000 100558
235.000 99900
236.000 99242
237.000 100558
238.000 99242
239.000 100558
240.000 99242
241.000 99900
242.000 98889
243.000 100911
244.000 100229
245.000 99900
246.000 99571
247.000 100558
248.000 99900
249.000 99900
250.000 99571
251.000 100229
252.000 98901
253.000 100899
254.000 99900
255.000 97902
256.000 101240
257.000 100558
258.000 99571
259.000 100229
260.000 99571
261.000 99900
262.000 99571
263.000 99900
264.000 99900
265.000 98889
266.000 101569
267.000 99242
268.000 100558
269.000 99900
270.000 99242
271.000 99900
272.000 100558
273.000 99242
274.000 100558
275.000 99242
276.000 99900
277.000 100558
278.000 99242
279.000 99900
280.000 99900
281.000 99900
282.000 100558
283.000 99242
284.000 99900
285.000 99900
286.000 100558
287.000 99900
288.000 99900
289.000 99242
290.000 99900
291.000 98560
292.000 101240
293.000 100558
294.000 99900
295.000 99242
296.000 100558
297.000 99242
298.000 99900
299.000 99900
300.000 100558
301.000 99242
302.000 100558
303.000 99242
304.000 99900
305.000 100558
306.000 99242
307.000 99900
308.000 100558
309.000 99900
310.000 99900
311.000 99242
312.000 100558
313.000 99900
314.000 99242
315.000 99900
316.000 98560
317.000 101240
318.000 99900
319.000 99900
320.000 99900
321.000 99900
322.000 99900
323.000 99900
324.000 99900
325.000 98560
326.000 101240
327.000 99900
328.000 98560
329.000 101240
330.000 99900
331.000 99900
332.000 99900
333.000 100558
334.000 99242
335.000 99900
336.000 100558
337.000 99242
338.000 100229
339.000 98231
340.000 101240
341.000 100558
342.000 99900
343.000 99242
344.000 100558
345.000 99900
346.000 99242
347.000 99900
348.000 99900
349.000 99900
350.000 100558
351.000 99900
352.000 99242
353.000 100558
354.000 97902
355.000 101240
356.000 99900
357.000 99900
358.000 99900
359.000 99900
360.000 100558
361.000 99242
362.000 99900
363.000 99900
364.000 99900
365.000 99900
366.000 100558
367.000 99242
368.000 99900
369.000 100558
370.000 99242
371.000 99900
372.000 99900
373.000 99900
374.000 99900
375.000 100558
376.000 99242
377.000 99900
378.000 100558
379.000 99242
380.000 100558
381.000 99242
382.000 99900
383.000 99900
384.000 99900
385.000 98889
386.000 99900
387.000 99900
388.000 100911
389.000 99900
390.000 99900
391.000 99900
392.000 98560
393.000 101240
394.000 98560
395.000 101240
396.000 99900
397.000 99900
398.000 99900
399.000 99900
400.000 100229
401.000 99571
402.000 99900
403.000 98560
404.000 99242
405.000 101898
406.000 99900
407.000 99900
408.000 99900
409.000 100558
410.000 97902
411.000 101240
412.000 99900
413.000 99900
414.000 99900
415.000 100558
416.000 99900
417.000 99900
418.000 99242
419.000 99900
420.000 99900
421.000 99900
422.000 99900
423.000 99900
424.000 99900
425.000 99900
426.000 100558
427.000 99242
428.000 99559
429.000 100241
430.000 99900
431.000 99900
432.000 99900
433.000 98560
434.000 101898
435.000 99242
436.000 99900
437.000 99900
438.000 99900
439.000 99900
440.000 99900
441.000 100558
442.000 99242
443.000 99559
444.000 100241
445.000 99900
446.000 99900
447.000 99900
448.000 99900
449.000 98560
450.000 101240
451.000 99900
452.000 99900
453.000 98560
454.000 101240
455.000 99900
456.000 99900
457.000 99900
458.000 99900
459.000 99900
460.000 99900
461.000 99900
462.000 99900
463.000 99900
464.000 99559
465.000 100899
466.000 99242
467.000 99900
468.000 99900
469.000 99900
470.000 99900
471.000 99900
472.000 99900
473.000 99900
474.000 99900
475.000 99900
476.000 98560
477.000 101240
478.000 99900
479.000 99900
480.000 99900
481.000 98560
482.000 101240
483.000 99900
484.000 98560
485.000 101240
486.000 99900
487.000 99900
488.000 99900
489.000 99900
490.000 98560
491.000 101240
492.000 99900
493.000 98889
494.000 99900
495.000 100911
496.000 99900
497.000 99900
498.000 99900
499.000 99900
500.000 99900
501.000 99900
502.000 99900
503.000 99900
504.000 99900
505.000 100229
506.000 99571
507.000 99900
508.000 98560
509.000 101240
510.000 99900
511.000 99900
512.000 98560
513.000 101240
514.000 99900
515.000 99900
516.000 99900
517.000 99900
518.000 99900
519.000 98560
520.000 101240
521.000 99900
522.000 99900
523.000 99900
524.000 99900
525.000 99900
526.000 99900
527.000 99900
528.000 99900
529.000 99900
530.000 99900
531.000 99900
532.000 99900
533.000 99900
534.000 99900
535.000 99900
536.000 99900
537.000 99900
538.000 99900
539.000 99900
540.000 98560
541.000 101240
542.000 98560
543.000 101240
544.000 99900
545.000 99900
546.000 99900
547.000 99900
548.000 99900
549.000 99900
550.000 99900
551.000 99900
552.000 98560
553.000 101240
554.000 99900
555.000 99900
556.000 99218
557.000 100582
558.000 99900
559.000 99900
560.000 99900
561.000 99900
562.000 99900
563.000 99900
564.000 99900
565.000 98560
566.000 101240
567.000 99900
568.000 99900
569.000 99900
570.000 99900
571.000 99900
572.000 99900
573.000 99900
574.000 98560
575.000 101240
576.000 98889
577.000 100911
578.000 99900
579.000 99218
580.000 100582
581.000 99900
582.000 99900
583.000 100229
584.000 99571
585.000 98560
586.000 99900
587.000 99900
588.000 101240
589.000 99900
590.000 99900
591.000 99900
592.000 99900
593.000 99900
594.000 99900
595.000 99900
596.000 99900
597.000 98560
598.000 101240
599.000 99900
600.000 99900
601.000 99900
602.000 99900
603.000 99900
604.000 98560
605.000 101240
606.000 99900
607.000 99218
608.000 100582
609.000 98560
610.000 101240
611.000 99900
612.000 99900
613.000 98560
614.000 101240
615.000 98560
616.000 99900
617.000 99900
618.000 100229
619.000 99571
620.000 101240
621.000 98560
622.000 100558
623.000 100582
624.000 99900
625.000 98560
626.000 101240
627.000 99900
628.000 98560
629.000 101240
630.000 98560
631.000 101240
632.000 98560
633.000 101240
634.000 98560
635.000 101240
636.000 99900
637.000 99900
638.000 98889
639.000 99571
640.000 101240
641.000 98889
642.000 100911
643.000 99900
644.000 99900
645.000 99900
646.000 99218
647.000 100582
648.000 98560
649.000 101240
650.000 99900
651.000 99900
652.000 99900
653.000 99900
654.000 99900
655.000 99900
656.000 99900
657.000 99900
658.000 98889
659.000 100911
660.000 98560
661.000 101240
662.000 98560
663.000 101240
664.000 98560
665.000 101240
666.000 98889
667.000 100911
668.000 98560
669.000 101240
670.000 99900
671.000 98560
672.000 101240
673.000 99900
674.000 99900
675.000 99900
676.000 99900
677.000 98560
678.000 101240
679.000 99900
680.000 99900
681.000 99900
682.000 99900
683.000 99900
684.000 98889
685.000 101569
686.000 99242
687.000 98560
688.000 101240
689.000 99900
690.000 99900
691.000 99900
692.000 99900
693.000 99900
694.000 99900
695.000 99900
696.000 99218
697.000 100582
698.000 98560
699.000 99900
700.000 101240
701.000 99900
702.000 97902
703.000 101898
704.000 99900
705.000 99900
706.000 98560
707.000 99900
708.000 99900
709.000 99900
710.000 99900
711.000 101240
712.000 99559
713.000 100241
714.000 98560
715.000 99900
716.000 99900
717.000 100229
718.000 99900
719.000 100911
720.000 99900
721.000 98560
722.000 101240
723.000 99559
724.000 98901
725.000 101240
726.000 98560
727.000 99900
728.000 101240
729.000 99900
730.000 99900
731.000 98560
732.000 101240
733.000 98560
734.000 101240
735.000 98560
736.000 99242
737.000 100558
738.000 100899
739.000 100241
740.000 99900
741.000 98560
742.000 99900
743.000 101240
744.000 98560
745.000 101240
746.000 98560
747.000 101240
748.000 99900
749.000 98560
750.000 99900
751.000 101240
752.000 98560
753.000 101240
754.000 98560
755.000 99900
756.000 99900
757.000 99900
758.000 100229
759.000 99571
760.000 101240
761.000 98560
762.000 99900
763.000 101240
764.000 98560
765.000 99900
766.000 101240
767.000 98560
768.000 101240
769.000 98560
770.000 99900
771.000 99900
772.000 99900
773.000 101240
774.000 98560
775.000 99900
776.000 99900
777.000 101240
778.000 98560
779.000 99900
780.000 99900
781.000 99900
782.000 101240
783.000 99900
784.000 98560
785.000 101240
786.000 99900
787.000 98560
788.000 99900
789.000 99900
790.000 101240
791.000 98560
792.000 99900
793.000 101240
794.000 99900
795.000 98560
796.000 99900
797.000 99900
798.000 99900
799.000 101240
800.000 97902
801.000 100558
802.000 99900
803.000 99900
804.000 99900
805.000 101240
806.000 98560
807.000 99900
808.000 99900
809.000 99900
810.000 99900
811.000 99900
812.000 99900
813.000 99900
814.000 99900
815.000 101240
816.000 98560
817.000 99900
818.000 101240
819.000 98560
820.000 100229
821.000 99571
822.000 99900
823.000 99900
824.000 99900
825.000 99900
826.000 99242
827.000 100558
828.000 99242
829.000 100229
830.000 101569
831.000 98560
832.000 99571
833.000 100229
834.000 99900
835.000 99900
836.000 99900
837.000 100229
838.000 99571
839.000 99900
840.000 99900
841.000 99900
842.000 99900
843.000 99900
844.000 99900
845.000 99900
846.000 99900
847.000 99900
848.000 99900
849.000 101240
850.000 99900
851.000 98560
852.000 99900
853.000 101240
854.000 99900
855.000 98560
856.000 99900
857.000 99900
858.000 99900
859.000 99900
860.000 100229
861.000 99571
862.000 99242
863.000 100558
864.000 100229
865.000 99571
866.000 99571
867.000 101569
868.000 98560
869.000 101240
870.000 98560
871.000 99900
872.000 99900
873.000 99900
874.000 99900
875.000 99900
876.000 101240
877.000 99900
878.000 98560
879.000 99900
880.000 99900
881.000 99571
882.000 100229
883.000 101240
884.000 98560
885.000 99900
886.000 99900
887.000 101240
888.000 98560
889.000 99900
890.000 99900
891.000 99900
892.000 99900
893.000 99900
894.000 99900
895.000 99900
896.000 99900
897.000 100229
898.000 99571
899.000 99900
900.000 99900
901.000 100229
902.000 99571
903.000 99900
904.000 101240
905.000 98560
906.000 99900
907.000 99900
908.000 99900
909.000 99242
910.000 100558
911.000 100558
912.000 99242
913.000 99900
914.000 101240
915.000 98560
916.000 99900
917.000 99900
918.000 99900
919.000 99900
920.000 99900
921.000 99900
922.000 99900
923.000 99900
924.000 99900
925.000 99900
926.000 99242
927.000 100558
928.000 101240
929.000 98560
930.000 99900
931.000 99900
932.000 99900
933.000 99900
934.000 99900
935.000 99900
936.000 99900
937.000 101240
938.000 98560
939.000 99900
940.000 99900
941.000 99242
942.000 100558
943.000 99900
944.000 99900
945.000 99900
946.000 99900
947.000 99900
948.000 99900
949.000 99900
950.000 101240
951.000 98560
952.000 99900
953.000 99900
954.000 99900
955.000 99900
956.000 99900
957.000 99900
958.000 99900
959.000 100229
960.000 99571
961.000 99900
962.000 99242
963.000 101898
964.000 98560
965.000 99900
966.000 99900
967.000 99900
968.000 101240
969.000 98560
970.000 100229
971.000 99571
972.000 99900
973.000 99900
974.000 99900
975.000 99900
976.000 101240
977.000 98560
978.000 99571
979.000 100229
980.000 99900
981.000 99900
982.000 99900
983.000 99900
984.000 99900
985.000 99900
986.000 99900
987.000 100229
988.000 99571
989.000 99900
990.000 99571
991.000 100887
992.000 99242
993.000 99900
994.000 99900
995.000 99900
996.000 97902
997.000 101898
998.000 99242
999.000 100558
1000.000 99900
1001.000 99900
1002.000 99900
1003.000 99900
1004.000 99900
1005.000 99900
1006.000 99900
1007.000 99900
1008.000 99900
1009.000 101240
1010.000 99218
1011.000 100582
1012.000 98560
1013.000 99900
1014.000 99900
1015.000 99900
1016.000 101240
1017.000 99900
1018.000 98560
1019.000 99900
1020.000 99900
1021.000 99900
1022.000 99242
1023.000 100558
1024.000 99900
1025.000 99900
1026.000 99900
1027.000 99900
1028.000 99900
1029.000 99900
1030.000 99900
1031.000 99900
1032.000 99242
1033.000 100558
1034.000 99900
1035.000 99900
1036.000 99900
1037.000 99900
1038.000 99900
1039.000 99900
1040.000 99900
1041.000 99900
1042.000 99900
1043.000 99900
1044.000 99900
1045.000 99900
1046.000 99900
1047.000 99900
1048.000 99900
1049.000 99900
1050.000 99900
1051.000 99900
1052.000 99900
1053.000 101240
1054.000 98560
1055.000 100899
1056.000 98901
1057.000 99900
1058.000 99900
1059.000 99900
1060.000 99900
1061.000 99900
1062.000 99900
1063.000 101240
1064.000 98560
1065.000 99900
1066.000 99900
1067.000 99900
1068.000 101240
1069.000 99900
1070.000 98560
1071.000 99900
1072.000 99900
1073.000 100229
1074.000 99571
1075.000 99900
1076.000 99900
1077.000 99242
1078.000 100558
1079.000 99900
1080.000 99900
1081.000 99900
1082.000 99900
1083.000 99900
1084.000 99900
1085.000 99900
1086.000 99900
1087.000 99242
1088.000 100558
1089.000 99900
1090.000 99900
1091.000 99242
1092.000 100887
1093.000 98913
1094.000 99900
1095.000 100558
1096.000 101240
1097.000 97902
1098.000 100558
1099.000 99571
1100.000 100229
1101.000 99900
1102.000 99900
1103.000 99900
1104.000 99900
1105.000 99900
1106.000 99900
1107.000 99242
1108.000 100558
1109.000 99571
1110.000 100229
1111.000 99900
1112.000 99900
1113.000 99900
1114.000 99900
1115.000 99900
1116.000 99571
1117.000 100229
1118.000 99900
1119.000 99900
1120.000 100229
1121.000 99242
1122.000 100229
1123.000 99900
1124.000 99900
1125.000 99900
1126.000 99900
1127.000 99900
1128.000 99900
1129.000 99900
1130.000 99900
1131.000 99900
1132.000 99900
1133.000 99900
1134.000 99900
1135.000 99900
1136.000 99900
1137.000 99900
1138.000 99900
1139.000 99900
1140.000 97902
1141.000 101898
1142.000 99900
1143.000 99900
1144.000 99900
1145.000 99900
1146.000 99242
1147.000 100558
1148.000 99900
1149.000 99242
1150.000 100558
1151.000 99900
1152.000 99900
1153.000 99900
1154.000 99900
1155.000 99242
1156.000 100558
1157.000 99900
1158.000 99242
1159.000 100558
1160.000 99242
1161.000 100558
1162.000 99900
1163.000 99900
1164.000 99900
1165.000 99900
1166.000 99900
1167.000 99900
1168.000 99242
1169.000 100229
1170.000 99900
1171.000 100229
1172.000 99900
1173.000 99900
1174.000 99571
1175.000 100229
1176.000 99900
1177.000 99900
1178.000 99242
1179.000 100558
1180.000 99242
1181.000 100558
1182.000 99242
1183.000 100229
1184.000 100229
1185.000 99900
1186.000 99242
1187.000 98560
1188.000 101240
1189.000 100558
1190.000 99242
1191.000 99900
1192.000 100558
1193.000 97902
1194.000 101898
1195.000 99900
1196.000 99900
1197.000 99900
1198.000 99900
1199.000 99900
1200.000 99900
1201.000 99571
1202.000 100229
1203.000 99900
1204.000 99900
1205.000 99900
1206.000 99900
1207.000 99242
1208.000 99900
1209.000 100558
1210.000 99242
1211.000 100558
1212.000 99900
1213.000 99900
1214.000 99242
1215.000 100558
1216.000 99242
1217.000 99900
1218.000 100558
1219.000 99900
1220.000 99900
1221.000 99900
1222.000 99900
1223.000 99900
1224.000 99900
1225.000 99900
1226.000 99242
1227.000 100558
1228.000 99900
1229.000 99900
1230.000 99242
1231.000 100558
1232.000 99900
1233.000 99242
1234.000 99900
1235.000 100558
1236.000 99900
1237.000 99900
1238.000 99900
1239.000 99242
1240.000 100229
1241.000 100229
1242.000 99242
1243.000 99900
1244.000 100558
1245.000 99242
1246.000 100229
1247.000 100229
1248.000 99900
1249.000 99900
1250.000 99900
1251.000 99900
1252.000 99242
1253.000 100558
1254.000 99900
1255.000 99900
1256.000 99242
1257.000 100558
1258.000 99242
1259.000 99900
1260.000 100558
1261.000 99900
1262.000 99900
1263.000 99242
1264.000 100558
1265.000 99900
1266.000 99900
1267.000 99900
1268.000 99242
1269.000 99900
1270.000 99900
1271.000 100558
1272.000 99242
1273.000 100558
1274.000 99242
1275.000 100558
1276.000 99242
1277.000 99900
1278.000 100558
1279.000 99242
1280.000 100558
1281.000 99900
1282.000 99900
1283.000 99900
1284.000 99900
1285.000 99242
1286.000 100558
1287.000 99900
1288.000 99900
1289.000 99900
1290.000 99900
1291.000 99900
1292.000 99900
1293.000 99900
1294.000 99900
1295.000 99900
1296.000 99242
1297.000 100558
1298.000 99900
1299.000 99242
1300.000 100558
1301.000 99900
1302.000 99900
1303.000 99900
1304.000 99900
1305.000 99242
1306.000 100558
1307.000 99900
1308.000 99900
1309.000 99900
1310.000 99571
1311.000 99900
1312.000 100229
1313.000 99242
1314.000 100558
1315.000 99900
1316.000 99900
1317.000 99900
1318.000 99900
1319.000 99242
1320.000 100558
1321.000 99900
1322.000 99900
1323.000 98901
1324.000 100899
1325.000 99900
1326.000 99900
1327.000 99900
1328.000 99900
1329.000 99900
1330.000 99242
1331.000 100558
1332.000 99242
1333.000 100558
1334.000 99900
1335.000 99900
1336.000 99900
1337.000 99242
1338.000 100558
1339.000 99900
1340.000 99900
1341.000 99900
1342.000 99900
1343.000 99242
1344.000 100558
1345.000 99900
1346.000 99900
1347.000 99900
1348.000 99571
1349.000 100229
1350.000 99900
1351.000 99242
1352.000 99900
1353.000 100558
1354.000 99571
1355.000 100229
1356.000 99900
1357.000 99900
1358.000 99900
1359.000 98231
1360.000 101569
1361.000 99900
1362.000 99900
1363.000 99900
1364.000 99900
1365.000 99242
1366.000 100558
1367.000 99900
1368.000 99571
1369.000 100229
1370.000 99900
1371.000 99900
1372.000 99571
1373.000 99571
1374.000 99900
1375.000 100558
1376.000 99900
1377.000 99900
1378.000 99242
1379.000 99900
1380.000 100558
1381.000 99900
1382.000 99571
1383.000 100229
1384.000 99571
1385.000 99571
1386.000 98560
1387.000 101898
1388.000 99242
1389.000 99900
1390.000 99900
1391.000 100558
1392.000 99900
1393.000 99571
1394.000 99571
1395.000 99218
1396.000 99571
1397.000 100911
1398.000 99218
1399.000 101240
1400.000 99900
1401.000 99900
1402.000 99242
1403.000 100558
1404.000 99242
1405.000 99900
1406.000 100558
1407.000 99242
1408.000 99900
1409.000 99900
1410.000 100558
1411.000 99900
1412.000 99571
1413.000 100229
1414.000 99900
1415.000 99900
1416.000 99571
1417.000 100229
1418.000 99242
1419.000 100558
1420.000 99242
1421.000 100229
1422.000 99571
1423.000 100558
1424.000 99242
1425.000 100558
1426.000 99900
1427.000 99242
1428.000 99559
1429.000 100241
1430.000 99900
1431.000 100558
1432.000 99242
1433.000 99900
1434.000 99900
1435.000 99900
1436.000 99900
1437.000 99559
1438.000 98901
1439.000 101898
1440.000 99900
1441.000 99900
1442.000 99900
1443.000 99900
1444.000 98560
1445.000 99242
1446.000 101240
1447.000 100558
1448.000 99242
1449.000 99900
1450.000 99900
1451.000 99900
1452.000 99900
1453.000 100558
1454.000 99900
1455.000 99242
1456.000 100558
1457.000 99242
1458.000 99900
1459.000 100558
1460.000 99242
1461.000 100558
1462.000 99242
1463.000 99900
1464.000 99900
1465.000 99900
1466.000 99900
1467.000 100558
1468.000 99242
1469.000 100558
1470.000 99900
1471.000 99242
1472.000 99900
1473.000 99900
1474.000 100558
1475.000 99242
1476.000 99900
1477.000 98560
1478.000 101898
1479.000 99242
1480.000 100558
1481.000 99900
1482.000 99242
1483.000 100558
1484.000 99242
1485.000 100558
1486.000 99900
1487.000 99900
1488.000 99900
1489.000 99242
1490.000 99900
1491.000 99900
1492.000 100558
1493.000 99242
1494.000 100558
1495.000 99242
1496.000 100558
1497.000 99242
1498.000 99900
1499.000 99900
1500.000 100558
1501.000 99242
1502.000 100558
1503.000 99242
1504.000 100558
1505.000 99900
1506.000 99242
1507.000 99900
1508.000 100558
1509.000 99242
1510.000 99900
1511.000 99900
1512.000 100558
1513.000 99242
1514.000 99900
1515.000 99900
1516.000 100558
1517.000 99242
1518.000 99900
1519.000 100558
1520.000 99242
1521.000 99900
1522.000 100558
1523.000 99242
1524.000 99900
1525.000 99900
1526.000 99900
1527.000 99900
1528.000 99900
1529.000 98560
1530.000 100558
1531.000 101240
1532.000 99900
1533.000 99571
1534.000 98231
1535.000 101898
1536.000 99900
1537.000 99900
1538.000 99242
1539.000 99900
1540.000 99900
1541.000 99900
1542.000 100558
1543.000 99242
1544.000 100558
1545.000 97902
1546.000 101240
1547.000 99900
1548.000 99900
1549.000 100558
1550.000 99900
1551.000 99242
1552.000 99900
1553.000 99900
1554.000 99900
1555.000 99900
1556.000 99900
1557.000 100558
1558.000 99242
1559.000 100558
1560.000 99900
1561.000 99242
1562.000 100229
1563.000 100229
1564.000 99242
1565.000 99900
1566.000 100558
1567.000 99242
1568.000 99900
1569.000 100558
1570.000 99242
1571.000 100558
1572.000 99900
1573.000 99242
1574.000 99900
1575.000 99900
1576.000 100229
1577.000 100229
1578.000 99242
1579.000 99218
1580.000 100582
1581.000 99559
1582.000 100899
1583.000 99242
1584.000 99900
1585.000 99900
1586.000 99900
1587.000 98889
1588.000 99571
1589.000 100558
1590.000 99571
1591.000 100911
1592.000 99900
1593.000 98889
1594.000 101569
1595.000 99242
1596.000 100558
1597.000 99242
1598.000 98560
1599.000 101240
1600.000 98889
1601.000 100911
1602.000 99900
1603.000 99900
1604.000 99900
1605.000 99900
1606.000 99900
1607.000 99900
1608.000 99900
1609.000 98889
1610.000 100911
1611.000 99559
1612.000 100899
1613.000 97902
1614.000 99900
1615.000 101240
1616.000 98560
1617.000 101240
1618.000 98889
1619.000 99571
1620.000 99900
1621.000 101240
1622.000 99900
1623.000 99900
1624.000 99218
1625.000 99900
1626.000 100582
1627.000 99900
1628.000 99900
1629.000 100558
1630.000 99242
1631.000 99900
1632.000 98560
1633.000 101240
1634.000 99900
1635.000 99900
1636.000 99900
1637.000 99900
1638.000 99900
1639.000 99900
1640.000 99900
1641.000 99900
1642.000 99900
1643.000 99900
1644.000 99900
1645.000 99900
1646.000 100558
1647.000 99242
1648.000 99900
1649.000 99900
1650.000 99900
1651.000 99559
1652.000 100241
1653.000 98560
1654.000 101240
1655.000 99900
1656.000 99900
1657.000 99900
1658.000 99900
1659.000 99900
1660.000 99900
1661.000 99900
1662.000 99900
1663.000 99900
1664.000 99900
1665.000 98560
1666.000 101240
1667.000 99900
1668.000 99900
1669.000 99900
1670.000 99900
1671.000 99900
1672.000 99900
1673.000 99900
1674.000 99900
1675.000 99900
1676.000 99900
1677.000 99900
1678.000 99900
1679.000 98560
1680.000 101240
1681.000 99900
1682.000 99900
1683.000 99900
1684.000 99900
1685.000 99900
1686.000 99218
1687.000 100582
1688.000 98560
1689.000 101240
1690.000 99218
1691.000 100582
1692.000 99900
1693.000 99900
1694.000 99900
1695.000 99900
1696.000 99900
1697.000 99900
1698.000 98889
1699.000 100911
1700.000 99900
1701.000 99900
1702.000 99900
1703.000 99900
1704.000 99900
1705.000 98560
1706.000 101240
1707.000 99900
1708.000 99900
1709.000 99900
1710.000 98889
1711.000 100911
1712.000 99900
1713.000 99900
1714.000 99900
1715.000 99900
1716.000 99900
1717.000 98560
1718.000 101240
1719.000 99900
1720.000 99218
1721.000 99571
1722.000 100570
1723.000 100241
1724.000 99900
1725.000 99900
1726.000 99900
1727.000 99900
1728.000 99900
1729.000 99900
1730.000 99900
1731.000 99900
1732.000 98889
1733.000 100911
1734.000 98560
1735.000 101240
1736.000 99900
1737.000 99900
1738.000 99900
1739.000 99900
1740.000 99900
1741.000 99900
1742.000 99900
1743.000 99900
1744.000 99900
1745.000 99900
1746.000 99900
1747.000 99900
1748.000 99900
1749.000 99900
1750.000 99900
1751.000 99900
1752.000 99900
1753.000 99900
1754.000 99900
1755.000 99559
1756.000 100241
1757.000 99900
1758.000 99900
1759.000 99900
1760.000 99900
1761.000 99900
1762.000 99900
1763.000 99900
1764.000 99900
1765.000 99900
1766.000 98889
1767.000 100911
1768.000 99900
1769.000 99900
1770.000 99900
1771.000 99900
1772.000 99900
1773.000 99900
1774.000 99900
1775.000 98560
1776.000 99900
1777.000 101240
1778.000 100229
1779.000 99571
1780.000 99900
1781.000 99900
1782.000 99900
1783.000 99900
1784.000 99900
1785.000 99900
1786.000 99900
1787.000 99900
1788.000 99900
1789.000 99900
1790.000 98560
1791.000 100899
1792.000 100241
1793.000 99900
1794.000 99900
1795.000 99900
1796.000 99900
1797.000 99900
1798.000 99900
1799.000 99900
1800.000 99900
1801.000 99218
1802.000 100582
1803.000 99900
1804.000 99900
1805.000 99900
1806.000 99900
1807.000 99218
1808.000 99242
1809.000 101240
1810.000 99900
1811.000 99900
1812.000 99900
1813.000 99900
1814.000 98889
1815.000 100911
1816.000 99900
1817.000 98889
1818.000 99571
1819.000 101240
1820.000 99900
1821.000 98560
1822.000 101240
1823.000 99900
1824.000 98560
1825.000 101240
1826.000 99900
1827.000 99900
1828.000 99900
1829.000 99900
1830.000 98889
1831.000 100911
1832.000 99900
1833.000 99900
1834.000 99900
1835.000 99900
1836.000 99900
1837.000 99218
1838.000 100582
1839.000 99900
1840.000 99900
1841.000 99900
1842.000 99900
1843.000 99900
1844.000 98560
1845.000 99900
1846.000 101240
1847.000 98889
1848.000 100911
1849.000 98560
1850.000 101240
1851.000 99900
1852.000 98560
1853.000 100229
1854.000 100570
1855.000 100241
1856.000 97902
1857.000 101898
1858.000 99900
1859.000 99900
1860.000 99900
1861.000 99900
1862.000 99900
1863.000 99900
1864.000 99900
1865.000 99900
1866.000 99900
1867.000 97902
1868.000 101898
1869.000 99900
1870.000 99900
1871.000 98560
1872.000 101240
1873.000 99900
1874.000 98560
1875.000 101240
1876.000 99900
1877.000 98889
1878.000 100911
1879.000 98889
1880.000 99571
1881.000 101240
1882.000 99900
1883.000 99218
1884.000 99242
1885.000 101240
1886.000 98231
1887.000 100229
1888.000 99900
1889.000 101240
1890.000 99218
1891.000 100582
1892.000 98560
1893.000 101240
1894.000 98560
1895.000 101240
1896.000 99900
1897.000 99900
1898.000 98560
1899.000 101240
1900.000 99900
1901.000 98560
1902.000 100229
1903.000 100911
1904.000 99900
1905.000 99900
1906.000 99900
1907.000 98560
1908.000 101240
1909.000 98560
1910.000 99900
1911.000 99900
1912.000 101240
1913.000 99900
1914.000 98560
1915.000 100229
1916.000 100911
1917.000 98560
1918.000 101240
1919.000 98889
1920.000 99900
1921.000 99571
1922.000 99900
1923.000 99900
1924.000 99900
1925.000 99900
1926.000 99900
1927.000 101240
1928.000 99218
1929.000 100582
1930.000 99900
1931.000 98560
1932.000 99900
1933.000 99900
1934.000 101240
1935.000 99900
1936.000 99900
1937.000 99900
1938.000 99900
1939.000 99900
1940.000 98560
1941.000 101240
1942.000 98889
1943.000 100911
1944.000 99900
1945.000 98560
1946.000 99900
1947.000 100899
1948.000 100241
1949.000 98560
1950.000 101240
1951.000 98560
1952.000 99900
1953.000 101240
1954.000 99900
1955.000 99900
1956.000 98560
1957.000 99900
1958.000 99900
1959.000 101240
1960.000 98560
1961.000 101240
1962.000 98560
1963.000 100229
1964.000 99242
1965.000 101569
1966.000 98889
1967.000 98913
1968.000 101898
1969.000 97902
1970.000 101898
1971.000 99900
1972.000 98560
1973.000 101240
1974.000 99900
1975.000 98560
1976.000 99900
1977.000 99900
1978.000 101240
1979.000 98560
1980.000 99900
1981.000 101240
1982.000 98889
1983.000 99571
1984.000 101240
1985.000 99900
1986.000 98560
1987.000 101240
1988.000 98889
1989.000 99571
1990.000 99900
1991.000 101240
1992.000 98560
1993.000 99900
1994.000 101240
1995.000 98560
1996.000 97902
1997.000 103238
1998.000 99900
1999.000 98560
2000.000 99900
2001.000 101240
2002.000 98560
2003.000 101240
2004.000 98560
2005.000 99571
2006.000 100229
2007.000 100899
2008.000 100241
2009.000 99900
2010.000 99900
2011.000 99900
2012.000 99900
2013.000 99900
2014.000 98560
2015.000 101240
2016.000 99900
2017.000 99900
2018.000 98560
2019.000 100558
2020.000 99242
2021.000 101240
2022.000 98560
2023.000 99900
2024.000 99900
2025.000 99900
2026.000 99900
2027.000 101240
2028.000 97902
2029.000 101898
2030.000 99559
2031.000 98901
2032.000 99900
2033.000 99900
2034.000 99242
2035.000 100558
2036.000 101240
2037.000 98560
2038.000 99900
2039.000 99900
2040.000 100229
2041.000 100570
2042.000 98901
2043.000 100229
2044.000 99571
2045.000 101240
2046.000 98560
2047.000 99900
2048.000 99900
2049.000 99900
2050.000 101240
2051.000 98560
2052.000 99242
2053.000 100558
2054.000 99900
2055.000 99900
2056.000 99900
2057.000 99900
2058.000 99900
2059.000 99900
2060.000 99900
2061.000 100229
2062.000 99900
2063.000 99571
2064.000 99900
2065.000 99900
2066.000 99900
2067.000 99900
2068.000 99242
2069.000 100558
2070.000 99900
2071.000 99900
2072.000 101240
2073.000 98560
2074.000 99900
2075.000 99900
2076.000 100229
2077.000 99900
2078.000 100911
2079.000 98560
2080.000 99900
2081.000 101240
2082.000 98560
2083.000 99900
2084.000 100229
2085.000 99571
2086.000 99900
2087.000 99900
2088.000 100229
2089.000 100911
2090.000 98560
2091.000 99900
2092.000 99900
2093.000 101240
2094.000 98560
2095.000 99900
2096.000 101240
2097.000 98560
2098.000 99900
2099.000 99900
2100.000 99900
2101.000 99900
2102.000 99900
2103.000 101240
2104.000 98560
2105.000 99900
2106.000 100899
2107.000 100241
2108.000 98560
2109.000 99900
2110.000 101240
2111.000 98560
2112.000 99900
2113.000 99242
2114.000 99900
2115.000 100558
2116.000 99900
2117.000 101240
2118.000 98560
2119.000 99900
2120.000 100558
2121.000 98913
2122.000 99571
2123.000 99900
2124.000 100558
2125.000 101240
2126.000 99218
2127.000 99242
2128.000 101240
2129.000 98560
2130.000 99900
2131.000 99900
2132.000 99900
2133.000 99900
2134.000 99242
2135.000 100558
2136.000 99242
2137.000 101898
2138.000 98560
2139.000 99900
2140.000 99242
2141.000 100558
2142.000 99900
2143.000 99900
2144.000 101240
2145.000 98560
2146.000 99242
2147.000 100558
2148.000 99900
2149.000 99900
2150.000 99900
2151.000 101240
2152.000 98560
2153.000 99900
2154.000 99242
2155.000 101898
2156.000 98560
2157.000 99900
2158.000 99900
2159.000 99900
2160.000 99900
2161.000 99900
2162.000 99900
2163.000 101240
2164.000 98560
2165.000 99242
2166.000 100558
2167.000 99900
2168.000 101240
2169.000 98560
2170.000 99900
2171.000 99900
2172.000 100558
2173.000 100582
2174.000 98560
2175.000 99900
2176.000 101240
2177.000 98560
2178.000 100229
2179.000 99571
2180.000 99900
2181.000 101240
2182.000 98560
2183.000 99900
2184.000 99900
2185.000 99900
2186.000 99900
2187.000 99900
2188.000 99900
2189.000 99900
2190.000 99900
2191.000 99900
2192.000 99900
2193.000 99900
2194.000 99900
2195.000 99900
2196.000 99900
2197.000 99900
2198.000 99900
2199.000 101240
2200.000 99900
2201.000 98560
2202.000 100558
2203.000 99242
2204.000 101240
2205.000 99900
2206.000 98560
2207.000 99900
2208.000 99900
2209.000 99900
2210.000 99900
2211.000 99900
2212.000 99900
2213.000 99900
2214.000 99900
2215.000 99900
2216.000 99900
2217.000 100229
2218.000 99571
2219.000 99900
2220.000 99900
2221.000 99900
2222.000 101240
2223.000 98560
2224.000 99900
2225.000 99242
2226.000 100558
2227.000 99900
2228.000 99900
2229.000 99900
2230.000 99900
2231.000 99900
2232.000 99900
2233.000 99900
2234.000 99900
2235.000 99900
2236.000 99900
2237.000 99900
2238.000 99900
2239.000 99900
2240.000 99900
2241.000 99242
2242.000 100558
2243.000 99900
2244.000 99900
2245.000 99900
2246.000 100229
2247.000 99571
2248.000 99900
2249.000 99900
2250.000 99900
2251.000 99900
2252.000 99900
2253.000 99900
2254.000 99900
2255.000 99900
2256.000 101240
2257.000 97902
2258.000 100558
2259.000 99900
2260.000 99900
2261.000 99900
2262.000 99900
2263.000 99571
2264.000 100229
2265.000 99900
2266.000 98231
2267.000 101569
2268.000 99900
2269.000 99900
2270.000 99242
2271.000 100558
2272.000 99242
2273.000 100558
2274.000 99900
2275.000 99900
2276.000 99900
2277.000 99900
2278.000 99900
2279.000 99571
2280.000 100229
2281.000 99900
2282.000 99900
2283.000 99900
2284.000 99242
2285.000 100558
2286.000 99900
2287.000 99900
2288.000 99900
2289.000 99900
2290.000 99900
2291.000 99242
2292.000 99900
2293.000 100558
2294.000 99571
2295.000 100229
2296.000 99242
2297.000 99900
2298.000 100558
2299.000 99900
2300.000 99242
2301.000 100558
2302.000 99900
2303.000 99900
2304.000 99900
2305.000 99900
2306.000 99900
2307.000 99900
2308.000 99900
2309.000 99900
2310.000 99900
2311.000 99900
2312.000 99900
2313.000 99900
2314.000 99900
2315.000 99900
2316.000 99900
2317.000 99242
2318.000 99900
2319.000 100558
2320.000 99242
2321.000 100229
2322.000 100229
2323.000 99900
2324.000 99900
2325.000 99242
2326.000 100558
2327.000 99242
2328.000 99900
2329.000 100558
2330.000 99900
2331.000 99900
2332.000 99242
2333.000 100558
2334.000 98231
2335.000 101569
2336.000 99242
2337.000 100558
2338.000 99242
2339.000 99900
2340.000 99900
2341.000 100558
2342.000 99900
2343.000 99900
2344.000 99900
2345.000 99900
2346.000 99900
2347.000 99900
2348.000 99900
2349.000 99900
2350.000 99242
2351.000 99900
2352.000 100558
2353.000 99242
2354.000 100558
2355.000 99242
2356.000 100558
2357.000 99900
2358.000 99900
2359.000 99900
2360.000 99900
2361.000 99242
2362.000 100558
2363.000 99900
2364.000 99900
2365.000 99900
2366.000 99900
2367.000 99242
2368.000 100558
2369.000 99242
2370.000 99900
2371.000 100558
2372.000 99900
2373.000 99900
2374.000 99900
2375.000 99900
2376.000 99900
2377.000 99900
2378.000 99900
2379.000 99900
2380.000 99900
2381.000 99900
2382.000 99900
2383.000 99900
2384.000 99900
2385.000 99900
2386.000 99900
2387.000 99900
2388.000 99242
2389.000 99900
2390.000 100558
2391.000 99900
2392.000 99900
2393.000 99900
2394.000 99900
2395.000 99900
2396.000 99242
2397.000 100229
2398.000 100229
2399.000 99900
2400.000 99900
2401.000 99900
2402.000 99242
2403.000 100558
2404.000 99900
2405.000 99900
2406.000 99900
2407.000 99900
2408.000 99900
2409.000 99900
2410.000 99900
2411.000 99242
2412.000 100558
2413.000 99900
2414.000 99900
2415.000 99900
2416.000 99900
2417.000 99900
2418.000 99900
2419.000 99900
2420.000 99900
2421.000 99900
2422.000 99900
2423.000 99242
2424.000 100558
2425.000 99900
2426.000 99900
2427.000 99242
2428.000 99900
2429.000 100558
2430.000 99900
2431.000 99900
2432.000 99900
2433.000 99900
2434.000 99900
2435.000 99900
2436.000 99900
2437.000 99900
2438.000 99900
2439.000 99900
2440.000 99900
2441.000 99242
2442.000 100558
2443.000 99900
2444.000 99900
2445.000 99900
2446.000 99900
2447.000 99900
2448.000 99900
2449.000 99900
2450.000 99242
2451.000 100558
2452.000 99900
2453.000 99900
2454.000 99900
2455.000 99242
2456.000 100558
2457.000 99242
2458.000 100558
2459.000 99900
2460.000 99900
2461.000 99900
2462.000 99900
2463.000 99900
2464.000 99900
2465.000 99900
2466.000 99242
2467.000 100558
2468.000 99900
2469.000 99571
2470.000 100229
2471.000 99242
2472.000 98560
2473.000 101898
2474.000 99900
2475.000 99900
2476.000 99900
2477.000 99900
2478.000 99900
2479.000 99900
2480.000 99242
2481.000 100558
2482.000 99900
2483.000 99900
2484.000 99242
2485.000 100558
2486.000 99242
2487.000 100558
2488.000 99242
2489.000 99900
2490.000 100558
2491.000 99900
2492.000 99242
2493.000 100558
2494.000 99900
2495.000 99900
2496.000 99900
2497.000 99571
2498.000 100229
2499.000 99242
2500.000 100558
2501.000 99571
2502.000 99900
2503.000 100229
2504.000 99242
2505.000 100558
2506.000 99900
2507.000 99242
2508.000 99900
2509.000 100558
2510.000 99242
2511.000 99900
2512.000 99900
2513.000 100558
2514.000 99900
2515.000 99571
2516.000 99900
2517.000 100229
2518.000 99900
2519.000 99242
2520.000 98560
