# Slice: URLLC | 112.217.128.203:12770 -> 10.215.173.1:49006 (UDP)
# offset_sec  packet_size_bytes
0.000 9606
1.000 1066
2.000 938
3.000 940
4.000 974
5.000 866
6.000 902
7.000 910
8.000 940
9.000 864
10.000 940
11.000 902
12.000 1173
13.000 984
14.000 1066
15.000 976
16.000 910
17.000 866
18.000 938
19.000 940
20.000 904
21.000 910
22.000 902
23.000 902
24.000 940
25.000 940
26.000 940
27.000 864
28.000 977
29.000 910
30.000 1247
31.000 977
32.000 902
33.000 902
34.000 976
35.000 902
36.000 902
37.000 977
38.000 948
39.000 864
40.000 910
41.000 902
42.000 902
43.000 938
44.000 902
45.000 940
46.000 940
47.000 902
48.000 902
49.000 985
50.000 902
51.000 864
52.000 940
53.000 902
54.000 902
55.000 940
56.000 864
57.000 1016
58.000 940
59.000 1038
60.000 1054
61.000 977
62.000 826
63.000 1262
64.000 918
65.000 940
66.000 1702
67.000 3102
68.000 1886
69.000 1792
70.000 1168
71.000 4085
72.000 2899
73.000 864
74.000 977
75.000 902
76.000 902
77.000 1885
78.000 940
79.000 914
80.000 985
81.000 902
82.000 902
83.000 940
84.000 902
85.000 1885
86.000 902
87.000 902
88.000 902
89.000 940
90.000 1178
91.000 2318
92.000 1632
93.000 2302
94.000 1282
95.000 902
96.000 1640
97.000 2261
98.000 1212
99.000 1826
100.000 1526
101.000 2009
102.000 1632
103.000 1214
104.000 3782
105.000 2348
106.000 1154
107.000 2654
108.000 3381
109.000 2736
110.000 2506
111.000 2258
112.000 1758
113.000 1903
114.000 1619
115.000 902
116.000 940
117.000 902
118.000 1628
119.000 948
120.000 2057
121.000 1628
122.000 3497
123.000 2253
124.000 1816
125.000 2142
126.000 2086
127.000 2198
128.000 1754
129.000 3538
130.000 1816
131.000 977
132.000 902
133.000 902
134.000 940
135.000 940
136.000 902
137.000 977
138.000 940
139.000 864
140.000 1640
141.000 2158
142.000 1946
143.000 2020
144.000 1214
145.000 2036
146.000 1762
147.000 2616
148.000 2220
149.000 1194
150.000 1550
151.000 2076
152.000 1712
153.000 1452
154.000 1184
155.000 1504
156.000 2962
157.000 2848
158.000 3018
159.000 1290
160.000 864
161.000 1013
162.000 2766
163.000 2904
164.000 1382
165.000 2027
166.000 1450
167.000 1222
168.000 864
169.000 1364
170.000 1092
171.000 1054
172.000 902
173.000 1062
174.000 1420
175.000 1184
176.000 1382
177.000 1490
178.000 1230
179.000 2562
180.000 1520
181.000 3254
182.000 2196
183.000 2866
184.000 2340
185.000 2220
186.000 1352
187.000 2998
188.000 2164
189.000 2372
190.000 2234
191.000 1930
192.000 1636
193.000 2130
194.000 2900
195.000 2066
196.000 2242
197.000 2426
198.000 2264
199.000 1312
200.000 1450
201.000 1024
202.000 1168
203.000 1290
204.000 1526
205.000 1268
206.000 2128
207.000 2486
208.000 3006
209.000 2006
210.000 1770
211.000 1016
212.000 2540
213.000 2318
214.000 2546
215.000 2978
216.000 2290
217.000 1290
218.000 985
219.000 2840
220.000 2124
221.000 1856
222.000 2150
223.000 2830
224.000 2120
225.000 2526
226.000 2244
227.000 1736
228.000 3570
229.000 2660
230.000 1876
231.000 3192
232.000 2022
233.000 1888
234.000 1768
235.000 2602
236.000 2354
237.000 2468
238.000 3150
239.000 2136
240.000 2448
241.000 2986
242.000 2150
243.000 2690
244.000 2286
245.000 2104
246.000 1526
247.000 1914
248.000 2538
249.000 2218
250.000 1534
251.000 1556
252.000 1838
253.000 1466
254.000 1740
255.000 2530
256.000 1344
257.000 2190
258.000 1572
259.000 2716
260.000 1512
261.000 977
262.000 1624
263.000 1496
264.000 1458
265.000 1610
266.000 2940
267.000 1566
268.000 2432
269.000 1664
270.000 2316
271.000 1366
272.000 1206
273.000 864
274.000 1564
275.000 1648
276.000 1968
277.000 2020
278.000 1981
279.000 1840
280.000 1732
281.000 1572
282.000 1656
283.000 1100
284.000 902
285.000 1244
286.000 1678
287.000 1398
288.000 1328
289.000 1252
290.000 985
291.000 940
292.000 940
293.000 902
294.000 902
295.000 940
296.000 902
297.000 1692
298.000 2538
299.000 1922
300.000 1290
301.000 977
302.000 902
303.000 864
304.000 1298
305.000 1504
306.000 1746
307.000 940
308.000 1132
309.000 938
310.000 1376
311.000 2096
312.000 1024
313.000 942
314.000 1650
315.000 1708
316.000 1816
317.000 2098
318.000 2244
319.000 1306
320.000 1054
321.000 1390
322.000 1412
323.000 1694
324.000 902
325.000 1786
326.000 1590
327.000 1903
328.000 1602
329.000 1754
330.000 2082
331.000 2606
332.000 2554
333.000 2454
334.000 948
335.000 1848
336.000 1458
337.000 940
338.000 864
339.000 902
340.000 977
341.000 902
342.000 2706
343.000 2302
344.000 1328
345.000 940
346.000 1024
347.000 952
348.000 826
349.000 1554
350.000 964
351.000 1716
352.000 982
353.000 985
354.000 1054
355.000 948
356.000 977
357.000 902
358.000 910
359.000 940
360.000 902
361.000 940
362.000 864
363.000 1590
364.000 1168
365.000 940
366.000 1092
367.000 1021
368.000 902
369.000 902
370.000 1244
371.000 940
372.000 864
373.000 940
374.000 940
375.000 902
376.000 902
377.000 902
378.000 902
379.000 977
380.000 902
381.000 902
382.000 977
383.000 1008
384.000 956
385.000 940
386.000 902
387.000 902
388.000 736
389.000 977
390.000 956
391.000 902
392.000 902
393.000 902
394.000 902
395.000 940
396.000 940
397.000 864
398.000 1100
399.000 2816
400.000 2318
401.000 1466
402.000 2014
403.000 2774
404.000 2448
405.000 1878
406.000 1764
407.000 2440
408.000 2722
409.000 2364
410.000 2850
411.000 2302
412.000 2442
413.000 2502
414.000 2390
415.000 2894
416.000 2744
417.000 2236
418.000 1694
419.000 2280
420.000 1734
421.000 2768
422.000 2632
423.000 2700
424.000 2268
425.000 2020
426.000 2996
427.000 2404
428.000 1916
429.000 2030
430.000 2376
431.000 2562
432.000 1960
433.000 1758
434.000 2486
435.000 2418
436.000 1892
437.000 2334
438.000 1916
439.000 1838
440.000 1884
441.000 1260
442.000 1862
443.000 2266
444.000 2366
445.000 1942
446.000 2808
447.000 2272
448.000 2516
449.000 1998
450.000 2232
451.000 1450
452.000 1344
453.000 2656
454.000 2036
455.000 2484
456.000 2694
457.000 2960
458.000 2890
459.000 2600
460.000 2546
461.000 2592
462.000 2068
463.000 2364
464.000 2770
465.000 2442
466.000 2020
467.000 2082
468.000 2502
469.000 1062
470.000 2234
471.000 2250
472.000 2206
473.000 2372
474.000 1458
475.000 1412
476.000 1024
477.000 1732
478.000 2004
479.000 1396
480.000 1230
481.000 1214
482.000 1176
483.000 1824
484.000 2622
485.000 2043
486.000 2188
487.000 2800
488.000 2432
489.000 2638
490.000 2968
491.000 2098
492.000 2128
493.000 1092
494.000 2536
495.000 2736
496.000 1922
497.000 2716
498.000 1876
499.000 2304
500.000 2616
501.000 2640
502.000 2922
503.000 2790
504.000 2668
505.000 2958
506.000 2806
507.000 2906
508.000 2974
509.000 2846
510.000 3100
511.000 2724
512.000 1602
513.000 2104
514.000 1252
515.000 2486
516.000 940
517.000 864
518.000 902
519.000 985
520.000 977
521.000 1138
522.000 3588
523.000 2456
524.000 2700
525.000 2220
526.000 1830
527.000 2092
528.000 1746
529.000 2692
530.000 2274
531.000 2630
532.000 2132
533.000 2592
534.000 2486
535.000 2736
536.000 2342
537.000 2786
538.000 2272
539.000 2828
540.000 1802
541.000 2734
542.000 2544
543.000 2404
544.000 2234
545.000 2418
546.000 2364
547.000 3096
548.000 2556
549.000 2238
550.000 1686
551.000 2066
552.000 2282
553.000 2338
554.000 2152
555.000 2152
556.000 964
557.000 896
558.000 985
559.000 1130
560.000 1981
561.000 1558
562.000 1802
563.000 1754
564.000 2440
565.000 2150
566.000 2668
567.000 2642
568.000 1868
569.000 1792
570.000 2032
571.000 2500
572.000 2584
573.000 1778
574.000 2660
575.000 1404
576.000 1092
577.000 2852
578.000 2938
579.000 2372
580.000 1138
581.000 1344
582.000 2996
583.000 1922
584.000 2674
585.000 977
586.000 977
587.000 1054
588.000 1024
589.000 1382
590.000 2136
591.000 3034
592.000 2328
593.000 1810
594.000 1832
595.000 1518
596.000 1958
597.000 1594
598.000 1412
599.000 2126
600.000 2122
601.000 1276
602.000 1238
603.000 1328
604.000 1330
605.000 1604
606.000 2464
607.000 2092
608.000 2090
609.000 1298
610.000 1214
611.000 1802
612.000 1344
613.000 1378
614.000 2120
615.000 2358
616.000 1428
617.000 1314
618.000 1252
619.000 1374
620.000 1276
621.000 1374
622.000 1560
623.000 1602
624.000 1398
625.000 1542
626.000 1412
627.000 1222
628.000 1366
629.000 2022
630.000 1374
631.000 2304
632.000 1802
633.000 2410
634.000 1732
635.000 1420
636.000 1938
637.000 1466
638.000 2424
639.000 1336
640.000 902
641.000 1168
642.000 940
643.000 948
644.000 948
645.000 2364
646.000 2166
647.000 1344
648.000 1366
649.000 1398
650.000 977
651.000 1726
652.000 1054
653.000 1252
654.000 2442
655.000 2212
656.000 2422
657.000 2618
658.000 2526
659.000 2852
660.000 2614
661.000 2548
662.000 2700
663.000 2450
664.000 2768
665.000 2828
666.000 2070
667.000 2616
668.000 1938
669.000 2396
670.000 2036
671.000 1550
672.000 1954
673.000 1778
674.000 1306
675.000 1306
676.000 1062
677.000 1214
678.000 1474
679.000 1110
680.000 1260
681.000 1352
682.000 1404
683.000 1320
684.000 1718
685.000 2316
686.000 2848
687.000 1636
688.000 1344
689.000 1998
690.000 1824
691.000 1724
692.000 2654
693.000 1862
694.000 2342
695.000 3004
696.000 2548
697.000 2340
698.000 1580
699.000 1260
700.000 2258
701.000 2680
702.000 2298
703.000 2996
704.000 1756
705.000 1974
706.000 2874
707.000 2564
708.000 2508
709.000 2844
710.000 1054
711.000 948
712.000 1632
713.000 1542
714.000 1212
715.000 2160
716.000 2007
717.000 1680
718.000 2770
719.000 2480
720.000 2124
721.000 1550
722.000 2336
723.000 2494
724.000 1588
725.000 1716
726.000 2016
727.000 1298
728.000 1352
729.000 1898
730.000 1306
731.000 1230
732.000 1314
733.000 1276
734.000 1140
735.000 1792
736.000 1930
737.000 1228
738.000 1446
739.000 2890
740.000 1892
741.000 1764
742.000 1100
743.000 2692
744.000 2514
745.000 2842
746.000 2296
747.000 2554
748.000 1808
749.000 977
750.000 940
751.000 902
752.000 1914
753.000 1504
754.000 1382
755.000 1336
756.000 977
757.000 1774
758.000 1618
759.000 1870
760.000 2720
761.000 2824
762.000 1412
763.000 864
764.000 1922
765.000 1032
766.000 1366
767.000 1366
768.000 1596
769.000 1526
770.000 2212
771.000 2600
772.000 1974
773.000 1960
774.000 2550
775.000 1830
776.000 2874
777.000 2522
778.000 1840
779.000 2694
780.000 2616
781.000 1254
782.000 1290
783.000 1230
784.000 1168
785.000 1374
786.000 1214
787.000 1436
788.000 1404
789.000 1404
790.000 1290
791.000 2556
792.000 1710
793.000 2600
794.000 2027
795.000 2974
796.000 2776
797.000 1550
798.000 2480
799.000 1284
800.000 2228
801.000 1548
802.000 2088
803.000 2312
804.000 2138
805.000 2376
806.000 2382
807.000 2480
808.000 2264
809.000 1732
810.000 2286
811.000 2280
812.000 2598
813.000 2638
814.000 2340
815.000 2016
816.000 1314
817.000 1344
818.000 1206
819.000 977
820.000 977
821.000 1100
822.000 985
823.000 1352
824.000 1900
825.000 1184
826.000 1046
827.000 940
828.000 1382
829.000 977
830.000 902
831.000 1610
832.000 2692
833.000 2196
834.000 2540
835.000 2464
836.000 3074
837.000 1902
838.000 1358
839.000 2282
840.000 2510
841.000 2306
842.000 2526
843.000 1306
844.000 2084
845.000 2458
846.000 2372
847.000 3542
848.000 2114
849.000 1994
850.000 2176
851.000 2892
852.000 1940
853.000 1916
854.000 2490
855.000 2220
856.000 2358
857.000 2486
858.000 2256
859.000 2828
860.000 2020
861.000 2518
862.000 2676
863.000 2694
864.000 2328
865.000 1352
866.000 940
867.000 910
868.000 1932
869.000 1830
870.000 2710
871.000 2578
872.000 2432
873.000 1016
874.000 2418
875.000 2868
876.000 2722
877.000 2706
878.000 2608
879.000 1412
880.000 910
881.000 1192
882.000 1260
883.000 1328
884.000 2166
885.000 2716
886.000 1176
887.000 1138
888.000 864
889.000 2346
890.000 2060
891.000 2328
892.000 2584
893.000 2622
894.000 1518
895.000 977
896.000 1146
897.000 1268
898.000 2660
899.000 2226
900.000 2454
901.000 1852
902.000 3262
903.000 2364
904.000 2380
905.000 2312
906.000 1442
907.000 2206
908.000 2342
909.000 2212
910.000 1986
911.000 2136
912.000 2274
913.000 1854
914.000 3028
915.000 2608
916.000 2668
917.000 2730
918.000 1476
919.000 1344
920.000 1648
921.000 1256
922.000 1374
923.000 2516
924.000 2562
925.000 2730
926.000 1792
927.000 2076
928.000 2692
929.000 2622
930.000 2082
931.000 1336
932.000 2910
933.000 2020
934.000 2610
935.000 2540
936.000 2536
937.000 2600
938.000 1016
939.000 872
940.000 985
941.000 872
942.000 948
943.000 977
944.000 902
945.000 940
946.000 902
947.000 2204
948.000 2984
949.000 2888
950.000 2160
951.000 2828
952.000 2694
953.000 2522
954.000 2578
955.000 2752
956.000 2534
957.000 1810
958.000 2236
959.000 2450
960.000 2422
961.000 2146
962.000 1794
963.000 2242
964.000 2482
965.000 2364
966.000 1984
967.000 1754
968.000 2046
969.000 2648
970.000 2340
971.000 1694
972.000 2554
973.000 2280
974.000 2654
975.000 2296
976.000 1854
977.000 2043
978.000 1214
979.000 2096
980.000 2144
981.000 1412
982.000 1382
983.000 1450
984.000 940
985.000 1062
986.000 1084
987.000 1062
988.000 1868
989.000 1404
990.000 1176
991.000 2250
992.000 2068
993.000 940
994.000 940
995.000 902
996.000 940
997.000 1406
998.000 2302
999.000 2182
1000.000 2554
1001.000 2698
1002.000 1478
1003.000 940
1004.000 1480
1005.000 1108
1006.000 902
1007.000 864
1008.000 956
1009.000 977
1010.000 2418
1011.000 1460
1012.000 2310
1013.000 1762
1014.000 2584
1015.000 2870
1016.000 2246
1017.000 2536
1018.000 2262
1019.000 2278
1020.000 2210
1021.000 1994
1022.000 1604
1023.000 1740
1024.000 2640
1025.000 2344
1026.000 2614
1027.000 1624
1028.000 940
1029.000 1290
1030.000 1922
1031.000 2122
1032.000 1976
1033.000 2518
1034.000 2306
1035.000 2632
1036.000 2066
1037.000 1756
1038.000 1054
1039.000 1678
1040.000 1564
1041.000 2246
1042.000 1762
1043.000 2356
1044.000 2378
1045.000 2636
1046.000 1932
1047.000 1078
1048.000 1648
1049.000 1396
1050.000 1922
1051.000 2822
1052.000 2502
1053.000 2820
1054.000 1480
1055.000 2394
1056.000 2358
1057.000 2410
1058.000 2478
1059.000 2722
1060.000 2700
1061.000 1984
1062.000 1488
1063.000 2212
1064.000 1526
1065.000 2552
1066.000 2686
1067.000 2062
1068.000 2554
1069.000 2282
1070.000 2200
1071.000 2672
1072.000 2416
1073.000 2644
1074.000 2702
1075.000 1816
1076.000 1582
1077.000 1938
1078.000 1244
1079.000 1300
1080.000 2560
1081.000 1534
1082.000 1672
1083.000 994
1084.000 2288
1085.000 2234
1086.000 2746
1087.000 2258
1088.000 2046
1089.000 2592
1090.000 1932
1091.000 1981
1092.000 1260
1093.000 1376
1094.000 2372
1095.000 1176
1096.000 1054
1097.000 1702
1098.000 1518
1099.000 940
1100.000 902
1101.000 985
1102.000 977
1103.000 940
1104.000 938
1105.000 1252
1106.000 1784
1107.000 1252
1108.000 977
1109.000 1260
1110.000 2526
1111.000 2692
1112.000 2160
1113.000 2936
1114.000 2668
1115.000 2386
1116.000 2448
1117.000 2518
1118.000 2378
1119.000 2568
1120.000 2130
1121.000 2486
1122.000 2454
1123.000 1382
1124.000 1732
1125.000 2364
1126.000 2672
1127.000 1404
1128.000 2840
1129.000 2702
1130.000 2342
1131.000 2278
1132.000 3160
1133.000 2082
1134.000 1108
1135.000 2590
1136.000 940
1137.000 1404
1138.000 940
1139.000 1024
1140.000 2416
1141.000 2272
1142.000 2158
1143.000 2396
1144.000 2694
1145.000 2656
1146.000 2404
1147.000 2128
1148.000 2052
1149.000 2874
1150.000 1816
1151.000 2920
1152.000 1536
1153.000 1466
1154.000 1674
1155.000 1496
1156.000 2260
1157.000 1678
1158.000 1816
1159.000 976
1160.000 872
1161.000 902
1162.000 948
1163.000 977
1164.000 948
1165.000 994
1166.000 1648
1167.000 1328
1168.000 1678
1169.000 2470
1170.000 2488
1171.000 2516
1172.000 2000
1173.000 2652
1174.000 2150
1175.000 2364
1176.000 2532
1177.000 2576
1178.000 2350
1179.000 2616
1180.000 2668
1181.000 948
1182.000 1838
1183.000 2274
1184.000 2364
1185.000 2928
1186.000 1474
1187.000 2782
1188.000 2043
1189.000 2014
1190.000 2590
1191.000 1942
1192.000 1450
1193.000 1762
1194.000 2204
1195.000 2416
1196.000 2288
1197.000 1946
1198.000 1778
1199.000 1906
1200.000 2722
1201.000 2228
1202.000 2054
1203.000 2037
1204.000 2554
1205.000 3192
1206.000 2952
1207.000 2948
1208.000 2454
1209.000 2100
1210.000 2084
1211.000 1686
1212.000 2428
1213.000 2222
1214.000 1534
1215.000 2426
1216.000 2027
1217.000 1336
1218.000 1138
1219.000 2906
1220.000 2356
1221.000 1786
1222.000 1452
1223.000 2242
1224.000 1474
1225.000 2334
1226.000 3072
1227.000 2320
1228.000 2428
1229.000 2750
1230.000 2740
1231.000 2190
1232.000 1534
1233.000 2200
1234.000 2576
1235.000 2672
1236.000 2852
1237.000 2614
1238.000 2328
1239.000 1668
1240.000 2128
1241.000 1702
1242.000 1458
1243.000 1988
1244.000 1976
1245.000 1678
1246.000 2464
1247.000 2130
1248.000 2564
1249.000 2670
1250.000 2280
1251.000 1642
1252.000 2122
1253.000 2288
1254.000 2312
1255.000 2426
1256.000 2304
1257.000 2068
1258.000 2334
1259.000 2714
1260.000 2356
1261.000 2007
1262.000 2022
1263.000 1710
1264.000 2380
1265.000 2226
1266.000 2410
1267.000 2346
1268.000 2228
1269.000 2260
1270.000 2116
1271.000 2426
1272.000 2690
1273.000 2166
1274.000 2502
1275.000 2070
1276.000 2314
1277.000 2260
1278.000 2624
1279.000 2852
1280.000 2048
1281.000 2086
1282.000 1518
1283.000 2418
1284.000 1344
1285.000 2570
1286.000 2632
1287.000 2442
1288.000 2158
1289.000 2700
1290.000 1580
1291.000 2494
1292.000 2424
1293.000 2014
1294.000 1360
1295.000 1981
1296.000 1708
1297.000 2408
1298.000 1412
1299.000 1032
1300.000 1084
1301.000 1298
1302.000 1718
1303.000 2798
1304.000 1252
1305.000 948
1306.000 1108
1307.000 1298
1308.000 2494
1309.000 2136
1310.000 2744
1311.000 1876
1312.000 1752
1313.000 1298
1314.000 910
1315.000 902
1316.000 956
1317.000 2310
1318.000 2384
1319.000 2830
1320.000 2728
1321.000 2540
1322.000 2272
1323.000 3070
1324.000 2342
1325.000 2730
1326.000 1496
1327.000 1062
1328.000 902
1329.000 1876
1330.000 2520
1331.000 1108
1332.000 2884
1333.000 2236
1334.000 1838
1335.000 2684
1336.000 1780
1337.000 2450
1338.000 2142
1339.000 2842
1340.000 2318
1341.000 2074
1342.000 2602
1343.000 2364
1344.000 2366
1345.000 2632
1346.000 2242
1347.000 2622
1348.000 1940
1349.000 2554
1350.000 2220
1351.000 1826
1352.000 2542
1353.000 2184
1354.000 2174
1355.000 2334
1356.000 2798
1357.000 2928
1358.000 2806
1359.000 2740
1360.000 2786
1361.000 2052
1362.000 2242
1363.000 2334
1364.000 2264
1365.000 2646
1366.000 2272
1367.000 2250
1368.000 2290
1369.000 2190
1370.000 1428
1371.000 2580
1372.000 2494
1373.000 1496
1374.000 2342
1375.000 940
1376.000 1458
1377.000 940
1378.000 1024
1379.000 1428
1380.000 1786
1381.000 1930
1382.000 2266
1383.000 940
1384.000 1488
1385.000 2266
1386.000 2006
1387.000 2524
1388.000 2234
1389.000 1344
1390.000 2066
1391.000 1602
1392.000 1100
1393.000 902
1394.000 902
1395.000 940
1396.000 902
1397.000 910
1398.000 902
1399.000 834
1400.000 1008
1401.000 796
1402.000 977
1403.000 940
1404.000 1786
1405.000 1496
1406.000 1246
1407.000 1780
1408.000 2176
1409.000 2020
1410.000 1192
1411.000 1016
1412.000 2066
1413.000 1780
1414.000 1884
1415.000 2474
1416.000 2230
1417.000 1836
1418.000 1670
1419.000 2686
1420.000 4550
1421.000 3344
1422.000 2410
1423.000 2268
1424.000 1542
1425.000 2542
1426.000 1032
1427.000 977
1428.000 1314
1429.000 3232
1430.000 2442
1431.000 1772
1432.000 3112
1433.000 1564
1434.000 1346
1435.000 2012
1436.000 2234
1437.000 1262
1438.000 2434
1439.000 2007
1440.000 2738
1441.000 1846
1442.000 2456
1443.000 2020
1444.000 1958
1445.000 948
1446.000 2334
1447.000 2043
1448.000 1518
1449.000 2098
1450.000 2700
1451.000 2106
1452.000 2500
1453.000 1542
1454.000 1970
1455.000 1548
1456.000 1650
1457.000 2006
1458.000 1504
1459.000 1981
1460.000 2842
1461.000 1282
1462.000 3056
1463.000 2198
1464.000 1374
1465.000 1794
1466.000 940
1467.000 1374
1468.000 2386
1469.000 2896
1470.000 1898
1471.000 1846
1472.000 2256
1473.000 2258
1474.000 2774
1475.000 1876
1476.000 1306
1477.000 2438
1478.000 1824
1479.000 1868
1480.000 940
1481.000 1374
1482.000 2782
1483.000 2358
1484.000 2174
1485.000 1754
1486.000 1360
1487.000 2980
1488.000 2418
1489.000 1922
1490.000 2584
1491.000 1298
1492.000 2622
1493.000 2074
1494.000 2884
1495.000 1860
1496.000 2538
1497.000 2420
1498.000 1268
1499.000 902
1500.000 902
1501.000 940
1502.000 940
1503.000 1024
1504.000 1442
1505.000 1930
1506.000 1426
1507.000 985
1508.000 940
1509.000 918
1510.000 906
1511.000 788
1512.000 1176
1513.000 940
1514.000 864
1515.000 940
1516.000 948
1517.000 948
1518.000 902
1519.000 796
1520.000 902
1521.000 902
1522.000 948
1523.000 872
1524.000 1024
1525.000 902
1526.000 948
1527.000 948
1528.000 902
1529.000 940
1530.000 1046
1531.000 940
1532.000 977
1533.000 902
1534.000 864
1535.000 940
1536.000 1160
1537.000 902
1538.000 918
1539.000 902
1540.000 902
1541.000 977
1542.000 864
1543.000 902
1544.000 1122
1545.000 902
1546.000 977
1547.000 914
1548.000 940
1549.000 940
1550.000 910
1551.000 902
1552.000 910
1553.000 977
1554.000 940
1555.000 864
1556.000 977
1557.000 902
1558.000 902
1559.000 1236
1560.000 940
1561.000 977
1562.000 977
1563.000 902
1564.000 902
1565.000 977
1566.000 977
1567.000 940
1568.000 994
1569.000 940
1570.000 1292
1571.000 1854
1572.000 2766
1573.000 1708
1574.000 1946
1575.000 1420
1576.000 2014
1577.000 2478
1578.000 2576
1579.000 1298
1580.000 1382
1581.000 1572
1582.000 1442
1583.000 2448
1584.000 2554
1585.000 2920
1586.000 1010
1587.000 1244
1588.000 880
1589.000 2144
1590.000 2332
1591.000 1862
1592.000 1466
1593.000 2150
1594.000 1846
1595.000 1062
1596.000 1858
1597.000 864
1598.000 1852
1599.000 2464
1600.000 940
1601.000 940
1602.000 2180
1603.000 1572
1604.000 2728
1605.000 985
1606.000 1092
1607.000 1838
1608.000 977
1609.000 1754
1610.000 2494
1611.000 2074
1612.000 2682
1613.000 2272
1614.000 1504
1615.000 2188
1616.000 2256
1617.000 1740
1618.000 1046
1619.000 910
1620.000 902
1621.000 1092
1622.000 940
1623.000 1084
1624.000 902
1625.000 1214
1626.000 1466
1627.000 1218
1628.000 940
1629.000 902
1630.000 902
1631.000 2036
1632.000 2266
1633.000 1728
1634.000 1922
1635.000 1712
1636.000 864
1637.000 918
1638.000 1124
1639.000 902
1640.000 1034
1641.000 977
1642.000 940
1643.000 880
1644.000 950
1645.000 910
1646.000 872
1647.000 948
1648.000 902
1649.000 796
1650.000 940
1651.000 864
1652.000 1580
1653.000 902
1654.000 956
1655.000 948
1656.000 940
1657.000 902
1658.000 902
1659.000 934
1660.000 1026
1661.000 902
1662.000 948
1663.000 940
1664.000 902
1665.000 902
1666.000 940
1667.000 948
1668.000 1130
1669.000 2798
1670.000 918
1671.000 1016
1672.000 910
1673.000 977
1674.000 902
1675.000 940
1676.000 898
1677.000 940
1678.000 902
1679.000 902
1680.000 940
1681.000 976
1682.000 948
1683.000 977
1684.000 940
1685.000 902
1686.000 948
1687.000 864
1688.000 940
1689.000 956
1690.000 902
1691.000 2027
1692.000 2196
1693.000 1290
1694.000 2234
1695.000 1184
1696.000 2364
1697.000 2684
1698.000 1514
1699.000 1964
1700.000 1960
1701.000 1642
1702.000 1626
1703.000 2128
1704.000 1694
1705.000 2388
1706.000 2112
1707.000 1832
1708.000 1230
1709.000 1488
1710.000 2274
1711.000 2572
1712.000 1960
1713.000 2632
1714.000 2866
1715.000 2166
1716.000 1900
1717.000 1602
1718.000 2264
1719.000 2302
1720.000 2428
1721.000 1572
1722.000 888
1723.000 902
1724.000 1284
1725.000 2730
1726.000 2470
1727.000 1862
1728.000 1648
1729.000 1396
1730.000 1016
1731.000 1138
1732.000 1078
1733.000 1116
1734.000 1040
1735.000 940
1736.000 994
1737.000 1108
1738.000 1138
1739.000 2120
1740.000 2190
1741.000 2426
1742.000 2980
1743.000 2894
1744.000 2858
1745.000 2458
1746.000 2204
1747.000 2120
1748.000 2310
1749.000 1024
1750.000 1930
1751.000 1756
1752.000 910
1753.000 2190
1754.000 2668
1755.000 2282
1756.000 2494
1757.000 2642
1758.000 1940
1759.000 1702
1760.000 2128
1761.000 2564
1762.000 2278
1763.000 2564
1764.000 2594
1765.000 2558
1766.000 2496
1767.000 2450
1768.000 2518
1769.000 3082
1770.000 2242
1771.000 1298
1772.000 2418
1773.000 2526
1774.000 2888
1775.000 2046
1776.000 2428
1777.000 2636
1778.000 2522
1779.000 2878
1780.000 2938
1781.000 2418
1782.000 2960
1783.000 1924
1784.000 2166
1785.000 2120
1786.000 1900
1787.000 2988
1788.000 2434
1789.000 2284
1790.000 2700
1791.000 2440
1792.000 2748
1793.000 2592
1794.000 2868
1795.000 2610
1796.000 3082
1797.000 2512
1798.000 2692
1799.000 2974
1800.000 2562
1801.000 2558
1802.000 2648
1803.000 2082
1804.000 1984
1805.000 2860
1806.000 2802
1807.000 3042
1808.000 1794
1809.000 2668
1810.000 2844
1811.000 1944
1812.000 1592
1813.000 2144
1814.000 2052
1815.000 1884
1816.000 1626
1817.000 2218
1818.000 2836
1819.000 2570
1820.000 2128
1821.000 2522
1822.000 2542
1823.000 1016
1824.000 1024
1825.000 1558
1826.000 1328
1827.000 2494
1828.000 2188
1829.000 2692
1830.000 3020
1831.000 2428
1832.000 3146
1833.000 2762
1834.000 1404
1835.000 1930
1836.000 2600
1837.000 2314
1838.000 2648
1839.000 2804
1840.000 2824
1841.000 3058
1842.000 3040
1843.000 3090
1844.000 2798
1845.000 2474
1846.000 2716
1847.000 2892
1848.000 2812
1849.000 2654
1850.000 2746
1851.000 2990
1852.000 2558
1853.000 2046
1854.000 2310
1855.000 1856
1856.000 2654
1857.000 2716
1858.000 2904
1859.000 2960
1860.000 2786
1861.000 2572
1862.000 2512
1863.000 3614
1864.000 3744
1865.000 2962
1866.000 2664
1867.000 2368
1868.000 2312
1869.000 1800
1870.000 1566
1871.000 2526
1872.000 2850
1873.000 2076
1874.000 2738
1875.000 2402
1876.000 1926
1877.000 2994
1878.000 1476
1879.000 1016
1880.000 2648
1881.000 1686
1882.000 2746
1883.000 2076
1884.000 2418
1885.000 940
1886.000 1734
1887.000 2238
1888.000 2450
1889.000 1548
1890.000 1564
1891.000 2226
1892.000 3178
1893.000 1906
1894.000 3078
1895.000 3448
1896.000 2456
1897.000 2694
1898.000 2634
1899.000 2412
1900.000 1800
1901.000 2616
1902.000 2442
1903.000 2474
1904.000 2984
1905.000 2686
1906.000 2558
1907.000 2284
1908.000 2686
1909.000 2766
1910.000 2428
1911.000 2662
1912.000 2512
1913.000 2404
1914.000 2280
1915.000 2210
1916.000 2086
1917.000 2350
1918.000 2350
1919.000 2244
1920.000 2642
1921.000 1792
1922.000 1970
1923.000 2078
1924.000 1800
1925.000 2130
1926.000 2898
1927.000 2942
1928.000 2814
1929.000 2304
1930.000 2474
1931.000 2724
1932.000 2776
1933.000 2616
1934.000 3028
1935.000 2860
1936.000 2570
1937.000 2274
1938.000 2130
1939.000 2502
1940.000 2078
1941.000 2204
1942.000 1564
1943.000 1908
1944.000 1984
1945.000 2676
1946.000 2084
1947.000 2254
1948.000 2586
1949.000 948
1950.000 940
1951.000 910
1952.000 1586
1953.000 2548
1954.000 940
1955.000 940
1956.000 2082
1957.000 2408
1958.000 2926
1959.000 1868
1960.000 1618
1961.000 1366
1962.000 1800
1963.000 2358
1964.000 2512
1965.000 2914
1966.000 2986
1967.000 3050
1968.000 2892
1969.000 2546
1970.000 2302
1971.000 1358
1972.000 1764
1973.000 2366
1974.000 1542
1975.000 1880
1976.000 2596
1977.000 2394
1978.000 1998
1979.000 2182
1980.000 2212
1981.000 2216
1982.000 2996
1983.000 2536
1984.000 2606
1985.000 2700
1986.000 2014
1987.000 2512
1988.000 2828
1989.000 2090
1990.000 2754
1991.000 2558
1992.000 2006
1993.000 3058
1994.000 2928
1995.000 2714
1996.000 2866
1997.000 1482
1998.000 902
1999.000 1792
2000.000 2272
2001.000 864
2002.000 940
2003.000 940
2004.000 940
2005.000 1054
2006.000 2220
2007.000 2524
2008.000 2124
2009.000 2576
2010.000 1732
2011.000 1436
2012.000 910
2013.000 864
2014.000 977
2015.000 880
2016.000 2058
2017.000 2064
2018.000 2298
2019.000 1892
2020.000 2662
2021.000 1724
2022.000 2006
2023.000 1520
2024.000 1792
2025.000 2016
2026.000 2980
2027.000 2740
2028.000 2184
2029.000 2640
2030.000 2486
2031.000 2190
2032.000 2556
2033.000 2372
2034.000 2776
2035.000 2562
2036.000 2282
2037.000 2706
2038.000 2348
2039.000 3042
2040.000 2602
2041.000 2838
2042.000 2638
2043.000 2542
2044.000 2800
2045.000 2296
2046.000 2146
2047.000 2562
2048.000 1634
2049.000 2918
2050.000 2043
2051.000 1976
2052.000 1008
2053.000 940
2054.000 940
2055.000 1900
2056.000 2036
2057.000 1686
2058.000 2386
2059.000 2456
2060.000 2000
2061.000 1146
2062.000 1692
2063.000 1512
2064.000 1976
2065.000 2780
2066.000 2350
2067.000 2138
2068.000 2198
2069.000 2530
2070.000 2348
2071.000 2418
2072.000 2190
2073.000 2472
2074.000 2000
2075.000 1922
2076.000 2426
2077.000 2980
2078.000 2860
2079.000 2706
2080.000 2694
2081.000 2174
2082.000 1908
2083.000 2572
2084.000 2554
2085.000 3214
2086.000 2372
2087.000 2306
2088.000 2664
2089.000 2428
2090.000 2568
2091.000 2912
2092.000 2906
2093.000 2328
2094.000 2762
2095.000 2588
2096.000 2704
2097.000 2702
2098.000 2848
2099.000 2360
2100.000 1870
2101.000 2398
2102.000 2404
2103.000 1580
2104.000 2274
2105.000 2204
2106.000 1322
2107.000 1930
2108.000 1700
2109.000 2480
2110.000 2274
2111.000 2112
2112.000 1016
2113.000 1336
2114.000 1396
2115.000 1981
2116.000 1556
2117.000 2622
2118.000 2570
2119.000 1412
2120.000 2164
2121.000 1452
2122.000 1976
2123.000 985
2124.000 1336
2125.000 1990
2126.000 1802
2127.000 1746
2128.000 902
2129.000 1040
2130.000 2526
2131.000 2968
2132.000 2668
2133.000 2842
2134.000 2204
2135.000 1496
2136.000 1678
2137.000 1518
2138.000 2678
2139.000 2334
2140.000 2482
2141.000 1962
2142.000 1908
2143.000 2830
2144.000 3022
2145.000 2778
2146.000 2632
2147.000 2664
2148.000 2572
2149.000 2536
2150.000 1610
2151.000 2456
2152.000 3246
2153.000 2776
2154.000 2860
2155.000 3026
2156.000 2578
2157.000 2770
2158.000 2007
2159.000 3204
2160.000 2106
2161.000 2494
2162.000 2632
2163.000 1580
2164.000 2174
2165.000 1374
2166.000 2174
2167.000 2592
2168.000 1572
2169.000 1230
2170.000 2468
2171.000 1528
2172.000 1952
2173.000 2488
2174.000 1908
2175.000 2344
2176.000 2928
2177.000 2302
2178.000 1724
2179.000 2460
2180.000 2066
2181.000 2836
2182.000 1306
2183.000 1336
2184.000 1986
2185.000 1054
2186.000 2076
2187.000 2528
2188.000 2534
2189.000 2746
2190.000 2364
2191.000 2678
2192.000 2762
2193.000 1366
2194.000 1486
2195.000 2302
2196.000 2304
2197.000 2206
2198.000 3196
2199.000 2212
2200.000 2364
2201.000 2070
2202.000 2350
2203.000 2526
2204.000 2566
2205.000 2946
2206.000 2268
2207.000 3248
2208.000 2896
2209.000 2236
2210.000 1694
2211.000 1374
2212.000 1660
2213.000 2268
2214.000 1710
2215.000 2120
2216.000 1892
2217.000 1770
2218.000 1534
2219.000 2090
2220.000 2007
2221.000 1100
2222.000 910
2223.000 1981
2224.000 2508
2225.000 1680
2226.000 1298
2227.000 1784
2228.000 2212
2229.000 2584
2230.000 2076
2231.000 2876
2232.000 1870
2233.000 2326
2234.000 2502
2235.000 1748
2236.000 1710
2237.000 1290
2238.000 1686
2239.000 2260
2240.000 2350
2241.000 2840
2242.000 2358
2243.000 2170
2244.000 2198
2245.000 2388
2246.000 2776
2247.000 1960
2248.000 2634
2249.000 2238
2250.000 2304
2251.000 2378
2252.000 2754
2253.000 2898
2254.000 2854
2255.000 2280
2256.000 1846
2257.000 1488
2258.000 1382
2259.000 1016
2260.000 1580
2261.000 2912
2262.000 1726
2263.000 2576
2264.000 2838
2265.000 2416
2266.000 1450
2267.000 2224
2268.000 1572
2269.000 985
2270.000 1640
2271.000 1314
2272.000 2196
2273.000 2516
2274.000 1816
2275.000 2144
2276.000 1906
2277.000 1688
2278.000 940
2279.000 1434
2280.000 2562
2281.000 1306
2282.000 918
2283.000 902
2284.000 948
2285.000 940
2286.000 940
2287.000 977
2288.000 864
2289.000 902
2290.000 994
2291.000 1244
2292.000 2402
2293.000 2264
2294.000 1260
2295.000 1808
2296.000 1884
2297.000 2282
2298.000 2710
2299.000 1610
2300.000 940
2301.000 940
2302.000 872
2303.000 1344
2304.000 1420
2305.000 1298
2306.000 2027
2307.000 2450
2308.000 1924
2309.000 2010
2310.000 1552
2311.000 1054
2312.000 1474
2313.000 2418
2314.000 1824
2315.000 2760
2316.000 2314
2317.000 1786
2318.000 2134
2319.000 2426
2320.000 1526
2321.000 2858
2322.000 2412
2323.000 2052
2324.000 2082
2325.000 2520
2326.000 2410
2327.000 2396
2328.000 1436
2329.000 1936
2330.000 2310
2331.000 2764
2332.000 2196
2333.000 2882
2334.000 2096
2335.000 2402
2336.000 2082
2337.000 1566
2338.000 2486
2339.000 1434
2340.000 2766
2341.000 1572
2342.000 2716
2343.000 1868
2344.000 2066
2345.000 2648
2346.000 2258
2347.000 3012
2348.000 2714
2349.000 1694
2350.000 2234
2351.000 2076
2352.000 2410
2353.000 2936
2354.000 2494
2355.000 1542
2356.000 1428
2357.000 2516
2358.000 2212
2359.000 2396
2360.000 1320
2361.000 1398
2362.000 1970
2363.000 1580
2364.000 2192
2365.000 1838
2366.000 1518
2367.000 2642
2368.000 1218
2369.000 2054
2370.000 2416
2371.000 1282
2372.000 1504
2373.000 2182
2374.000 1166
2375.000 3098
2376.000 2310
2377.000 1690
2378.000 1704
2379.000 864
2380.000 1016
2381.000 940
2382.000 910
2383.000 1648
2384.000 2170
2385.000 1108
2386.000 1908
2387.000 1876
2388.000 2378
2389.000 1556
2390.000 940
2391.000 902
2392.000 910
2393.000 1016
2394.000 902
2395.000 902
2396.000 902
2397.000 910
2398.000 902
2399.000 910
2400.000 940
2401.000 970
2402.000 977
2403.000 977
2404.000 902
2405.000 940
2406.000 970
2407.000 902
2408.000 940
2409.000 902
2410.000 940
2411.000 902
2412.000 1542
2413.000 902
2414.000 940
2415.000 864
2416.000 902
2417.000 977
2418.000 1458
2419.000 2100
2420.000 1032
2421.000 1092
2422.000 940
2423.000 972
2424.000 864
2425.000 902
2426.000 940
2427.000 902
2428.000 1016
2429.000 902
2430.000 940
2431.000 938
2432.000 977
2433.000 864
2434.000 902
2435.000 940
2436.000 1052
2437.000 940
2438.000 872
2439.000 902
2440.000 902
2441.000 1050
2442.000 948
2443.000 842
2444.000 910
2445.000 902
2446.000 977
2447.000 977
2448.000 902
2449.000 902
2450.000 910
2451.000 1290
2452.000 938
2453.000 940
2454.000 940
2455.000 940
2456.000 2184
2457.000 1814
2458.000 2670
2459.000 2530
2460.000 2798
2461.000 1466
2462.000 1496
2463.000 956
2464.000 1382
2465.000 864
2466.000 1272
2467.000 864
2468.000 948
2469.000 902
2470.000 902
2471.000 977
2472.000 902
2473.000 864
2474.000 977
2475.000 902
2476.000 977
2477.000 902
2478.000 902
2479.000 940
2480.000 940
2481.000 940
2482.000 902
2483.000 977
2484.000 902
2485.000 940
2486.000 872
2487.000 940
2488.000 940
2489.000 977
2490.000 902
2491.000 902
2492.000 977
2493.000 902
2494.000 864
2495.000 977
2496.000 902
2497.000 940
2498.000 902
2499.000 940
2500.000 940
2501.000 940
2502.000 880
2503.000 902
2504.000 946
2505.000 902
2506.000 940
2507.000 910
2508.000 2150
2509.000 1726
2510.000 2492
2511.000 2088
2512.000 1306
2513.000 1930
2514.000 1984
2515.000 1260
2516.000 977
2517.000 910
2518.000 940
2519.000 940
2520.000 1206
2521.000 902
2522.000 940
2523.000 940
2524.000 1914
2525.000 1320
2526.000 1916
2527.000 1374
2528.000 872
2529.000 902
2530.000 1100
2531.000 1800
2532.000 2120
2533.000 1252
2534.000 977
2535.000 940
2536.000 902
2537.000 1016
2538.000 1374
2539.000 1024
2540.000 2098
2541.000 2320
2542.000 2058
2543.000 1130
2544.000 1206
2545.000 2864
2546.000 2408
2547.000 3010
2548.000 2282
2549.000 2884
2550.000 2788
2551.000 2646
2552.000 2576
2553.000 2632
2554.000 2472
2555.000 3100
2556.000 2946
2557.000 2514
2558.000 2504
2559.000 2822
2560.000 2626
2561.000 2662
2562.000 2682
2563.000 2730
2564.000 2192
2565.000 2418
2566.000 2418
2567.000 2012
2568.000 2242
2569.000 3126
2570.000 2326
2571.000 2542
2572.000 2770
2573.000 2814
2574.000 3124
2575.000 1778
2576.000 1914
2577.000 1976
2578.000 1878
2579.000 2594
2580.000 2380
2581.000 2652
2582.000 2394
2583.000 1854
2584.000 2676
2585.000 1564
2586.000 2366
2587.000 2478
2588.000 1648
2589.000 2334
2590.000 2116
2591.000 1854
2592.000 2504
2593.000 2438
2594.000 2326
2595.000 1422
2596.000 1932
2597.000 1366
2598.000 2098
2599.000 2212
2600.000 2250
2601.000 2600
2602.000 2192
2603.000 1998
2604.000 2160
2605.000 2402
2606.000 1534
2607.000 2478
2608.000 1488
2609.000 2518
2610.000 1596
2611.000 1352
2612.000 2640
2613.000 2182
2614.000 2748
2615.000 2458
2616.000 2210
2617.000 2244
2618.000 2280
2619.000 2768
2620.000 1754
2621.000 2206
2622.000 2540
2623.000 2328
2624.000 2264
2625.000 1634
2626.000 2348
2627.000 1986
2628.000 2868
2629.000 2702
2630.000 2578
2631.000 2996
2632.000 2360
2633.000 2228
2634.000 2558
2635.000 2414
2636.000 2436
2637.000 2096
2638.000 2234
2639.000 2710
2640.000 2386
2641.000 1914
2642.000 2066
2643.000 1170
2644.000 985
2645.000 1054
2646.000 985
2647.000 2104
2648.000 2482
2649.000 1816
2650.000 2608
2651.000 2144
2652.000 2382
2653.000 1870
2654.000 2430
2655.000 2192
2656.000 2858
2657.000 2744
2658.000 1442
2659.000 1422
2660.000 902
2661.000 1924
2662.000 2302
2663.000 1572
2664.000 3098
2665.000 2342
2666.000 2470
2667.000 2754
2668.000 2158
2669.000 2628
2670.000 2832
2671.000 2024
2672.000 2674
2673.000 2358
2674.000 1566
2675.000 1878
2676.000 1664
2677.000 2402
2678.000 2542
2679.000 2146
2680.000 2344
2681.000 2234
2682.000 2594
2683.000 2412
2684.000 2196
2685.000 1634
2686.000 1738
2687.000 1824
2688.000 1770
2689.000 2592
2690.000 2804
2691.000 1938
2692.000 902
2693.000 977
2694.000 940
2695.000 2488
2696.000 2844
2697.000 3118
2698.000 2980
2699.000 2098
2700.000 2500
2701.000 2462
2702.000 2328
2703.000 1024
2704.000 2182
2705.000 1656
2706.000 1054
2707.000 2043
2708.000 1352
2709.000 1480
2710.000 2572
2711.000 2082
2712.000 1870
2713.000 2778
2714.000 2642
2715.000 2564
2716.000 2706
2717.000 1664
2718.000 1734
2719.000 2880
2720.000 2698
2721.000 1618
2722.000 2058
2723.000 902
2724.000 1008
2725.000 1100
2726.000 948
2727.000 1772
2728.000 2806
2729.000 2784
2730.000 1612
2731.000 1726
2732.000 2744
2733.000 2244
2734.000 2070
2735.000 2496
2736.000 2288
2737.000 2120
2738.000 1336
2739.000 1981
2740.000 2340
2741.000 1991
2742.000 2700
2743.000 2478
2744.000 2068
2745.000 1390
2746.000 1496
2747.000 2666
2748.000 2250
2749.000 2244
2750.000 1856
2751.000 2007
2752.000 1582
2753.000 2486
2754.000 2037
2755.000 2380
2756.000 2540
2757.000 2190
2758.000 2150
2759.000 1862
2760.000 2252
2761.000 1900
2762.000 2406
2763.000 1628
2764.000 1588
2765.000 2298
2766.000 2558
2767.000 1658
2768.000 2404
2769.000 1588
2770.000 1246
2771.000 1322
2772.000 1944
2773.000 1620
2774.000 1894
2775.000 1991
2776.000 1366
2777.000 1436
2778.000 2212
2779.000 2660
2780.000 2328
2781.000 2304
2782.000 1672
2783.000 1894
2784.000 1740
2785.000 2242
2786.000 2634
2787.000 2068
2788.000 2214
2789.000 1336
2790.000 1374
2791.000 2524
2792.000 2204
2793.000 1882
2794.000 1952
2795.000 1320
2796.000 1664
2797.000 1572
2798.000 1602
2799.000 1862
2800.000 1938
2801.000 1336
2802.000 1488
2803.000 985
2804.000 2136
2805.000 902
2806.000 902
2807.000 910
2808.000 940
2809.000 902
2810.000 910
2811.000 1512
2812.000 1986
2813.000 1578
2814.000 1900
2815.000 2037
2816.000 2036
2817.000 1664
2818.000 2158
2819.000 2584
2820.000 2128
2821.000 2326
2822.000 2218
2823.000 2022
2824.000 2027
2825.000 2590
2826.000 2524
2827.000 3046
2828.000 2280
2829.000 2206
2830.000 2584
2831.000 1778
2832.000 2226
2833.000 2660
2834.000 1780
2835.000 2318
2836.000 2356
2837.000 2706
2838.000 2256
2839.000 2300
2840.000 1598
2841.000 1246
2842.000 1428
2843.000 2090
2844.000 2602
2845.000 2242
2846.000 2394
2847.000 2120
2848.000 1740
2849.000 2420
2850.000 2844
2851.000 1658
2852.000 2220
2853.000 2708
2854.000 1224
2855.000 1838
2856.000 1778
2857.000 1974
2858.000 2584
2859.000 1710
2860.000 2896
2861.000 2144
2862.000 1024
2863.000 1276
2864.000 1824
2865.000 2250
2866.000 1214
2867.000 2720
2868.000 2174
2869.000 1602
2870.000 1640
2871.000 1466
2872.000 1694
2873.000 2500
2874.000 2144
2875.000 1594
2876.000 1754
2877.000 1724
2878.000 902
2879.000 1428
2880.000 977
2881.000 902
2882.000 2882
2883.000 2212
2884.000 985
2885.000 2890
2886.000 1954
2887.000 2496
2888.000 1404
2889.000 2310
2890.000 2204
2891.000 977
2892.000 918
2893.000 1054
2894.000 1138
2895.000 1542
2896.000 1656
2897.000 1336
2898.000 1466
2899.000 1822
2900.000 2106
2901.000 1686
2902.000 2364
2903.000 1572
2904.000 2072
2905.000 1108
2906.000 1328
2907.000 1146
2908.000 977
2909.000 2410
2910.000 1336
2911.000 1300
2912.000 2150
2913.000 2660
2914.000 1730
2915.000 940
2916.000 977
2917.000 1981
2918.000 2166
2919.000 1024
2920.000 1960
2921.000 1362
2922.000 1808
2923.000 1870
2924.000 1938
2925.000 1480
2926.000 1214
2927.000 2036
2928.000 1556
2929.000 1990
2930.000 1800
2931.000 1610
2932.000 1770
2933.000 940
2934.000 985
2935.000 902
2936.000 902
2937.000 940
2938.000 864
2939.000 902
2940.000 940
2941.000 940
2942.000 864
2943.000 904
2944.000 940
2945.000 940
2946.000 940
2947.000 902
2948.000 902
2949.000 976
2950.000 902
2951.000 872
2952.000 948
2953.000 940
2954.000 948
2955.000 940
2956.000 940
2957.000 940
2958.000 940
2959.000 902
2960.000 902
2961.000 985
2962.000 902
2963.000 902
2964.000 977
2965.000 970
2966.000 902
2967.000 948
2968.000 977
2969.000 872
2970.000 977
2971.000 902
2972.000 902
2973.000 977
2974.000 902
2975.000 940
2976.000 977
2977.000 910
2978.000 902
2979.000 977
2980.000 902
2981.000 864
2982.000 977
2983.000 910
2984.000 1046
2985.000 940
2986.000 940
2987.000 1046
2988.000 940
2989.000 902
2990.000 902
2991.000 977
2992.000 940
2993.000 902
2994.000 902
2995.000 1016
2996.000 940
2997.000 977
2998.000 902
2999.000 902
3000.000 910
3001.000 910
3002.000 902
3003.000 864
3004.000 940
3005.000 796
3006.000 902
3007.000 902
3008.000 902
3009.000 902
3010.000 940
3011.000 902
3012.000 864
3013.000 977
3014.000 902
3015.000 864
3016.000 977
3017.000 940
3018.000 902
3019.000 948
3020.000 910
3021.000 940
3022.000 977
3023.000 902
3024.000 940
3025.000 948
3026.000 940
3027.000 1990
3028.000 2158
3029.000 1916
3030.000 2438
3031.000 2706
3032.000 2814
3033.000 2432
3034.000 2304
3035.000 2326
3036.000 2852
3037.000 2032
3038.000 2596
3039.000 2530
3040.000 1572
3041.000 1900
3042.000 2630
3043.000 3072
3044.000 2364
3045.000 2574
3046.000 1794
3047.000 2128
3048.000 1944
3049.000 2768
3050.000 2730
3051.000 2464
3052.000 2692
3053.000 2302
3054.000 2076
3055.000 2190
3056.000 1888
3057.000 1778
3058.000 1412
3059.000 1496
3060.000 2724
3061.000 2410
3062.000 2508
3063.000 1724
3064.000 2416
3065.000 2088
3066.000 1476
3067.000 1396
3068.000 1290
3069.000 1336
3070.000 1932
3071.000 2350
3072.000 1978
3073.000 1534
3074.000 1594
3075.000 1358
3076.000 1246
3077.000 2402
3078.000 2440
3079.000 1658
3080.000 977
3081.000 1482
3082.000 1868
3083.000 2084
3084.000 1694
3085.000 1976
3086.000 1924
3087.000 2144
3088.000 1876
3089.000 2082
3090.000 2746
3091.000 2510
3092.000 2180
3093.000 2150
3094.000 2114
3095.000 1824
3096.000 1952
3097.000 1762
3098.000 2318
3099.000 2328
3100.000 1750
3101.000 1634
3102.000 1580
3103.000 1946
3104.000 2274
3105.000 2664
3106.000 1960
3107.000 1922
3108.000 1754
3109.000 2122
3110.000 1354
3111.000 1322
3112.000 2776
3113.000 2274
3114.000 2282
3115.000 2318
3116.000 2090
3117.000 2166
3118.000 2920
3119.000 2396
3120.000 2682
3121.000 1336
3122.000 1428
3123.000 2346
3124.000 1892
3125.000 2310
3126.000 1830
3127.000 2242
3128.000 1238
3129.000 994
3130.000 2144
3131.000 2182
3132.000 1750
3133.000 1964
3134.000 1170
3135.000 1268
3136.000 1260
3137.000 1596
3138.000 1178
3139.000 1420
3140.000 2442
3141.000 2178
3142.000 2570
3143.000 1618
3144.000 1396
3145.000 2486
3146.000 2052
3147.000 2060
3148.000 2310
3149.000 1802
3150.000 2678
3151.000 2898
3152.000 2750
3153.000 2138
3154.000 2070
3155.000 1734
3156.000 1176
3157.000 2334
3158.000 1946
3159.000 2598
3160.000 2166
3161.000 2062
3162.000 2744
3163.000 2594
3164.000 2312
3165.000 1836
3166.000 1404
3167.000 1222
3168.000 1222
3169.000 1298
3170.000 1162
3171.000 1938
3172.000 2310
3173.000 2336
3174.000 2170
3175.000 2294
3176.000 2660
3177.000 2638
3178.000 2576
3179.000 2806
3180.000 2278
3181.000 2562
3182.000 1358
3183.000 2204
3184.000 1410
3185.000 1664
3186.000 2558
3187.000 2470
3188.000 1780
3189.000 2264
3190.000 2043
3191.000 2800
3192.000 2334
3193.000 2060
3194.000 2054
3195.000 2610
3196.000 2088
3197.000 2494
3198.000 1990
3199.000 1986
3200.000 2160
3201.000 2554
3202.000 3002
3203.000 2424
3204.000 2330
3205.000 1618
3206.000 1954
3207.000 2304
3208.000 2550
3209.000 2334
3210.000 2108
3211.000 2114
3212.000 2472
3213.000 1916
3214.000 1854
3215.000 1184
3216.000 2556
3217.000 1922
3218.000 2448
3219.000 1702
3220.000 2570
3221.000 2234
3222.000 1542
3223.000 2098
3224.000 1656
3225.000 1678
3226.000 2934
3227.000 2764
3228.000 1848
3229.000 1892
3230.000 2250
3231.000 2626
3232.000 1886
3233.000 1260
3234.000 1260
3235.000 1298
3236.000 2052
3237.000 1520
3238.000 1550
3239.000 1420
3240.000 1328
3241.000 1702
3242.000 1596
3243.000 1544
3244.000 1688
3245.000 1336
3246.000 1458
3247.000 1788
3248.000 1718
3249.000 1412
3250.000 2738
3251.000 2122
3252.000 1290
3253.000 2120
3254.000 2007
3255.000 1396
3256.000 1822
3257.000 1366
3258.000 1200
3259.000 1724
3260.000 2098
3261.000 1764
3262.000 2250
3263.000 1754
3264.000 2198
3265.000 1572
3266.000 1214
3267.000 1378
3268.000 1534
3269.000 2530
3270.000 2674
3271.000 2092
3272.000 2138
3273.000 2652
3274.000 1724
3275.000 1184
3276.000 1526
3277.000 1534
3278.000 1648
3279.000 2890
3280.000 1991
3281.000 2526
3282.000 2402
3283.000 2524
3284.000 1664
3285.000 977
3286.000 948
3287.000 902
3288.000 2060
3289.000 1100
3290.000 2746
3291.000 2138
3292.000 2600
3293.000 2424
3294.000 2848
3295.000 2700
3296.000 2758
3297.000 977
3298.000 2568
3299.000 2250
3300.000 2294
3301.000 2776
3302.000 1908
3303.000 1404
3304.000 977
3305.000 902
3306.000 1328
3307.000 1656
3308.000 2466
3309.000 2640
3310.000 1960
3311.000 1184
3312.000 1298
3313.000 1924
3314.000 1762
3315.000 1808
3316.000 1592
3317.000 1466
3318.000 910
3319.000 1520
3320.000 2622
3321.000 2322
3322.000 1884
3323.000 2344
3324.000 2662
3325.000 2168
3326.000 2906
3327.000 2258
3328.000 2778
3329.000 2692
3330.000 2970
3331.000 2576
3332.000 1986
3333.000 1656
3334.000 2020
3335.000 940
3336.000 1008
3337.000 940
3338.000 1656
3339.000 1750
3340.000 1640
3341.000 1748
3342.000 2218
3343.000 1922
3344.000 3104
3345.000 2166
3346.000 2882
3347.000 1786
3348.000 2730
3349.000 2540
3350.000 2650
3351.000 2792
3352.000 2204
3353.000 2556
3354.000 2484
3355.000 2410
3356.000 2822
3357.000 2244
3358.000 2700
3359.000 2142
3360.000 1816
3361.000 2180
3362.000 2478
3363.000 2454
3364.000 1100
3365.000 1016
3366.000 2282
3367.000 2632
3368.000 2534
3369.000 2252
3370.000 2636
3371.000 2860
3372.000 1778
3373.000 2314
3374.000 2618
3375.000 2624
3376.000 2382
3377.000 2636
3378.000 2528
3379.000 2024
3380.000 2548
3381.000 2204
3382.000 1528
3383.000 1778
3384.000 1352
3385.000 1846
3386.000 2298
3387.000 1496
3388.000 1468
3389.000 1754
3390.000 1398
3391.000 1504
3392.000 2922
3393.000 2154
3394.000 2378
3395.000 1480
3396.000 902
3397.000 910
3398.000 948
3399.000 2266
3400.000 1640
3401.000 2330
3402.000 2336
3403.000 2860
3404.000 1952
3405.000 1100
3406.000 1602
3407.000 1382
3408.000 1784
3409.000 2538
3410.000 2562
3411.000 1746
3412.000 1016
3413.000 1344
3414.000 1458
3415.000 1854
3416.000 2150
3417.000 2272
3418.000 1442
3419.000 2874
3420.000 1772
3421.000 2562
3422.000 2064
3423.000 2344
3424.000 2532
3425.000 3076
3426.000 2710
3427.000 2830
3428.000 2520
3429.000 2310
3430.000 1958
3431.000 2276
3432.000 1266
3433.000 902
3434.000 977
3435.000 1100
3436.000 2236
3437.000 2356
3438.000 2212
3439.000 1822
3440.000 2296
3441.000 1672
3442.000 1370
3443.000 1580
3444.000 1526
3445.000 1544
3446.000 1032
3447.000 948
3448.000 902
3449.000 902
3450.000 1290
3451.000 1542
3452.000 2027
3453.000 2074
3454.000 2014
3455.000 2758
3456.000 2716
3457.000 1138
3458.000 902
3459.000 910
3460.000 940
3461.000 902
3462.000 948
3463.000 910
3464.000 2080
3465.000 2052
3466.000 1436
3467.000 1854
3468.000 1013
3469.000 902
3470.000 902
3471.000 977
3472.000 902
3473.000 977
3474.000 910
3475.000 864
3476.000 902
3477.000 977
3478.000 902
3479.000 864
3480.000 940
3481.000 902
3482.000 902
3483.000 902
3484.000 976
3485.000 1550
3486.000 2522
3487.000 1206
3488.000 940
3489.000 1868
3490.000 2130
3491.000 1420
3492.000 2622
3493.000 1968
3494.000 1732
3495.000 2158
3496.000 985
3497.000 1696
3498.000 1564
3499.000 2142
3500.000 2472
3501.000 2410
3502.000 1962
3503.000 2670
3504.000 2106
3505.000 1998
3506.000 2526
3507.000 2082
3508.000 2000
3509.000 2584
3510.000 2904
3511.000 2896
3512.000 940
3513.000 940
3514.000 940
3515.000 864
3516.000 977
3517.000 940
3518.000 902
3519.000 902
3520.000 902
3521.000 902
3522.000 940
3523.000 918
3524.000 902
3525.000 977
3526.000 940
3527.000 864
3528.000 940
3529.000 940
3530.000 902
3531.000 977
3532.000 864
3533.000 902
3534.000 977
3535.000 940
3536.000 864
3537.000 910
3538.000 902
3539.000 902
3540.000 940
3541.000 902
3542.000 940
3543.000 910
3544.000 1016
3545.000 910
3546.000 976
3547.000 902
3548.000 902
3549.000 977
3550.000 902
3551.000 902
3552.000 940
3553.000 902
3554.000 940
3555.000 976
3556.000 940
3557.000 864
3558.000 940
3559.000 940
3560.000 940
3561.000 872
3562.000 940
3563.000 940
3564.000 948
3565.000 940
3566.000 1944
3567.000 2268
3568.000 2076
3569.000 2684
3570.000 1054
3571.000 2872
3572.000 2600
3573.000 2668
3574.000 1902
3575.000 2486
3576.000 842
3577.000 1756
3578.000 1100
3579.000 940
3580.000 977
3581.000 864
3582.000 940
3583.000 956
3584.000 864
3585.000 940
3586.000 1016
3587.000 902
3588.000 902
3589.000 938
3590.000 902
3591.000 910
3592.000 948
3593.000 864
3594.000 977
3595.000 910
3596.000 940
3597.000 902
3598.000 940
3599.000 977
3600.000 902
3601.000 902
3602.000 902
3603.000 902
3604.000 985
3605.000 902
3606.000 864
3607.000 940
3608.000 1008
3609.000 910
3610.000 872
3611.000 1008
3612.000 902
3613.000 940
3614.000 864
3615.000 902
3616.000 940
3617.000 938
3618.000 902
3619.000 940
3620.000 1032
3621.000 940
3622.000 1002
3623.000 950
3624.000 902
3625.000 940
3626.000 902
3627.000 842
3628.000 1016
3629.000 902
3630.000 866
3631.000 1054
3632.000 902
3633.000 2416
3634.000 2043
3635.000 902
3636.000 910
3637.000 940
3638.000 902
3639.000 940
3640.000 940
3641.000 864
3642.000 902
3643.000 918
3644.000 976
3645.000 902
3646.000 940
3647.000 902
3648.000 940
3649.000 940
3650.000 940
3651.000 872
3652.000 1054
3653.000 977
3654.000 902
3655.000 977
3656.000 864
3657.000 940
3658.000 985
3659.000 902
3660.000 910
3661.000 940
3662.000 902
3663.000 902
3664.000 872
3665.000 902
3666.000 940
3667.000 948
3668.000 1892
3669.000 1314
3670.000 940
3671.000 902
3672.000 864
3673.000 1016
3674.000 902
3675.000 940
3676.000 910
3677.000 977
3678.000 902
3679.000 956
3680.000 902
3681.000 977
3682.000 902
3683.000 902
3684.000 940
3685.000 1054
3686.000 902
3687.000 940
3688.000 977
3689.000 902
3690.000 864
3691.000 1154
3692.000 1770
3693.000 1846
3694.000 2576
3695.000 2006
3696.000 1832
3697.000 1024
3698.000 902
3699.000 1268
3700.000 2001
3701.000 1672
3702.000 1700
3703.000 956
3704.000 864
3705.000 940
3706.000 948
3707.000 940
3708.000 864
3709.000 1016
3710.000 1428
3711.000 1854
3712.000 2084
3713.000 2068
3714.000 2210
3715.000 1062
3716.000 1298
3717.000 2134
3718.000 1748
3719.000 1626
3720.000 910
3721.000 902
3722.000 910
3723.000 902
3724.000 938
3725.000 940
3726.000 864
3727.000 940
3728.000 977
3729.000 977
3730.000 902
3731.000 1016
3732.000 864
3733.000 1218
3734.000 940
3735.000 940
3736.000 902
3737.000 902
3738.000 902
3739.000 940
3740.000 940
3741.000 977
3742.000 888
3743.000 977
3744.000 902
3745.000 864
3746.000 940
3747.000 902
3748.000 902
3749.000 977
3750.000 864
3751.000 940
3752.000 977
3753.000 938
3754.000 902
3755.000 1036
3756.000 902
3757.000 902
3758.000 977
3759.000 902
3760.000 940
3761.000 948
3762.000 940
3763.000 948
3764.000 940
3765.000 902
3766.000 977
3767.000 948
3768.000 910
3769.000 902
3770.000 940
3771.000 828
3772.000 976
3773.000 942
3774.000 902
3775.000 902
3776.000 977
3777.000 902
3778.000 902
3779.000 948
3780.000 902
3781.000 864
3782.000 910
3783.000 938
3784.000 940
3785.000 902
3786.000 902
3787.000 902
3788.000 977
3789.000 940
3790.000 940
3791.000 910
3792.000 926
3793.000 902
3794.000 1020
3795.000 902
3796.000 902
3797.000 902
3798.000 902
3799.000 902
3800.000 940
3801.000 902
3802.000 902
3803.000 948
3804.000 902
3805.000 902
3806.000 1008
3807.000 902
3808.000 940
3809.000 977
3810.000 977
3811.000 900
3812.000 977
3813.000 902
3814.000 902
3815.000 902
3816.000 940
3817.000 940
3818.000 977
3819.000 864
3820.000 940
3821.000 940
3822.000 940
3823.000 910
3824.000 977
3825.000 940
3826.000 902
3827.000 902
3828.000 902
3829.000 902
3830.000 902
3831.000 940
3832.000 902
3833.000 902
3834.000 977
3835.000 864
3836.000 977
3837.000 872
3838.000 940
3839.000 902
3840.000 1816
3841.000 2112
3842.000 1816
3843.000 2040
3844.000 1816
3845.000 2600
3846.000 2122
3847.000 2360
3848.000 2488
3849.000 1702
3850.000 2410
3851.000 3124
3852.000 2266
3853.000 2812
3854.000 2334
3855.000 2758
3856.000 1838
3857.000 2880
3858.000 2466
3859.000 2022
3860.000 2130
3861.000 2908
3862.000 2630
3863.000 2974
3864.000 2012
3865.000 2266
3866.000 2624
3867.000 2186
3868.000 2128
3869.000 2874
3870.000 2596
3871.000 2288
3872.000 3070
3873.000 2312
3874.000 2007
3875.000 902
3876.000 1054
3877.000 2258
3878.000 2494
3879.000 2288
3880.000 2496
3881.000 2464
3882.000 2762
3883.000 2790
3884.000 2770
3885.000 2498
3886.000 2090
3887.000 1896
3888.000 2120
3889.000 2478
3890.000 2184
3891.000 2310
3892.000 1590
3893.000 2060
3894.000 2760
3895.000 2964
3896.000 2328
3897.000 2434
3898.000 2460
3899.000 2342
3900.000 2234
3901.000 3096
3902.000 2166
3903.000 1770
3904.000 2380
3905.000 2258
3906.000 2222
3907.000 2690
3908.000 2496
3909.000 2386
3910.000 2654
3911.000 2584
3912.000 2460
3913.000 1770
3914.000 2410
3915.000 2532
3916.000 2050
3917.000 2604
3918.000 2846
3919.000 2068
3920.000 2226
3921.000 1716
3922.000 1720
3923.000 1686
3924.000 1146
3925.000 2750
3926.000 2544
3927.000 3954
3928.000 2016
3929.000 2250
3930.000 2596
3931.000 2506
3932.000 2394
3933.000 2456
3934.000 1168
3935.000 2478
3936.000 2438
3937.000 2046
3938.000 1848
3939.000 1634
3940.000 1991
3941.000 2076
3942.000 1968
3943.000 1848
3944.000 2282
3945.000 2122
3946.000 2594
3947.000 2524
3948.000 2014
3949.000 1848
3950.000 985
3951.000 940
3952.000 902
3953.000 1138
3954.000 902
3955.000 1420
3956.000 2440
3957.000 2040
3958.000 2694
3959.000 2760
3960.000 2448
3961.000 2418
3962.000 2374
3963.000 2480
3964.000 2448
3965.000 2166
3966.000 1496
3967.000 2402
3968.000 2498
3969.000 2684
3970.000 1710
3971.000 1984
3972.000 2120
3973.000 1548
3974.000 1886
3975.000 2680
3976.000 2854
3977.000 2798
3978.000 3066
3979.000 2610
3980.000 1916
3981.000 2250
3982.000 2410
3983.000 2200
3984.000 2868
3985.000 2684
3986.000 2856
3987.000 1862
3988.000 1514
3989.000 2176
3990.000 1938
3991.000 1276
3992.000 1390
3993.000 1320
3994.000 1336
3995.000 1664
3996.000 2640
3997.000 1642
3998.000 1542
3999.000 2630
4000.000 1632
4001.000 2454
4002.000 2612
4003.000 2520
4004.000 2272
4005.000 2806
4006.000 2570
4007.000 2160
4008.000 2000
4009.000 2260
4010.000 2570
4011.000 2488
4012.000 2043
4013.000 2146
4014.000 1664
4015.000 1300
4016.000 1450
4017.000 1528
4018.000 1390
4019.000 1846
4020.000 2036
4021.000 1792
4022.000 2518
4023.000 2790
4024.000 2514
4025.000 2560
4026.000 2644
4027.000 2016
4028.000 1856
4029.000 1952
4030.000 1732
4031.000 1550
4032.000 2120
4033.000 1878
4034.000 2334
4035.000 1916
4036.000 1512
4037.000 1832
4038.000 2014
4039.000 1938
4040.000 2264
4041.000 985
4042.000 1032
4043.000 902
4044.000 1466
4045.000 2644
4046.000 1564
4047.000 1054
4048.000 977
4049.000 1146
4050.000 940
4051.000 1146
4052.000 1152
4053.000 902
4054.000 977
4055.000 940
4056.000 864
4057.000 977
4058.000 1032
4059.000 1916
4060.000 2502
4061.000 2722
4062.000 2310
4063.000 1904
4064.000 1792
4065.000 2724
4066.000 2548
4067.000 2686
4068.000 2184
4069.000 1894
4070.000 1564
4071.000 2336
4072.000 2464
4073.000 1350
4074.000 1746
4075.000 1922
4076.000 1564
4077.000 1818
4078.000 2870
4079.000 2404
4080.000 2082
4081.000 1842
4082.000 1960
4083.000 2098
4084.000 1320
4085.000 1412
4086.000 1968
4087.000 2418
4088.000 2534
4089.000 1854
4090.000 1130
4091.000 2258
4092.000 1792
4093.000 1656
4094.000 2304
4095.000 2610
4096.000 2396
4097.000 2148
4098.000 2980
4099.000 2714
4100.000 2928
4101.000 2624
4102.000 2626
4103.000 2328
4104.000 1892
4105.000 2784
4106.000 2812
4107.000 2620
4108.000 2276
4109.000 2043
4110.000 1686
4111.000 2090
4112.000 2374
4113.000 2762
4114.000 2578
4115.000 2442
4116.000 2440
4117.000 1898
4118.000 1610
4119.000 1724
4120.000 1376
4121.000 2686
4122.000 1178
4123.000 977
4124.000 977
4125.000 902
4126.000 1306
4127.000 1252
4128.000 985
4129.000 902
4130.000 1374
4131.000 1450
4132.000 1138
4133.000 1092
4134.000 1360
4135.000 1328
4136.000 956
4137.000 956
4138.000 1412
4139.000 1024
4140.000 1680
4141.000 2370
4142.000 2242
4143.000 1176
4144.000 2564
4145.000 2602
4146.000 2030
4147.000 2350
4148.000 2890
4149.000 2472
4150.000 2328
4151.000 1016
4152.000 992
4153.000 1564
4154.000 902
4155.000 1572
4156.000 1092
4157.000 1640
4158.000 902
4159.000 902
4160.000 2106
4161.000 2276
4162.000 2502
4163.000 2662
4164.000 3042
4165.000 2290
4166.000 2420
4167.000 2438
4168.000 2660
4169.000 2738
4170.000 3006
4171.000 1848
4172.000 2990
4173.000 2858
4174.000 2882
4175.000 1786
4176.000 2418
4177.000 1634
4178.000 1732
4179.000 1192
4180.000 1452
4181.000 1504
4182.000 2622
4183.000 1572
4184.000 1062
4185.000 1024
4186.000 1284
4187.000 1818
4188.000 1884
4189.000 1890
4190.000 2418
4191.000 1626
4192.000 1162
4193.000 2380
4194.000 1718
4195.000 1308
4196.000 940
4197.000 994
4198.000 1412
4199.000 1756
4200.000 1984
4201.000 2548
4202.000 2356
4203.000 2644
4204.000 2648
4205.000 2374
4206.000 2420
4207.000 2310
4208.000 1420
4209.000 2176
4210.000 2326
4211.000 2394
4212.000 1490
4213.000 2804
4214.000 2896
4215.000 1908
4216.000 2440
4217.000 2888
4218.000 2136
4219.000 2052
4220.000 1892
4221.000 1574
4222.000 1450
4223.000 1840
4224.000 2182
4225.000 940
4226.000 1306
4227.000 2226
4228.000 2694
4229.000 2738
4230.000 3178
4231.000 2852
4232.000 1840
4233.000 2746
4234.000 2868
4235.000 2424
4236.000 2022
4237.000 1978
4238.000 2304
4239.000 1344
4240.000 2570
4241.000 2548
4242.000 2526
4243.000 1794
4244.000 1278
4245.000 1394
4246.000 1542
4247.000 2244
4248.000 2040
4249.000 1656
4250.000 2136
4251.000 1702
4252.000 2672
4253.000 1850
4254.000 1474
4255.000 1670
4256.000 2486
4257.000 2082
4258.000 2182
4259.000 1542
4260.000 1496
4261.000 2030
4262.000 2334
4263.000 2340
4264.000 1868
4265.000 1648
4266.000 1694
4267.000 2820
4268.000 1284
4269.000 1306
4270.000 902
4271.000 2172
4272.000 1514
4273.000 1838
4274.000 2344
4275.000 2616
4276.000 2890
4277.000 2346
4278.000 2386
4279.000 1900
4280.000 2654
4281.000 2916
4282.000 1878
4283.000 1724
4284.000 1580
4285.000 2043
4286.000 2332
4287.000 2834
4288.000 2638
4289.000 2830
4290.000 2382
4291.000 2106
4292.000 2906
4293.000 1542
4294.000 1748
4295.000 2714
4296.000 1726
4297.000 1550
4298.000 2342
4299.000 2320
4300.000 2136
4301.000 2000
4302.000 2474
4303.000 1998
4304.000 2508
4305.000 2768
4306.000 2410
4307.000 2684
4308.000 3078
4309.000 2776
4310.000 2406
4311.000 2806
4312.000 1802
4313.000 1991
4314.000 2242
4315.000 2250
4316.000 2646
4317.000 2430
4318.000 2568
4319.000 1480
4320.000 1054
4321.000 1016
4322.000 940
4323.000 1016
4324.000 1122
4325.000 1984
4326.000 2228
4327.000 2410
4328.000 2670
4329.000 2060
4330.000 2358
4331.000 1998
4332.000 2820
4333.000 3006
4334.000 2228
4335.000 2054
4336.000 2990
4337.000 2920
4338.000 2312
4339.000 3034
4340.000 2226
4341.000 1534
4342.000 2016
4343.000 1298
4344.000 2516
4345.000 2206
4346.000 1954
4347.000 977
4348.000 940
4349.000 948
4350.000 1594
4351.000 2584
4352.000 2272
4353.000 2674
4354.000 2794
4355.000 2404
4356.000 2198
4357.000 1846
4358.000 1624
4359.000 1306
4360.000 1336
4361.000 1016
4362.000 902
4363.000 1512
4364.000 1252
4365.000 1138
4366.000 2290
4367.000 1754
4368.000 1542
4369.000 2716
4370.000 2662
4371.000 2806
4372.000 2472
4373.000 2092
4374.000 2716
4375.000 1968
4376.000 1504
4377.000 2938
4378.000 2174
4379.000 1908
4380.000 2624
4381.000 2338
4382.000 2616
4383.000 2676
4384.000 1998
4385.000 2722
4386.000 2716
4387.000 1922
4388.000 1206
4389.000 1596
4390.000 902
4391.000 1054
4392.000 985
4393.000 985
4394.000 1024
4395.000 1054
4396.000 940
4397.000 1474
4398.000 1054
4399.000 2304
4400.000 2640
4401.000 2952
4402.000 2640
4403.000 2302
4404.000 2184
4405.000 2418
4406.000 2390
4407.000 2076
4408.000 2850
4409.000 1876
4410.000 1282
4411.000 1542
4412.000 1328
4413.000 1442
4414.000 1648
4415.000 2766
4416.000 1542
4417.000 1084
4418.000 940
4419.000 864
4420.000 2546
4421.000 2746
4422.000 2594
4423.000 2372
4424.000 2472
4425.000 977
4426.000 1016
4427.000 902
4428.000 1594
4429.000 1016
4430.000 1374
4431.000 2136
4432.000 2350
4433.000 2422
4434.000 1824
4435.000 977
4436.000 984
4437.000 864
4438.000 956
4439.000 902
4440.000 985
4441.000 2362
4442.000 1564
4443.000 2638
4444.000 2918
4445.000 1466
4446.000 2526
4447.000 2430
4448.000 1936
4449.000 2318
4450.000 2344
4451.000 2660
4452.000 1802
4453.000 2810
4454.000 1564
4455.000 2006
4456.000 1762
4457.000 1062
4458.000 1382
4459.000 1452
4460.000 1658
4461.000 2176
4462.000 2106
4463.000 2660
4464.000 2036
4465.000 1686
4466.000 1870
4467.000 2320
4468.000 2906
4469.000 2212
4470.000 2346
4471.000 1968
4472.000 2070
4473.000 2244
4474.000 1016
4475.000 850
4476.000 940
4477.000 956
4478.000 994
4479.000 2000
4480.000 1540
4481.000 2016
4482.000 2388
4483.000 2236
4484.000 2640
4485.000 1990
4486.000 2166
4487.000 910
4488.000 902
4489.000 1702
4490.000 1838
4491.000 1580
4492.000 2676
4493.000 2524
4494.000 2348
4495.000 1598
4496.000 1514
4497.000 2220
4498.000 1878
4499.000 1244
4500.000 2290
4501.000 2358
4502.000 2266
4503.000 2518
4504.000 2388
4505.000 3012
4506.000 2730
4507.000 2418
4508.000 1846
4509.000 1716
4510.000 1450
4511.000 1480
4512.000 2000
4513.000 1846
4514.000 1968
4515.000 2088
4516.000 2530
4517.000 2714
4518.000 2334
4519.000 2388
4520.000 1848
4521.000 1652
4522.000 1946
4523.000 2043
4524.000 1914
4525.000 1970
4526.000 2368
4527.000 2866
4528.000 1520
4529.000 2312
4530.000 2084
4531.000 2610
4532.000 2502
4533.000 2516
4534.000 1604
4535.000 1810
4536.000 1620
4537.000 1468
4538.000 1854
4539.000 1344
4540.000 1170
4541.000 1981
4542.000 2334
4543.000 2594
4544.000 2238
4545.000 2958
4546.000 2024
4547.000 2198
4548.000 2056
4549.000 2782
4550.000 2876
4551.000 2336
4552.000 2420
4553.000 2440
4554.000 2548
4555.000 1778
4556.000 1718
4557.000 2027
4558.000 2602
4559.000 1824
4560.000 1848
4561.000 1886
4562.000 2332
4563.000 2212
4564.000 2544
4565.000 2692
4566.000 2394
4567.000 2388
4568.000 2756
4569.000 2802
4570.000 2736
4571.000 2562
4572.000 2082
4573.000 2372
4574.000 2420
4575.000 2218
4576.000 977
4577.000 1260
4578.000 1938
4579.000 1854
4580.000 1854
4581.000 1808
4582.000 2212
4583.000 2842
4584.000 1588
4585.000 2678
4586.000 2776
4587.000 2744
4588.000 2388
4589.000 2302
4590.000 2288
4591.000 1192
4592.000 1846
4593.000 1672
4594.000 1654
4595.000 2418
4596.000 1298
4597.000 2438
4598.000 1846
4599.000 2030
4600.000 2690
4601.000 2828
4602.000 2146
4603.000 2560
4604.000 1564
4605.000 1586
4606.000 2750
4607.000 2834
4608.000 1176
4609.000 948
4610.000 1556
4611.000 1320
4612.000 1670
4613.000 902
4614.000 1016
4615.000 940
4616.000 1062
4617.000 1846
4618.000 1504
4619.000 902
4620.000 1208
4621.000 2438
4622.000 1724
4623.000 1260
4624.000 1262
4625.000 1970
4626.000 2114
4627.000 1684
4628.000 2730
4629.000 1991
4630.000 2174
4631.000 2082
4632.000 1146
4633.000 2334
4634.000 1830
4635.000 2730
4636.000 1672
4637.000 2014
4638.000 2806
4639.000 2148
4640.000 2236
4641.000 2578
4642.000 1742
4643.000 2442
4644.000 2106
4645.000 3080
4646.000 1824
4647.000 2492
4648.000 2736
4649.000 2722
4650.000 2440
4651.000 2652
4652.000 2648
4653.000 2574
4654.000 2444
4655.000 2308
4656.000 2676
4657.000 1382
4658.000 2336
4659.000 2654
4660.000 2302
4661.000 2120
4662.000 2342
4663.000 2280
4664.000 2228
4665.000 2710
4666.000 2160
4667.000 2292
4668.000 2510
4669.000 2060
4670.000 1434
4671.000 1146
4672.000 1664
4673.000 1770
4674.000 2402
4675.000 2692
4676.000 1746
4677.000 985
4678.000 2324
4679.000 2584
4680.000 2074
4681.000 1534
4682.000 2918
4683.000 1800
4684.000 1450
4685.000 1214
4686.000 1670
4687.000 1214
4688.000 1062
4689.000 948
4690.000 1404
4691.000 1260
4692.000 1176
4693.000 940
4694.000 864
4695.000 977
4696.000 902
4697.000 902
4698.000 1936
4699.000 2182
4700.000 1672
4701.000 1670
4702.000 940
4703.000 2242
4704.000 2668
4705.000 1878
4706.000 1786
4707.000 2384
4708.000 1946
4709.000 1626
4710.000 1904
4711.000 2402
4712.000 1770
4713.000 1260
4714.000 1960
4715.000 2798
4716.000 1374
4717.000 2310
4718.000 1786
4719.000 1850
4720.000 1366
4721.000 2478
4722.000 2836
4723.000 1810
4724.000 1564
4725.000 1526
4726.000 2500
4727.000 2418
4728.000 2414
4729.000 1588
4730.000 2296
4731.000 1246
4732.000 1248
4733.000 1480
4734.000 1694
4735.000 1886
4736.000 1024
4737.000 1404
4738.000 1100
4739.000 1862
4740.000 4106
4741.000 2798
4742.000 2214
4743.000 2544
4744.000 2715
4745.000 3594
4746.000 3763
4747.000 2652
4748.000 2432
4749.000 2220
4750.000 977
4751.000 5550
4752.000 634
4753.000 1628
4754.000 902
4755.000 940
4756.000 1054
4757.000 902
4758.000 864
4759.000 940
4760.000 948
4761.000 977
4762.000 1422
4763.000 872
4764.000 902
4765.000 977
4766.000 940
4767.000 940
4768.000 940
4769.000 940
4770.000 791
