# Slice: URLLC | 112.217.128.200:13041 -> 10.215.173.1:49003 (UDP)
# offset_sec  packet_size_bytes
0.000 102556
1.000 101240
2.000 99900
3.000 98560
4.000 100899
5.000 98901
6.000 101240
7.000 99900
8.000 99900
9.000 98560
10.000 101240
11.000 98889
12.000 99571
13.000 99900
14.000 99900
15.000 101240
16.000 99900
17.000 98560
18.000 101240
19.000 99900
20.000 99900
21.000 99218
22.000 99242
23.000 99900
24.000 101240
25.000 99900
26.000 99900
27.000 99900
28.000 99900
29.000 99900
30.000 98560
31.000 99900
32.000 101240
33.000 98560
34.000 99900
35.000 100229
36.000 100911
37.000 99900
38.000 99900
39.000 99900
40.000 99900
41.000 99900
42.000 98560
43.000 99900
44.000 101240
45.000 99900
46.000 99900
47.000 99900
48.000 99900
49.000 98560
50.000 101240
51.000 98560
52.000 101240
53.000 99559
54.000 98901
55.000 101240
56.000 99900
57.000 98560
58.000 101240
59.000 98560
60.000 99242
61.000 101898
62.000 98560
63.000 100229
64.000 100911
65.000 98560
66.000 99900
67.000 99900
68.000 99900
69.000 101240
70.000 99900
71.000 99900
72.000 98560
73.000 101240
74.000 98560
75.000 101240
76.000 99900
77.000 98560
78.000 99900
79.000 99900
80.000 99900
81.000 101240
82.000 99900
83.000 98889
84.000 99571
85.000 101240
86.000 99900
87.000 98560
88.000 101240
89.000 98560
90.000 101240
91.000 99900
92.000 98560
93.000 99900
94.000 101240
95.000 98560
96.000 99900
97.000 99900
98.000 99900
99.000 101240
100.000 98560
101.000 99900
102.000 99900
103.000 99900
104.000 99900
105.000 99900
106.000 101240
107.000 98889
108.000 99571
109.000 100229
110.000 99900
111.000 100911
112.000 98560
113.000 99900
114.000 99900
115.000 99900
116.000 101240
117.000 98560
118.000 99900
119.000 99900
120.000 101240
121.000 99218
122.000 99242
123.000 99900
124.000 101240
125.000 98560
126.000 99900
127.000 101240
128.000 98560
129.000 99900
130.000 99900
131.000 99900
132.000 99900
133.000 101240
134.000 98560
135.000 99571
136.000 100229
137.000 99900
138.000 99900
139.000 100229
140.000 100911
141.000 97902
142.000 100558
143.000 99900
144.000 99900
145.000 99900
146.000 99900
147.000 101240
148.000 98560
149.000 99571
150.000 99571
151.000 100558
152.000 99900
153.000 99900
154.000 99900
155.000 99242
156.000 101898
157.000 98560
158.000 99900
159.000 99900
160.000 99900
161.000 99900
162.000 99900
163.000 100229
164.000 99571
165.000 99900
166.000 100229
167.000 99571
168.000 99900
169.000 99900
170.000 99900
171.000 99900
172.000 99242
173.000 101557
174.000 98901
175.000 99900
176.000 99900
177.000 99900
178.000 98901
179.000 100899
180.000 99900
181.000 99900
182.000 99900
183.000 99242
184.000 100558
185.000 99900
186.000 99242
187.000 100558
188.000 99900
189.000 99242
190.000 100229
191.000 99571
192.000 100558
193.000 99900
194.000 99242
195.000 100558
196.000 99900
197.000 99900
198.000 99900
199.000 99900
200.000 99900
201.000 99242
202.000 100558
203.000 99900
204.000 99242
205.000 100229
206.000 100229
207.000 99900
208.000 99242
209.000 100558
210.000 99900
211.000 99900
212.000 99900
213.000 99900
214.000 99900
215.000 99900
216.000 99900
217.000 99242
218.000 100558
219.000 99900
220.000 99900
221.000 99900
222.000 99900
223.000 99900
224.000 99242
225.000 100558
226.000 99900
227.000 99900
228.000 99900
229.000 99900
230.000 99900
231.000 99900
232.000 99900
233.000 99242
234.000 99900
235.000 99900
236.000 100558
237.000 99242
238.000 99900
239.000 99900
240.000 100558
241.000 99900
242.000 99900
243.000 99571
244.000 100229
245.000 99900
246.000 99900
247.000 99900
248.000 99900
249.000 99242
250.000 100558
251.000 99900
252.000 99900
253.000 99242
254.000 99900
255.000 99900
256.000 100229
257.000 100229
258.000 99900
259.000 99900
260.000 99242
261.000 100558
262.000 99900
263.000 99242
264.000 100558
265.000 99242
266.000 100558
267.000 99900
268.000 99242
269.000 100558
270.000 99900
271.000 97902
272.000 101240
273.000 99900
274.000 99900
275.000 99900
276.000 99900
277.000 100558
278.000 99242
279.000 100558
280.000 98560
281.000 100582
282.000 98889
283.000 100911
284.000 99900
285.000 100558
286.000 99900
287.000 99900
288.000 99900
289.000 99242
290.000 99900
291.000 99900
292.000 99900
293.000 100558
294.000 99242
295.000 99900
296.000 100558
297.000 99242
298.000 99900
299.000 100558
300.000 99242
301.000 99900
302.000 99900
303.000 99900
304.000 99900
305.000 100558
306.000 99242
307.000 100558
308.000 99242
309.000 100558
310.000 99900
311.000 99900
312.000 99900
313.000 99242
314.000 100558
315.000 99242
316.000 99900
317.000 100558
318.000 99571
319.000 99571
320.000 99900
321.000 100558
322.000 99242
323.000 99900
324.000 99900
325.000 100558
326.000 99242
327.000 99900
328.000 100558
329.000 99242
330.000 100558
331.000 99571
332.000 100229
333.000 99242
334.000 99900
335.000 100558
336.000 98231
337.000 100911
338.000 99900
339.000 99900
340.000 99900
341.000 99900
342.000 99900
343.000 99900
344.000 99900
345.000 99900
346.000 100558
347.000 99900
348.000 99900
349.000 99242
350.000 99900
351.000 99900
352.000 100558
353.000 99900
354.000 99242
355.000 99900
356.000 99900
357.000 100558
358.000 99900
359.000 99242
360.000 98889
361.000 100911
362.000 99900
363.000 99900
364.000 99900
365.000 99900
366.000 99900
367.000 99900
368.000 99900
369.000 99900
370.000 99900
371.000 99900
372.000 99900
373.000 98560
374.000 101240
375.000 99900
376.000 99900
377.000 99900
378.000 97902
379.000 101898
380.000 99900
381.000 99900
382.000 99900
383.000 99900
384.000 99900
385.000 98560
386.000 93906
387.000 107234
388.000 98889
389.000 100911
390.000 99900
391.000 98889
392.000 100911
393.000 99900
394.000 99900
395.000 99900
396.000 99900
397.000 99900
398.000 99900
399.000 99900
400.000 99900
401.000 99900
402.000 99900
403.000 99900
404.000 99900
405.000 99900
406.000 99900
407.000 99900
408.000 98560
409.000 101240
410.000 99900
411.000 99900
412.000 98560
413.000 99900
414.000 99900
415.000 99900
416.000 101240
417.000 98560
418.000 99900
419.000 101240
420.000 99900
421.000 99900
422.000 99559
423.000 98901
424.000 100558
425.000 99242
426.000 101240
427.000 99900
428.000 98560
429.000 99900
430.000 101240
431.000 99900
432.000 98560
433.000 101240
434.000 99900
435.000 99900
436.000 99900
437.000 99900
438.000 98560
439.000 101240
440.000 99900
441.000 99900
442.000 99900
443.000 99900
444.000 99900
445.000 98560
446.000 99900
447.000 101240
448.000 98560
449.000 99900
450.000 101240
451.000 99900
452.000 99900
453.000 99900
454.000 98560
455.000 99900
456.000 100558
457.000 99242
458.000 101240
459.000 98560
460.000 99900
461.000 101240
462.000 99900
463.000 98889
464.000 100911
465.000 99900
466.000 99900
467.000 99900
468.000 99900
469.000 99559
470.000 98901
471.000 101240
472.000 98560
473.000 99900
474.000 101240
475.000 98560
476.000 99900
477.000 99900
478.000 99900
479.000 101240
480.000 98560
481.000 99900
482.000 101240
483.000 99900
484.000 98889
485.000 99571
486.000 100558
487.000 100241
488.000 98901
489.000 101240
490.000 98889
491.000 100911
492.000 98560
493.000 99900
494.000 99900
495.000 99900
496.000 101240
497.000 98560
498.000 101240
499.000 98560
500.000 101240
501.000 99900
502.000 99900
503.000 98560
504.000 101240
505.000 99900
506.000 99559
507.000 100241
508.000 98560
509.000 101240
510.000 99900
511.000 98889
512.000 100911
513.000 99900
514.000 99900
515.000 99900
516.000 98560
517.000 100229
518.000 99571
519.000 101240
520.000 99900
521.000 98560
522.000 99900
523.000 99900
524.000 99242
525.000 101898
526.000 99900
527.000 98560
528.000 99900
529.000 101240
530.000 99900
531.000 98560
532.000 99900
533.000 99900
534.000 99242
535.000 100558
536.000 99900
537.000 99900
538.000 101240
539.000 98560
540.000 99242
541.000 101898
542.000 98560
543.000 99900
544.000 101240
545.000 98560
546.000 99900
547.000 99900
548.000 99900
549.000 99900
550.000 99900
551.000 99900
552.000 99900
553.000 99900
554.000 99900
555.000 99242
556.000 100229
557.000 100229
558.000 99900
559.000 99900
560.000 99900
561.000 99242
562.000 100558
563.000 99571
564.000 100229
565.000 99900
566.000 99900
567.000 99900
568.000 99900
569.000 99900
570.000 100558
571.000 98913
572.000 100229
573.000 99900
574.000 99900
575.000 99900
576.000 99900
577.000 99900
578.000 99900
579.000 99900
580.000 99900
581.000 99900
582.000 99900
583.000 99242
584.000 100558
585.000 99900
586.000 99900
587.000 99900
588.000 99900
589.000 99900
590.000 99900
591.000 99900
592.000 99571
593.000 100229
594.000 99900
595.000 99900
596.000 99900
597.000 99900
598.000 99900
599.000 99900
600.000 99900
601.000 99900
602.000 99900
603.000 99900
604.000 99571
605.000 100229
606.000 99900
607.000 99900
608.000 99900
609.000 99900
610.000 99900
611.000 99242
612.000 100558
613.000 99900
614.000 99900
615.000 99900
616.000 99900
617.000 99900
618.000 99242
619.000 100558
620.000 99900
621.000 99900
622.000 99900
623.000 99900
624.000 99900
625.000 99900
626.000 99900
627.000 99900
628.000 99900
629.000 99242
630.000 100558
631.000 99900
632.000 99900
633.000 99242
634.000 99900
635.000 100558
636.000 99900
637.000 99242
638.000 100229
639.000 100229
640.000 99900
641.000 99900
642.000 99242
643.000 100229
644.000 100229
645.000 99900
646.000 99900
647.000 99900
648.000 99900
649.000 99900
650.000 99242
651.000 99900
652.000 99900
653.000 100558
654.000 99571
655.000 100229
656.000 99242
657.000 100558
658.000 99900
659.000 99242
660.000 100558
661.000 99242
662.000 100558
663.000 99242
664.000 100558
665.000 99900
666.000 99242
667.000 100558
668.000 99900
669.000 99900
670.000 99242
671.000 100558
672.000 99242
673.000 100558
674.000 99242
675.000 100558
676.000 99900
677.000 99900
678.000 99242
679.000 100558
680.000 99242
681.000 100229
682.000 100229
683.000 99900
684.000 99900
685.000 99242
686.000 100558
687.000 99900
688.000 99900
689.000 99242
690.000 100558
691.000 99900
692.000 99242
693.000 100558
694.000 99242
695.000 100558
696.000 99900
697.000 99900
698.000 99242
699.000 99900
700.000 99900
701.000 100558
702.000 99900
703.000 99900
704.000 99242
705.000 99900
706.000 99900
707.000 100558
708.000 99900
709.000 99900
710.000 99900
711.000 99242
712.000 100229
713.000 100229
714.000 99242
715.000 100229
716.000 100229
717.000 99242
718.000 99900
719.000 98560
720.000 101898
721.000 95904
722.000 103238
723.000 100558
724.000 99242
725.000 99900
726.000 99900
727.000 99900
728.000 99900
729.000 99900
730.000 99900
731.000 98560
732.000 101240
733.000 100558
734.000 99900
735.000 99242
736.000 99900
737.000 100229
738.000 99571
739.000 99900
740.000 100558
741.000 99242
742.000 100229
743.000 99571
744.000 99900
745.000 100558
746.000 99242
747.000 99900
748.000 99900
749.000 99900
750.000 100229
751.000 100229
752.000 99242
753.000 99900
754.000 99900
755.000 99900
756.000 99900
757.000 99900
758.000 98560
759.000 101240
760.000 99900
761.000 99900
762.000 99900
763.000 99900
764.000 98560
765.000 101240
766.000 99900
767.000 98889
768.000 100911
769.000 98560
770.000 101240
771.000 99900
772.000 99900
773.000 98560
774.000 101240
775.000 99900
776.000 99900
777.000 99900
778.000 99900
779.000 99900
780.000 99900
781.000 99900
782.000 99900
783.000 99900
784.000 99900
785.000 99900
786.000 99900
787.000 100558
788.000 99242
789.000 99900
790.000 99900
791.000 98560
792.000 101240
793.000 99900
794.000 99900
795.000 99900
796.000 99900
797.000 99900
798.000 99900
799.000 99900
800.000 99900
801.000 99900
802.000 99900
803.000 99900
804.000 99900
805.000 99900
806.000 99900
807.000 99900
808.000 99900
809.000 99900
810.000 98560
811.000 101240
812.000 99900
813.000 99900
814.000 99900
815.000 98231
816.000 101228
817.000 100241
818.000 99900
819.000 99900
820.000 99900
821.000 99900
822.000 99900
823.000 99900
824.000 98560
825.000 101240
826.000 99900
827.000 99900
828.000 99900
829.000 99900
830.000 98560
831.000 101240
832.000 99900
833.000 98560
834.000 101240
835.000 98560
836.000 101240
837.000 99900
838.000 99900
839.000 98560
840.000 101240
841.000 99900
842.000 99900
843.000 99900
844.000 99900
845.000 99559
846.000 98901
847.000 99900
848.000 99900
849.000 100899
850.000 100241
851.000 98560
852.000 101240
853.000 99900
854.000 99900
855.000 98560
856.000 101240
857.000 99900
858.000 98560
859.000 101240
860.000 99900
861.000 99900
862.000 98560
863.000 100229
864.000 100911
865.000 98560
866.000 100899
867.000 98901
868.000 100229
869.000 99571
870.000 101240
871.000 99900
872.000 99900
873.000 99900
874.000 99900
875.000 99900
876.000 99900
877.000 99900
878.000 98560
879.000 99900
880.000 101240
881.000 99900
882.000 98560
883.000 101240
884.000 99900
885.000 98560
886.000 99900
887.000 101240
888.000 99900
889.000 98560
890.000 101240
891.000 99900
892.000 98560
893.000 99900
894.000 101240
895.000 98560
896.000 99900
897.000 99900
898.000 99900
899.000 99900
900.000 99900
901.000 101240
902.000 98560
903.000 100899
904.000 98901
905.000 101240
906.000 98889
907.000 98913
908.000 100558
909.000 99900
910.000 100899
911.000 100241
912.000 98560
913.000 101240
914.000 99900
915.000 95904
916.000 2656
917.000 99242
918.000 99900
919.000 99900
920.000 98560
921.000 101240
922.000 98560
923.000 99900
924.000 99900
925.000 99900
926.000 99900
927.000 101240
928.000 98560
929.000 101240
930.000 98560
931.000 99900
932.000 99900
933.000 99900
934.000 99900
935.000 99900
936.000 101240
937.000 98560
938.000 101240
939.000 98889
940.000 100911
941.000 98560
942.000 99900
943.000 99900
944.000 101240
945.000 99218
946.000 100582
947.000 98560
948.000 99900
949.000 99900
950.000 99900
951.000 99900
952.000 101240
953.000 99900
954.000 99900
955.000 98560
956.000 101240
957.000 98560
958.000 101240
959.000 98560
960.000 99900
961.000 99900
962.000 100229
963.000 99571
964.000 100899
965.000 98901
966.000 101240
967.000 98560
968.000 99900
969.000 99900
970.000 99900
971.000 101240
972.000 98560
973.000 99900
974.000 99900
975.000 99900
976.000 99900
977.000 99900
978.000 99900
979.000 99900
980.000 99900
981.000 99900
982.000 99900
983.000 99900
984.000 99900
985.000 99900
986.000 99900
987.000 99900
988.000 99900
989.000 99900
990.000 99571
991.000 100229
992.000 99242
993.000 100558
994.000 99900
995.000 99900
996.000 99900
997.000 99900
998.000 99900
999.000 99900
1000.000 99900
1001.000 99900
1002.000 99900
1003.000 99900
1004.000 99900
1005.000 99900
1006.000 99900
1007.000 99900
1008.000 99900
1009.000 99900
1010.000 99900
1011.000 99571
1012.000 99571
1013.000 100558
1014.000 99242
1015.000 100558
1016.000 99900
1017.000 99900
1018.000 99242
1019.000 100558
1020.000 99900
1021.000 99900
1022.000 99900
1023.000 99900
1024.000 99900
1025.000 99242
1026.000 100558
1027.000 99242
1028.000 100558
1029.000 99900
1030.000 99900
1031.000 99900
1032.000 99242
1033.000 100558
1034.000 99900
1035.000 99242
1036.000 100558
1037.000 99900
1038.000 99900
1039.000 99900
1040.000 99900
1041.000 99571
1042.000 100558
1043.000 99571
1044.000 99900
1045.000 99900
1046.000 99900
1047.000 99242
1048.000 99900
1049.000 99900
1050.000 100558
1051.000 99900
1052.000 99900
1053.000 99900
1054.000 99242
1055.000 99900
1056.000 100558
1057.000 99900
1058.000 99900
1059.000 99900
1060.000 99900
1061.000 99900
1062.000 99242
1063.000 100558
1064.000 99242
1065.000 100558
1066.000 99242
1067.000 100558
1068.000 99242
1069.000 100558
1070.000 99900
1071.000 99242
1072.000 99900
1073.000 99900
1074.000 99900
1075.000 99900
1076.000 100558
1077.000 99900
1078.000 99242
1079.000 98889
1080.000 101569
1081.000 99900
1082.000 99242
1083.000 100558
1084.000 99900
1085.000 99900
1086.000 99900
1087.000 99900
1088.000 99900
1089.000 99900
1090.000 99900
1091.000 99900
1092.000 99900
1093.000 99900
1094.000 99900
1095.000 98913
1096.000 100558
1097.000 99900
1098.000 99900
1099.000 99242
1100.000 100558
1101.000 99900
1102.000 99900
1103.000 99900
1104.000 99571
1105.000 100229
1106.000 99900
1107.000 99571
1108.000 99571
1109.000 100558
1110.000 99900
1111.000 99242
1112.000 100558
1113.000 99900
1114.000 99900
1115.000 99900
1116.000 99900
1117.000 99900
1118.000 99242
1119.000 99900
1120.000 100558
1121.000 99900
1122.000 99900
1123.000 99900
1124.000 99242
1125.000 100558
1126.000 99242
1127.000 100558
1128.000 99900
1129.000 99571
1130.000 100229
1131.000 99900
1132.000 99900
1133.000 99900
1134.000 99242
1135.000 99900
1136.000 100229
1137.000 100229
1138.000 99900
1139.000 99900
1140.000 99242
1141.000 100558
1142.000 99242
1143.000 99900
1144.000 100558
1145.000 99900
1146.000 99900
1147.000 99242
1148.000 100558
1149.000 99900
1150.000 99900
1151.000 99242
1152.000 100558
1153.000 99242
1154.000 100558
1155.000 99242
1156.000 100558
1157.000 99242
1158.000 100558
1159.000 99900
1160.000 99242
1161.000 99900
1162.000 98560
1163.000 101569
1164.000 99571
1165.000 99900
1166.000 99900
1167.000 99900
1168.000 98560
1169.000 101240
1170.000 100229
1171.000 99571
1172.000 100229
1173.000 100229
1174.000 99242
1175.000 100558
1176.000 99242
1177.000 99900
1178.000 100558
1179.000 99900
1180.000 99242
1181.000 100558
1182.000 99242
1183.000 99900
1184.000 99900
1185.000 99900
1186.000 98560
1187.000 101569
1188.000 100229
1189.000 99242
1190.000 100558
1191.000 99242
1192.000 99900
1193.000 99900
1194.000 99900
1195.000 99900
1196.000 98889
1197.000 100911
1198.000 99900
1199.000 99900
1200.000 99900
1201.000 99900
1202.000 99900
1203.000 99900
1204.000 99900
1205.000 99900
1206.000 99900
1207.000 99900
1208.000 99900
1209.000 99900
1210.000 99900
1211.000 99900
1212.000 99900
1213.000 99900
1214.000 99900
1215.000 98560
1216.000 99900
1217.000 101240
1218.000 99900
1219.000 98560
1220.000 101240
1221.000 99900
1222.000 99900
1223.000 100558
1224.000 98560
1225.000 100582
1226.000 99900
1227.000 99900
1228.000 99900
1229.000 100558
1230.000 97902
1231.000 101240
1232.000 99900
1233.000 99900
1234.000 99900
1235.000 99900
1236.000 99900
1237.000 99900
1238.000 100558
1239.000 99242
1240.000 100558
1241.000 99242
1242.000 99900
1243.000 99900
1244.000 99900
1245.000 99900
1246.000 99900
1247.000 99218
1248.000 100582
1249.000 99900
1250.000 99900
1251.000 99900
1252.000 99900
1253.000 99900
1254.000 99900
1255.000 99900
1256.000 99900
1257.000 99900
1258.000 100558
1259.000 99242
1260.000 98560
1261.000 101240
1262.000 99900
1263.000 99900
1264.000 99900
1265.000 100558
1266.000 99242
1267.000 99900
1268.000 99900
1269.000 99900
1270.000 99900
1271.000 99900
1272.000 99900
1273.000 99900
1274.000 98560
1275.000 101898
1276.000 97902
1277.000 101240
1278.000 99900
1279.000 99900
1280.000 99900
1281.000 99900
1282.000 98560
1283.000 101240
1284.000 99900
1285.000 99900
1286.000 99900
1287.000 98560
1288.000 99900
1289.000 101240
1290.000 99900
1291.000 99900
1292.000 99900
1293.000 98560
1294.000 99900
1295.000 101240
1296.000 98560
1297.000 101240
1298.000 99900
1299.000 98560
1300.000 101240
1301.000 99900
1302.000 99900
1303.000 99900
1304.000 98560
1305.000 99900
1306.000 101240
1307.000 99900
1308.000 99900
1309.000 99900
1310.000 99900
1311.000 98560
1312.000 101240
1313.000 98560
1314.000 101240
1315.000 98560
1316.000 99900
1317.000 101240
1318.000 99900
1319.000 99900
1320.000 99900
1321.000 98560
1322.000 99242
1323.000 100558
1324.000 101240
1325.000 99900
1326.000 99900
1327.000 98560
1328.000 101240
1329.000 99900
1330.000 98560
1331.000 101240
1332.000 98560
1333.000 99900
1334.000 99900
1335.000 101240
1336.000 98560
1337.000 101240
1338.000 98560
1339.000 101240
1340.000 99900
1341.000 99900
1342.000 98560
1343.000 100558
1344.000 100582
1345.000 99900
1346.000 99900
1347.000 99900
1348.000 97902
1349.000 101898
1350.000 99900
1351.000 98889
1352.000 99571
1353.000 101240
1354.000 98889
1355.000 99571
1356.000 99900
1357.000 100558
1358.000 100582
1359.000 99900
1360.000 99900
1361.000 99900
1362.000 98560
1363.000 99571
1364.000 101569
1365.000 99900
1366.000 99900
1367.000 99900
1368.000 98560
1369.000 99242
1370.000 100558
1371.000 100229
1372.000 99571
1373.000 101240
1374.000 98560
1375.000 101240
1376.000 98560
1377.000 101240
1378.000 98560
1379.000 101240
1380.000 98560
1381.000 99900
1382.000 101240
1383.000 98560
1384.000 99900
1385.000 101240
1386.000 99900
1387.000 99900
1388.000 99900
1389.000 98560
1390.000 100229
1391.000 99571
1392.000 101240
1393.000 98560
1394.000 99900
1395.000 99900
1396.000 99900
1397.000 99900
1398.000 99900
1399.000 101240
1400.000 98560
1401.000 101240
1402.000 99900
1403.000 98560
1404.000 99900
1405.000 101240
1406.000 98560
1407.000 99900
1408.000 101240
1409.000 99900
1410.000 99900
1411.000 98560
1412.000 99900
1413.000 101240
1414.000 98560
1415.000 99900
1416.000 99900
1417.000 99242
1418.000 99900
1419.000 100558
1420.000 99900
1421.000 99900
1422.000 99900
1423.000 99900
1424.000 99900
1425.000 99900
1426.000 99900
1427.000 99242
1428.000 100558
1429.000 99242
1430.000 99900
1431.000 101898
1432.000 98560
1433.000 101240
1434.000 98560
1435.000 99900
1436.000 99571
1437.000 101569
1438.000 99900
1439.000 97902
1440.000 101898
1441.000 99900
1442.000 98560
1443.000 99900
1444.000 99900
1445.000 97902
1446.000 103238
1447.000 98560
1448.000 99900
1449.000 99900
1450.000 99900
1451.000 99242
1452.000 100558
1453.000 99900
1454.000 99900
1455.000 99900
1456.000 99900
1457.000 101240
1458.000 98560
1459.000 99900
1460.000 99900
1461.000 99900
1462.000 99900
1463.000 99242
1464.000 100558
1465.000 99900
1466.000 100229
1467.000 99571
1468.000 101240
1469.000 98560
1470.000 99900
1471.000 99900
1472.000 99242
1473.000 100558
1474.000 99900
1475.000 99242
1476.000 100558
1477.000 99900
1478.000 99900
1479.000 99571
1480.000 100229
1481.000 99900
1482.000 99900
1483.000 99900
1484.000 99900
1485.000 99242
1486.000 99900
1487.000 100558
1488.000 99900
1489.000 99900
1490.000 99900
1491.000 99900
1492.000 99900
1493.000 99900
1494.000 99242
1495.000 100558
1496.000 99900
1497.000 99900
1498.000 99900
1499.000 99900
1500.000 99900
1501.000 99900
1502.000 99900
1503.000 99900
1504.000 99242
1505.000 100558
1506.000 99900
1507.000 99900
1508.000 99900
1509.000 99900
1510.000 99242
1511.000 99900
1512.000 99900
1513.000 99900
1514.000 100558
1515.000 99900
1516.000 99900
1517.000 99242
1518.000 100558
1519.000 99900
1520.000 99900
1521.000 99900
1522.000 99900
1523.000 99900
1524.000 99900
1525.000 99900
1526.000 99242
1527.000 100558
1528.000 99900
1529.000 99242
1530.000 99900
1531.000 100558
1532.000 99900
1533.000 99900
1534.000 99900
1535.000 99242
1536.000 100558
1537.000 99900
1538.000 99900
1539.000 99900
1540.000 99900
1541.000 99900
1542.000 99900
1543.000 99900
1544.000 97902
1545.000 101898
1546.000 99242
1547.000 99900
1548.000 100558
1549.000 99900
1550.000 99900
1551.000 99242
1552.000 100558
1553.000 99900
1554.000 99900
1555.000 99900
1556.000 99571
1557.000 99571
1558.000 99900
1559.000 100558
1560.000 99900
1561.000 98560
1562.000 101240
1563.000 99900
1564.000 99900
1565.000 99900
1566.000 98901
1567.000 100241
1568.000 100558
1569.000 99242
1570.000 100558
1571.000 99900
1572.000 99900
1573.000 99242
1574.000 99900
1575.000 100558
1576.000 99242
1577.000 99900
1578.000 99900
1579.000 100558
1580.000 99242
1581.000 100558
1582.000 99900
1583.000 99900
1584.000 99900
1585.000 99242
1586.000 99900
1587.000 100558
1588.000 99900
1589.000 99242
1590.000 100558
1591.000 99242
1592.000 100558
1593.000 99242
1594.000 100558
1595.000 99900
1596.000 99900
1597.000 99242
1598.000 100558
1599.000 99900
1600.000 99242
1601.000 99900
1602.000 100558
1603.000 99900
1604.000 99242
1605.000 99900
1606.000 100558
1607.000 99242
1608.000 99900
1609.000 99900
1610.000 100558
1611.000 99242
1612.000 99900
1613.000 99900
1614.000 99900
1615.000 100558
1616.000 99900
1617.000 99900
1618.000 99242
1619.000 100558
1620.000 99242
1621.000 100558
1622.000 99900
1623.000 99242
1624.000 100558
1625.000 99242
1626.000 99900
1627.000 99900
1628.000 99900
1629.000 99900
1630.000 100558
1631.000 99900
1632.000 99900
1633.000 99242
1634.000 99900
1635.000 100558
1636.000 99242
1637.000 99900
1638.000 99900
1639.000 99900
1640.000 99900
1641.000 100558
1642.000 99242
1643.000 99900
1644.000 99900
1645.000 99900
1646.000 99900
1647.000 99900
1648.000 99900
1649.000 99900
1650.000 99900
1651.000 99900
1652.000 100558
1653.000 99900
1654.000 99242
1655.000 98560
1656.000 101240
1657.000 99900
1658.000 99900
1659.000 99900
1660.000 99900
1661.000 99900
1662.000 99900
1663.000 99900
1664.000 99900
1665.000 99559
1666.000 100241
1667.000 99900
1668.000 98889
1669.000 100911
1670.000 99900
1671.000 99900
1672.000 99900
1673.000 99900
1674.000 100558
1675.000 99242
1676.000 99900
1677.000 99900
1678.000 99900
1679.000 99900
1680.000 99900
1681.000 99900
1682.000 99900
1683.000 99900
1684.000 99900
1685.000 99900
1686.000 98560
1687.000 101240
1688.000 99900
1689.000 100229
1690.000 99571
1691.000 99900
1692.000 99900
1693.000 99900
1694.000 99900
1695.000 99900
1696.000 99900
1697.000 99900
1698.000 99900
1699.000 100558
1700.000 99242
1701.000 99559
1702.000 100241
1703.000 99900
1704.000 99900
1705.000 99900
1706.000 99900
1707.000 99900
1708.000 99900
1709.000 98560
1710.000 101240
1711.000 99900
1712.000 99900
1713.000 98560
1714.000 99900
1715.000 99900
1716.000 101240
1717.000 99900
1718.000 99900
1719.000 99900
1720.000 99900
1721.000 98560
1722.000 101240
1723.000 99900
1724.000 99900
1725.000 99900
1726.000 99900
1727.000 98889
1728.000 100911
1729.000 99900
1730.000 99900
1731.000 99900
1732.000 99900
1733.000 98560
1734.000 101240
1735.000 99900
1736.000 99900
1737.000 99900
1738.000 99900
1739.000 99900
1740.000 99218
1741.000 100582
1742.000 99900
1743.000 99900
1744.000 99900
1745.000 99900
1746.000 99900
1747.000 98889
1748.000 100911
1749.000 99900
1750.000 99900
1751.000 99900
1752.000 98560
1753.000 101240
1754.000 98889
1755.000 99571
1756.000 100229
1757.000 100570
1758.000 100241
1759.000 99900
1760.000 99900
1761.000 99900
1762.000 99900
1763.000 99900
1764.000 97902
1765.000 101898
1766.000 99900
1767.000 98560
1768.000 101240
1769.000 98560
1770.000 99900
1771.000 101240
1772.000 98560
1773.000 99900
1774.000 100229
1775.000 100229
1776.000 100582
1777.000 99900
1778.000 99900
1779.000 98560
1780.000 101240
1781.000 99900
1782.000 99900
1783.000 98560
1784.000 99900
1785.000 99900
1786.000 100899
1787.000 99230
1788.000 99571
1789.000 99900
1790.000 101240
1791.000 98560
1792.000 101240
1793.000 99900
1794.000 98560
1795.000 99900
1796.000 99900
1797.000 99900
1798.000 99900
1799.000 99900
1800.000 100229
1801.000 100911
1802.000 99900
1803.000 98560
1804.000 100229
1805.000 98913
1806.000 101898
1807.000 99900
1808.000 99900
1809.000 98560
1810.000 101240
1811.000 98560
1812.000 101240
1813.000 98560
1814.000 100229
1815.000 99571
1816.000 101240
1817.000 99900
1818.000 99900
1819.000 99900
1820.000 98560
1821.000 99900
1822.000 99900
1823.000 100229
1824.000 100911
1825.000 98560
1826.000 101240
1827.000 99900
1828.000 99900
1829.000 99900
1830.000 99900
1831.000 99900
1832.000 98560
1833.000 101240
1834.000 99559
1835.000 100241
1836.000 98560
1837.000 99242
1838.000 100558
1839.000 101240
1840.000 98560
1841.000 99900
1842.000 99900
1843.000 101240
1844.000 98560
1845.000 99571
1846.000 100229
1847.000 101240
1848.000 99900
1849.000 98560
1850.000 99900
1851.000 99900
1852.000 99900
1853.000 99900
1854.000 101240
1855.000 98560
1856.000 100899
1857.000 98901
1858.000 99900
1859.000 99900
1860.000 99242
1861.000 100558
1862.000 99900
1863.000 100558
1864.000 99242
1865.000 99900
1866.000 99900
1867.000 99900
1868.000 99900
1869.000 99900
1870.000 99900
1871.000 100899
1872.000 98901
1873.000 99900
1874.000 99900
1875.000 101240
1876.000 98560
1877.000 99900
1878.000 99900
1879.000 99900
1880.000 99900
1881.000 99900
1882.000 99900
1883.000 99900
1884.000 100558
1885.000 99242
1886.000 99571
1887.000 100229
1888.000 99900
1889.000 99900
1890.000 99900
1891.000 99900
1892.000 99900
1893.000 99900
1894.000 99900
1895.000 99900
1896.000 99900
1897.000 99900
1898.000 99242
1899.000 100558
1900.000 99900
1901.000 99900
1902.000 99900
1903.000 99900
1904.000 99900
1905.000 99900
1906.000 99900
1907.000 99900
1908.000 99900
1909.000 99900
1910.000 99900
1911.000 99242
1912.000 100558
1913.000 99242
1914.000 100558
1915.000 99900
1916.000 99900
1917.000 99900
1918.000 99900
1919.000 99900
1920.000 99900
1921.000 99900
1922.000 99900
1923.000 99900
1924.000 99900
1925.000 99900
1926.000 99900
1927.000 99900
1928.000 99900
1929.000 99900
1930.000 99242
1931.000 100558
1932.000 99900
1933.000 99900
1934.000 99900
1935.000 100229
1936.000 99571
1937.000 99900
1938.000 99900
1939.000 99900
1940.000 99242
1941.000 100558
1942.000 99900
1943.000 99900
1944.000 99900
1945.000 99900
1946.000 99242
1947.000 100558
1948.000 99242
1949.000 99900
1950.000 100558
1951.000 99900
1952.000 99571
1953.000 100229
1954.000 99900
1955.000 99900
1956.000 99900
1957.000 99242
1958.000 100558
1959.000 99900
1960.000 99900
1961.000 99900
1962.000 99900
1963.000 99900
1964.000 99900
1965.000 99242
1966.000 99900
1967.000 100558
1968.000 99900
1969.000 99900
1970.000 99242
1971.000 100558
1972.000 99242
1973.000 99900
1974.000 100558
1975.000 99900
1976.000 99242
1977.000 98889
1978.000 101569
1979.000 99242
1980.000 100558
1981.000 99900
1982.000 99900
1983.000 99900
1984.000 99242
1985.000 100558
1986.000 99242
1987.000 100558
1988.000 99900
1989.000 99900
1990.000 99242
1991.000 100558
1992.000 99242
1993.000 99900
1994.000 99900
1995.000 99900
1996.000 99900
1997.000 100558
1998.000 99900
1999.000 99242
2000.000 99900
2001.000 99900
2002.000 100558
2003.000 99242
2004.000 100558
2005.000 99900
2006.000 99900
2007.000 97902
2008.000 101898
2009.000 99900
2010.000 99900
2011.000 99900
2012.000 99900
2013.000 99900
2014.000 99242
2015.000 100558
2016.000 99900
2017.000 99900
2018.000 99242
2019.000 99900
2020.000 99900
2021.000 100558
2022.000 99900
2023.000 99242
2024.000 100558
2025.000 99242
2026.000 100558
2027.000 99242
2028.000 100558
2029.000 99900
2030.000 99571
2031.000 100229
2032.000 99242
2033.000 99900
2034.000 100558
2035.000 99242
2036.000 100558
2037.000 99242
2038.000 99900
2039.000 98889
2040.000 101569
2041.000 99242
2042.000 100558
2043.000 99242
2044.000 100558
2045.000 99900
2046.000 99571
2047.000 99571
2048.000 99900
2049.000 100558
2050.000 99900
2051.000 99900
2052.000 99900
2053.000 99900
2054.000 99242
2055.000 99900
2056.000 100229
2057.000 100229
2058.000 99900
2059.000 99242
2060.000 99900
2061.000 100558
2062.000 99242
2063.000 99900
2064.000 100558
2065.000 99242
2066.000 99900
2067.000 100558
2068.000 99900
2069.000 99242
2070.000 100558
2071.000 99900
2072.000 99242
2073.000 100558
2074.000 99242
2075.000 99900
2076.000 99900
2077.000 99218
2078.000 98913
2079.000 101569
2080.000 99900
2081.000 99900
2082.000 99900
2083.000 100558
2084.000 99242
2085.000 99900
2086.000 100558
2087.000 99242
2088.000 99900
2089.000 99900
2090.000 99900
2091.000 100558
2092.000 99900
2093.000 99242
2094.000 100558
2095.000 99571
2096.000 99571
2097.000 99900
2098.000 100558
2099.000 99242
2100.000 99900
2101.000 99900
2102.000 99900
2103.000 99900
2104.000 99900
2105.000 99900
2106.000 100229
2107.000 99571
2108.000 99900
2109.000 99900
2110.000 100229
2111.000 98231
2112.000 101240
2113.000 99900
2114.000 99900
2115.000 99900
2116.000 99900
2117.000 99900
2118.000 99900
2119.000 99900
2120.000 100558
2121.000 99900
2122.000 99242
2123.000 99900
2124.000 98889
2125.000 100911
2126.000 99900
2127.000 99900
2128.000 99900
2129.000 100558
2130.000 99242
2131.000 99218
2132.000 100582
2133.000 99900
2134.000 99900
2135.000 99900
2136.000 99900
2137.000 99900
2138.000 100558
2139.000 99242
2140.000 99900
2141.000 99900
2142.000 99900
2143.000 99900
2144.000 98560
2145.000 101240
2146.000 99900
2147.000 99900
2148.000 99900
2149.000 99900
2150.000 99900
2151.000 99900
2152.000 99900
2153.000 99900
2154.000 99900
2155.000 99900
2156.000 99900
2157.000 99900
2158.000 99900
2159.000 98560
2160.000 101240
2161.000 99900
2162.000 99900
2163.000 98560
2164.000 101240
2165.000 98560
2166.000 99900
2167.000 101240
2168.000 98560
2169.000 101240
2170.000 99900
2171.000 99900
2172.000 99900
2173.000 99900
2174.000 99900
2175.000 99900
2176.000 99900
2177.000 97902
2178.000 100229
2179.000 101569
2180.000 99900
2181.000 97902
2182.000 101898
2183.000 99900
2184.000 99900
2185.000 99900
2186.000 98560
2187.000 101240
2188.000 99900
2189.000 99900
2190.000 98560
2191.000 101240
2192.000 99900
2193.000 98889
2194.000 99571
2195.000 101240
2196.000 99900
2197.000 99900
2198.000 99900
2199.000 99900
2200.000 99559
2201.000 100241
2202.000 99559
2203.000 100241
2204.000 99900
2205.000 98560
2206.000 101240
2207.000 99900
2208.000 98560
2209.000 101240
2210.000 99900
2211.000 98560
2212.000 101240
2213.000 98560
2214.000 101240
2215.000 99900
2216.000 98560
2217.000 101240
2218.000 98560
2219.000 99900
2220.000 99900
2221.000 99900
2222.000 101240
2223.000 99900
2224.000 99900
2225.000 99218
2226.000 99242
2227.000 99900
2228.000 99900
2229.000 100899
2230.000 100241
2231.000 98560
2232.000 99900
2233.000 101240
2234.000 99218
2235.000 100582
2236.000 98560
2237.000 101240
2238.000 98560
2239.000 101240
2240.000 98560
2241.000 101240
2242.000 99900
2243.000 99900
2244.000 99900
2245.000 99900
2246.000 98560
2247.000 101240
2248.000 98560
2249.000 101240
2250.000 98560
2251.000 100899
2252.000 98901
2253.000 99900
2254.000 99900
2255.000 99900
2256.000 99900
2257.000 99900
2258.000 99900
2259.000 100558
2260.000 99242
2261.000 101240
2262.000 98560
2263.000 101240
2264.000 98889
2265.000 99571
2266.000 99900
2267.000 99900
2268.000 99900
2269.000 99900
2270.000 99900
2271.000 99900
2272.000 101240
2273.000 98889
2274.000 100911
2275.000 98560
2276.000 99900
2277.000 101240
2278.000 99559
2279.000 98901
2280.000 99900
2281.000 99900
2282.000 99571
2283.000 100229
2284.000 99900
2285.000 100558
2286.000 99242
2287.000 99900
2288.000 99900
2289.000 101240
2290.000 98560
2291.000 99900
2292.000 99900
2293.000 100899
2294.000 100241
2295.000 98560
2296.000 99900
2297.000 99900
2298.000 99900
2299.000 99900
2300.000 100229
2301.000 99571
2302.000 99900
2303.000 99900
2304.000 99900
2305.000 100558
2306.000 100582
2307.000 98560
2308.000 100229
2309.000 99571
2310.000 101240
2311.000 98560
2312.000 99900
2313.000 99900
2314.000 99900
2315.000 99900
2316.000 100899
2317.000 99559
2318.000 100582
2319.000 98560
2320.000 100229
2321.000 99571
2322.000 99900
2323.000 99900
2324.000 100229
2325.000 100911
2326.000 98560
2327.000 101240
2328.000 98560
2329.000 99900
2330.000 100899
2331.000 98901
2332.000 101240
2333.000 99559
2334.000 100241
2335.000 98231
2336.000 100229
2337.000 99242
2338.000 100558
2339.000 99900
2340.000 99900
2341.000 99900
2342.000 99900
2343.000 100229
2344.000 100911
2345.000 98560
2346.000 99900
2347.000 100229
2348.000 99571
2349.000 99900
2350.000 99900
2351.000 99900
2352.000 99242
2353.000 100558
2354.000 99900
2355.000 99571
2356.000 100229
2357.000 99900
2358.000 99900
2359.000 99900
2360.000 99900
2361.000 99900
2362.000 99900
2363.000 99900
2364.000 99242
2365.000 100558
2366.000 99900
2367.000 99900
2368.000 101240
2369.000 97902
2370.000 100558
2371.000 99900
2372.000 99900
2373.000 99242
2374.000 100558
2375.000 99242
2376.000 100558
2377.000 99900
2378.000 99242
2379.000 100558
2380.000 99242
2381.000 99900
2382.000 100558
2383.000 99900
2384.000 99900
2385.000 99900
2386.000 99571
2387.000 100229
2388.000 99242
2389.000 100558
2390.000 99900
2391.000 99900
2392.000 99242
2393.000 100558
2394.000 99242
2395.000 100558
2396.000 99242
2397.000 100558
2398.000 99900
2399.000 99242
2400.000 99218
2401.000 101240
2402.000 99900
2403.000 99900
2404.000 99900
2405.000 99900
2406.000 99242
2407.000 99900
2408.000 100558
2409.000 99900
2410.000 99900
2411.000 99900
2412.000 99900
2413.000 99900
2414.000 99242
2415.000 99900
2416.000 100558
2417.000 99900
2418.000 99900
2419.000 99900
2420.000 99900
2421.000 99900
2422.000 99242
2423.000 99900
2424.000 99900
2425.000 100558
2426.000 99900
2427.000 99900
2428.000 99900
2429.000 99242
2430.000 100558
2431.000 99900
2432.000 99900
2433.000 99900
2434.000 99242
2435.000 99900
2436.000 100558
2437.000 99900
2438.000 99242
2439.000 99900
2440.000 100558
2441.000 99900
2442.000 99242
2443.000 100558
2444.000 99900
2445.000 99900
2446.000 99242
2447.000 100558
2448.000 99900
2449.000 99242
2450.000 99900
2451.000 100558
2452.000 99900
2453.000 99242
2454.000 100558
2455.000 99900
2456.000 99242
2457.000 99900
2458.000 98560
2459.000 101240
2460.000 98889
2461.000 101569
2462.000 99242
2463.000 100558
2464.000 99242
2465.000 100558
2466.000 99900
2467.000 99900
2468.000 99242
2469.000 100558
2470.000 99900
2471.000 99900
2472.000 99242
2473.000 99900
2474.000 99900
2475.000 100558
2476.000 99900
2477.000 99242
2478.000 100558
2479.000 99571
2480.000 99571
2481.000 100558
2482.000 99900
2483.000 99900
2484.000 99242
2485.000 100558
2486.000 99900
2487.000 99242
2488.000 99900
2489.000 100558
2490.000 99242
2491.000 99900
2492.000 99900
2493.000 100558
2494.000 99900
2495.000 99242
2496.000 99900
2497.000 100558
2498.000 99242
2499.000 99900
2500.000 99900
2501.000 99900
2502.000 100558
2503.000 99242
2504.000 100558
2505.000 99900
2506.000 99242
2507.000 100558
2508.000 99900
2509.000 99900
2510.000 99242
2511.000 100558
2512.000 99900
2513.000 99242
2514.000 100558
2515.000 99242
2516.000 100558
2517.000 99900
2518.000 99242
2519.000 100558
2520.000 99242
2521.000 100558
2522.000 99900
2523.000 99900
2524.000 99571
2525.000 99571
2526.000 100558
2527.000 99242
2528.000 100558
2529.000 99242
2530.000 100558
2531.000 99242
2532.000 99900
2533.000 100558
2534.000 99242
2535.000 99900
2536.000 100558
2537.000 99242
2538.000 99900
2539.000 100558
2540.000 99900
2541.000 97902
2542.000 101898
2543.000 99242
2544.000 99900
2545.000 100558
2546.000 99242
2547.000 99900
2548.000 100558
2549.000 99242
2550.000 99900
2551.000 100558
2552.000 99242
2553.000 100558
2554.000 99242
2555.000 99900
2556.000 99900
2557.000 99900
2558.000 99900
2559.000 99900
2560.000 99900
2561.000 99900
2562.000 99900
2563.000 99900
2564.000 99900
2565.000 98889
2566.000 100911
2567.000 99900
2568.000 99900
2569.000 99900
2570.000 99900
2571.000 99900
2572.000 100558
2573.000 99242
2574.000 99218
2575.000 100582
2576.000 99900
2577.000 99900
2578.000 99900
2579.000 99900
2580.000 99900
2581.000 99900
2582.000 99900
2583.000 99900
2584.000 99900
2585.000 99900
2586.000 99900
2587.000 98560
2588.000 101240
2589.000 99900
2590.000 99900
2591.000 98560
2592.000 101240
2593.000 99900
2594.000 99900
2595.000 98560
2596.000 101240
2597.000 99900
2598.000 98560
2599.000 101240
2600.000 99900
2601.000 98560
2602.000 101240
2603.000 99900
2604.000 99900
2605.000 99900
2606.000 99900
2607.000 98560
2608.000 101240
2609.000 99900
2610.000 99900
2611.000 99900
2612.000 99900
2613.000 99900
2614.000 99900
2615.000 99900
2616.000 99900
2617.000 99900
2618.000 99900
2619.000 99900
2620.000 99900
2621.000 99900
2622.000 99900
2623.000 99900
2624.000 99900
2625.000 99900
2626.000 99900
2627.000 98560
2628.000 101240
2629.000 98560
2630.000 101240
2631.000 98560
2632.000 101240
2633.000 98889
2634.000 100911
2635.000 99900
2636.000 98560
2637.000 100558
2638.000 100582
2639.000 99900
2640.000 98560
2641.000 101240
2642.000 99218
2643.000 99242
2644.000 99900
2645.000 101240
2646.000 99900
2647.000 99218
2648.000 99571
2649.000 100911
2650.000 99900
2651.000 99900
2652.000 98560
2653.000 99900
2654.000 101240
2655.000 99900
2656.000 98560
2657.000 99900
2658.000 101240
2659.000 99900
2660.000 100229
2661.000 99571
2662.000 98560
2663.000 101240
2664.000 99900
2665.000 99900
2666.000 99900
2667.000 98560
2668.000 99900
2669.000 101240
2670.000 99900
2671.000 99218
2672.000 100582
2673.000 98560
2674.000 100229
2675.000 99571
2676.000 99900
2677.000 100899
2678.000 98901
2679.000 99900
2680.000 99900
2681.000 99900
2682.000 100229
2683.000 99571
2684.000 99900
2685.000 99900
2686.000 99900
2687.000 99900
2688.000 99900
2689.000 99900
2690.000 101240
2691.000 99900
2692.000 99900
2693.000 98560
2694.000 99900
2695.000 99900
2696.000 99900
2697.000 99900
2698.000 99900
2699.000 99900
2700.000 99900
2701.000 99900
2702.000 99900
2703.000 101240
2704.000 98560
2705.000 99900
2706.000 99900
2707.000 101240
2708.000 98560
2709.000 99900
2710.000 99900
2711.000 99900
2712.000 99900
2713.000 101240
2714.000 99900
2715.000 98560
2716.000 101240
2717.000 98560
2718.000 101240
2719.000 98560
2720.000 99900
2721.000 101240
2722.000 98560
2723.000 101240
2724.000 99559
2725.000 98901
2726.000 101240
2727.000 98560
2728.000 101240
2729.000 98560
2730.000 99900
2731.000 99900
2732.000 101240
2733.000 99900
2734.000 99218
2735.000 100582
2736.000 97902
2737.000 100558
2738.000 99900
2739.000 101240
2740.000 98560
2741.000 101240
2742.000 98560
2743.000 99900
2744.000 101240
2745.000 98560
2746.000 99900
2747.000 99900
2748.000 99900
2749.000 99900
2750.000 99900
2751.000 99900
2752.000 101240
2753.000 98560
2754.000 99900
2755.000 99900
2756.000 99900
2757.000 99900
2758.000 100229
2759.000 99571
2760.000 99900
2761.000 100229
2762.000 97902
2763.000 101569
2764.000 99900
2765.000 99900
2766.000 99900
2767.000 99900
2768.000 99900
2769.000 101240
2770.000 98560
2771.000 99900
2772.000 99900
2773.000 99900
2774.000 99900
2775.000 99900
2776.000 99242
2777.000 100558
2778.000 99900
2779.000 99900
2780.000 99900
2781.000 99900
2782.000 99900
2783.000 99242
2784.000 100558
2785.000 100229
2786.000 99571
2787.000 99900
2788.000 99900
2789.000 99900
2790.000 99900
2791.000 99900
2792.000 101240
2793.000 98560
2794.000 99900
2795.000 99900
2796.000 99900
2797.000 99900
2798.000 99242
2799.000 100558
2800.000 99900
2801.000 99242
2802.000 100558
2803.000 99900
2804.000 98560
2805.000 101240
2806.000 99242
2807.000 100558
2808.000 99571
2809.000 100229
2810.000 99900
2811.000 99900
2812.000 99900
2813.000 99900
2814.000 99900
2815.000 99900
2816.000 99900
2817.000 99900
2818.000 99900
2819.000 99900
2820.000 99900
2821.000 99900
2822.000 99900
2823.000 99900
2824.000 99900
2825.000 99900
2826.000 99900
2827.000 99900
2828.000 99900
2829.000 99900
2830.000 99900
2831.000 99900
2832.000 99900
2833.000 99900
2834.000 99242
2835.000 100558
2836.000 99900
2837.000 99900
2838.000 99900
2839.000 99900
2840.000 99900
2841.000 99900
2842.000 99900
2843.000 99900
2844.000 99242
2845.000 100558
2846.000 99242
2847.000 100558
2848.000 99900
2849.000 99900
2850.000 99900
2851.000 99242
2852.000 100558
2853.000 99242
2854.000 100558
2855.000 99900
2856.000 99900
2857.000 99900
2858.000 99900
2859.000 99900
2860.000 99900
2861.000 99900
2862.000 99900
2863.000 99242
2864.000 100558
2865.000 99571
2866.000 99571
2867.000 100558
2868.000 99900
2869.000 99900
2870.000 99900
2871.000 99900
2872.000 99900
2873.000 99900
2874.000 99900
2875.000 99242
2876.000 100558
2877.000 99242
2878.000 100558
2879.000 99242
2880.000 98560
2881.000 101898
2882.000 99571
2883.000 99571
2884.000 100558
2885.000 99900
2886.000 99900
2887.000 99242
2888.000 99900
2889.000 99900
2890.000 99218
2891.000 100582
2892.000 99900
2893.000 100558
2894.000 99242
2895.000 100558
2896.000 99900
2897.000 99242
2898.000 99900
2899.000 100558
2900.000 99900
2901.000 99242
2902.000 100558
2903.000 99571
2904.000 100229
2905.000 99242
2906.000 99900
2907.000 99900
2908.000 99900
2909.000 99900
2910.000 100558
2911.000 99242
2912.000 100558
2913.000 99242
2914.000 100558
2915.000 99900
2916.000 99900
2917.000 99242
2918.000 98560
2919.000 101898
2920.000 99900
2921.000 99242
2922.000 99900
2923.000 100558
2924.000 99900
2925.000 99900
2926.000 99900
2927.000 99900
2928.000 99900
2929.000 99242
2930.000 99900
2931.000 99900
2932.000 99900
2933.000 99900
2934.000 100558
2935.000 99242
2936.000 99900
2937.000 100558
2938.000 99242
2939.000 100558
2940.000 99900
2941.000 99900
2942.000 99900
2943.000 99900
2944.000 99900
2945.000 99900
2946.000 98560
2947.000 101240
2948.000 99571
2949.000 100229
2950.000 99900
2951.000 99242
2952.000 99900
2953.000 99900
2954.000 99900
2955.000 100558
2956.000 99242
2957.000 100558
2958.000 99900
2959.000 99242
2960.000 100229
2961.000 99571
2962.000 99900
2963.000 99900
2964.000 99900
2965.000 100558
2966.000 99242
2967.000 99900
2968.000 99900
2969.000 100558
2970.000 99242
2971.000 100558
2972.000 99242
2973.000 99900
2974.000 99900
2975.000 99900
2976.000 99900
2977.000 99900
2978.000 99900
2979.000 99900
2980.000 98560
2981.000 101898
2982.000 99571
2983.000 100229
2984.000 99242
2985.000 99559
2986.000 100241
2987.000 99900
2988.000 99900
2989.000 98560
2990.000 101240
2991.000 99900
2992.000 99900
2993.000 99900
2994.000 99900
2995.000 100558
2996.000 99242
2997.000 99900
2998.000 99900
2999.000 99218
3000.000 100582
3001.000 98560
3002.000 99900
3003.000 99900
3004.000 101240
3005.000 99900
3006.000 99900
3007.000 99900
3008.000 99900
3009.000 99900
3010.000 99900
3011.000 99900
3012.000 99900
3013.000 99900
3014.000 99218
3015.000 100582
3016.000 99900
3017.000 99900
3018.000 99900
3019.000 99900
3020.000 98560
3021.000 101240
3022.000 99900
3023.000 98560
3024.000 101240
3025.000 99900
3026.000 99900
3027.000 99900
3028.000 99900
3029.000 99900
3030.000 99900
3031.000 99900
3032.000 99900
3033.000 99900
3034.000 99900
3035.000 99900
3036.000 99900
3037.000 100558
3038.000 97902
3039.000 101240
3040.000 99900
3041.000 99900
3042.000 99900
3043.000 98560
3044.000 99900
3045.000 101240
3046.000 99900
3047.000 100558
3048.000 99242
3049.000 98560
3050.000 101240
3051.000 99900
3052.000 98560
3053.000 100229
3054.000 100911
3055.000 99900
3056.000 99900
3057.000 99900
3058.000 99900
3059.000 98560
3060.000 101240
3061.000 99900
3062.000 99900
3063.000 99559
3064.000 98901
3065.000 101240
3066.000 99900
3067.000 98560
3068.000 100229
3069.000 100911
3070.000 99900
3071.000 98560
3072.000 101240
3073.000 99900
3074.000 99900
3075.000 99900
3076.000 98560
3077.000 101240
3078.000 99900
3079.000 99900
3080.000 99900
3081.000 99900
3082.000 99900
3083.000 99900
3084.000 98560
3085.000 101240
3086.000 99900
3087.000 98560
3088.000 100229
3089.000 99571
3090.000 100229
3091.000 100911
3092.000 98560
3093.000 101240
3094.000 98560
3095.000 101240
3096.000 99900
3097.000 98560
3098.000 99900
3099.000 99242
3100.000 101898
3101.000 99900
3102.000 97902
3103.000 100558
3104.000 101240
3105.000 99900
3106.000 99900
3107.000 99900
3108.000 99900
3109.000 99900
3110.000 98560
3111.000 100229
3112.000 100911
3113.000 98560
3114.000 99900
3115.000 99900
3116.000 101240
3117.000 99900
3118.000 98560
3119.000 100229
3120.000 100911
3121.000 99900
3122.000 98560
3123.000 99900
3124.000 101240
3125.000 99900
3126.000 99900
3127.000 98560
3128.000 101240
3129.000 99900
3130.000 98560
3131.000 99900
3132.000 101240
3133.000 98560
3134.000 99900
3135.000 99900
3136.000 99242
3137.000 100558
3138.000 99900
3139.000 99900
3140.000 101240
3141.000 98560
3142.000 99900
3143.000 99900
3144.000 101240
3145.000 98560
3146.000 101240
3147.000 98889
3148.000 98913
3149.000 100558
3150.000 101240
3151.000 98560
3152.000 101240
3153.000 98560
3154.000 101240
3155.000 98560
3156.000 99900
3157.000 100558
3158.000 100241
3159.000 98901
3160.000 99900
3161.000 101240
3162.000 98560
3163.000 99900
3164.000 100558
3165.000 99242
3166.000 99900
3167.000 99900
3168.000 99900
3169.000 99900
3170.000 99571
3171.000 100229
3172.000 99900
3173.000 101240
3174.000 99559
3175.000 98901
3176.000 99900
3177.000 99900
3178.000 99900
3179.000 99900
3180.000 100899
3181.000 98901
3182.000 99900
3183.000 99900
3184.000 99900
3185.000 99900
3186.000 99900
3187.000 99900
3188.000 101240
3189.000 98560
3190.000 99900
3191.000 99900
3192.000 101240
3193.000 98560
3194.000 99242
3195.000 100558
3196.000 99900
3197.000 99900
3198.000 99900
3199.000 99900
3200.000 99900
3201.000 99900
3202.000 99900
3203.000 99900
3204.000 99900
3205.000 99900
3206.000 99900
3207.000 99900
3208.000 99900
3209.000 99900
3210.000 99900
3211.000 99900
3212.000 99900
3213.000 99900
3214.000 99900
3215.000 99900
3216.000 99900
3217.000 99900
3218.000 99900
3219.000 99900
3220.000 99900
3221.000 99900
3222.000 99900
3223.000 99900
3224.000 99900
3225.000 99900
3226.000 99900
3227.000 99900
3228.000 98560
3229.000 99900
3230.000 100229
3231.000 100911
3232.000 99559
3233.000 100241
3234.000 98560
3235.000 99900
3236.000 99900
3237.000 99900
3238.000 99242
3239.000 99900
3240.000 101898
3241.000 98560
3242.000 99900
3243.000 99900
3244.000 99900
3245.000 99900
3246.000 99900
3247.000 99900
3248.000 100899
3249.000 99230
3250.000 99571
3251.000 99900
3252.000 99900
3253.000 99900
3254.000 99900
3255.000 99900
3256.000 99900
3257.000 99900
3258.000 99900
3259.000 99900
3260.000 99900
3261.000 99900
3262.000 99900
3263.000 99900
3264.000 99900
3265.000 99900
3266.000 99900
3267.000 99900
3268.000 99900
3269.000 99900
3270.000 99900
3271.000 97902
3272.000 102227
3273.000 98913
3274.000 100558
3275.000 99900
3276.000 99900
3277.000 99242
3278.000 99900
3279.000 99900
3280.000 100558
3281.000 99900
3282.000 99900
3283.000 99900
3284.000 99900
3285.000 99900
3286.000 99900
3287.000 99242
3288.000 100558
3289.000 99900
3290.000 99900
3291.000 99242
3292.000 100558
3293.000 99242
3294.000 100558
3295.000 99900
3296.000 99242
3297.000 99900
3298.000 100558
3299.000 99900
3300.000 99900
3301.000 99242
3302.000 100229
3303.000 100229
3304.000 99900
3305.000 99900
3306.000 99900
3307.000 99900
3308.000 99900
3309.000 99242
3310.000 100558
3311.000 99900
3312.000 99900
3313.000 99242
3314.000 100558
3315.000 99900
3316.000 99900
3317.000 99242
3318.000 100558
3319.000 99900
3320.000 99242
3321.000 99900
3322.000 100558
3323.000 99900
3324.000 99900
3325.000 99900
3326.000 99900
3327.000 99900
3328.000 99242
3329.000 100558
3330.000 99900
3331.000 99900
3332.000 99900
3333.000 99900
3334.000 99900
3335.000 99900
3336.000 99900
3337.000 99242
3338.000 99900
3339.000 100558
3340.000 99900
3341.000 99242
3342.000 99900
3343.000 100558
3344.000 99242
3345.000 100558
3346.000 99242
3347.000 100558
3348.000 99242
3349.000 100558
3350.000 99900
3351.000 99900
3352.000 99900
3353.000 99242
3354.000 99900
3355.000 100558
3356.000 99900
3357.000 99242
3358.000 99900
3359.000 99900
3360.000 99900
3361.000 100229
3362.000 100229
3363.000 99242
3364.000 100558
3365.000 99900
3366.000 99242
3367.000 99900
3368.000 99900
3369.000 100558
3370.000 99242
3371.000 100558
3372.000 99242
3373.000 99900
3374.000 99900
3375.000 98560
3376.000 101240
3377.000 99900
3378.000 100558
3379.000 99900
3380.000 99571
3381.000 99571
3382.000 99900
3383.000 99900
3384.000 99900
3385.000 99900
3386.000 99900
3387.000 100558
3388.000 99242
3389.000 100558
3390.000 99242
3391.000 99900
3392.000 99900
3393.000 99900
3394.000 99900
3395.000 100558
3396.000 99571
3397.000 99571
3398.000 100558
3399.000 99242
3400.000 100558
3401.000 99900
3402.000 97902
3403.000 101898
3404.000 99242
3405.000 99900
3406.000 100558
3407.000 99242
3408.000 100558
3409.000 99242
3410.000 99900
3411.000 99900
3412.000 99900
3413.000 99900
3414.000 99900
3415.000 100558
3416.000 99242
3417.000 99900
3418.000 100558
3419.000 99242
3420.000 99900
3421.000 99900
3422.000 99900
3423.000 99900
3424.000 100558
3425.000 99242
3426.000 100229
3427.000 99571
3428.000 100558
3429.000 99242
3430.000 100558
3431.000 99242
3432.000 99900
3433.000 99900
3434.000 99900
3435.000 99900
3436.000 100558
3437.000 99900
3438.000 99242
3439.000 100558
3440.000 99900
3441.000 99242
3442.000 99900
3443.000 99900
3444.000 100558
3445.000 98231
3446.000 100229
3447.000 100582
3448.000 100558
3449.000 99242
3450.000 98560
3451.000 101240
3452.000 99900
3453.000 99900
3454.000 99900
3455.000 99900
3456.000 99900
3457.000 99900
3458.000 100558
3459.000 99900
3460.000 99900
3461.000 99242
3462.000 99900
3463.000 99900
3464.000 99900
3465.000 99900
3466.000 99900
3467.000 99900
3468.000 99900
3469.000 99900
3470.000 99900
3471.000 99900
3472.000 99900
3473.000 99900
3474.000 99900
3475.000 98889
3476.000 100911
3477.000 99900
3478.000 98560
3479.000 101240
3480.000 99900
3481.000 99900
3482.000 98560
3483.000 101240
3484.000 99900
3485.000 99900
3486.000 99218
3487.000 99242
3488.000 101240
3489.000 99900
3490.000 98889
3491.000 100911
3492.000 99900
3493.000 99900
3494.000 99900
3495.000 99900
3496.000 99900
3497.000 99900
3498.000 99900
3499.000 99218
3500.000 100582
3501.000 99900
3502.000 99900
3503.000 99900
3504.000 99900
3505.000 99900
3506.000 99900
3507.000 99900
3508.000 98560
3509.000 101240
3510.000 99900
3511.000 99900
3512.000 98560
3513.000 101240
3514.000 99900
3515.000 99900
3516.000 99900
3517.000 99900
3518.000 99900
3519.000 99900
3520.000 97902
3521.000 100887
3522.000 100911
3523.000 98560
3524.000 101240
3525.000 99900
3526.000 99900
3527.000 98560
3528.000 99900
3529.000 101240
3530.000 99900
3531.000 99900
3532.000 98560
3533.000 101240
3534.000 98560
3535.000 101240
3536.000 99900
3537.000 99900
3538.000 99900
3539.000 99900
3540.000 99559
3541.000 99900
3542.000 98901
3543.000 101240
3544.000 99900
3545.000 99900
3546.000 99900
3547.000 98889
3548.000 99571
3549.000 99900
3550.000 101240
3551.000 99900
3552.000 99900
3553.000 99900
3554.000 99900
3555.000 98560
3556.000 101240
3557.000 99900
3558.000 99900
3559.000 97902
3560.000 101898
3561.000 99900
3562.000 98560
3563.000 99900
3564.000 100229
3565.000 99571
3566.000 101240
3567.000 98560
3568.000 101240
3569.000 98560
3570.000 101240
3571.000 99900
3572.000 98889
3573.000 100229
3574.000 99242
3575.000 99900
3576.000 101240
3577.000 98560
3578.000 100229
3579.000 100911
3580.000 97902
3581.000 101898
3582.000 98560
3583.000 99900
3584.000 101240
3585.000 99900
3586.000 99900
3587.000 98560
3588.000 99900
3589.000 100229
3590.000 98913
3591.000 101898
3592.000 99900
3593.000 98560
3594.000 99900
3595.000 101240
3596.000 98560
3597.000 101240
3598.000 98560
3599.000 101240
3600.000 99900
3601.000 98560
3602.000 99900
3603.000 99900
3604.000 99900
3605.000 101240
3606.000 99218
3607.000 99242
3608.000 101240
3609.000 98560
3610.000 99900
3611.000 99900
3612.000 99900
3613.000 99900
3614.000 101240
3615.000 98889
3616.000 99571
3617.000 99900
3618.000 100899
3619.000 98901
3620.000 101240
3621.000 99900
3622.000 99900
3623.000 99900
3624.000 99900
3625.000 98560
3626.000 101240
3627.000 98560
3628.000 100229
3629.000 100911
3630.000 99900
3631.000 99900
3632.000 99900
3633.000 98560
3634.000 99900
3635.000 101240
3636.000 98560
3637.000 100229
3638.000 100911
3639.000 99900
3640.000 98889
3641.000 100911
3642.000 99900
3643.000 98889
3644.000 99900
3645.000 99571
3646.000 99900
3647.000 101240
3648.000 98560
3649.000 99900
3650.000 101240
3651.000 98560
3652.000 99242
3653.000 100558
3654.000 99900
3655.000 99900
3656.000 101240
3657.000 98560
3658.000 99900
3659.000 99900
3660.000 99900
3661.000 99900
3662.000 101240
3663.000 98560
3664.000 99900
3665.000 99242
3666.000 100558
3667.000 99900
3668.000 99900
3669.000 99900
3670.000 100229
3671.000 99571
3672.000 99900
3673.000 99900
3674.000 99900
3675.000 99900
3676.000 99900
3677.000 99900
3678.000 99900
3679.000 99900
3680.000 99900
3681.000 99900
3682.000 99900
3683.000 99900
3684.000 99900
3685.000 99900
3686.000 99900
3687.000 99900
3688.000 99900
3689.000 99900
3690.000 99900
3691.000 99900
3692.000 99900
3693.000 99900
3694.000 100229
3695.000 99571
3696.000 99900
3697.000 99900
3698.000 99900
3699.000 99900
3700.000 99900
3701.000 99900
3702.000 99900
3703.000 99900
3704.000 99242
3705.000 100558
3706.000 99900
3707.000 99900
3708.000 99900
3709.000 99900
3710.000 99900
3711.000 99900
3712.000 99900
3713.000 99242
3714.000 100558
3715.000 99900
3716.000 99900
3717.000 99900
3718.000 99900
3719.000 99900
3720.000 99900
3721.000 99900
3722.000 98560
3723.000 101240
3724.000 99900
3725.000 99900
3726.000 99900
3727.000 99900
3728.000 99900
3729.000 99900
3730.000 99900
3731.000 99900
3732.000 99900
3733.000 99900
3734.000 99900
3735.000 99900
3736.000 99900
3737.000 99900
3738.000 99900
3739.000 99900
3740.000 99900
3741.000 99900
3742.000 99900
3743.000 99900
3744.000 99900
3745.000 99900
3746.000 99900
3747.000 99900
3748.000 99900
3749.000 99900
3750.000 99900
3751.000 99900
3752.000 99242
3753.000 100558
3754.000 99242
3755.000 99900
3756.000 99900
3757.000 100558
3758.000 99242
3759.000 100558
3760.000 99900
3761.000 99900
3762.000 99242
3763.000 100558
3764.000 99900
3765.000 99242
3766.000 100558
3767.000 99900
3768.000 99900
3769.000 99900
3770.000 99900
3771.000 99900
3772.000 99900
3773.000 99900
3774.000 99242
3775.000 100558
3776.000 99242
3777.000 100558
3778.000 99571
3779.000 99571
3780.000 100558
3781.000 99900
3782.000 99900
3783.000 99900
3784.000 99242
3785.000 100558
3786.000 99242
3787.000 99900
3788.000 99900
3789.000 99900
3790.000 100558
3791.000 99242
3792.000 100558
3793.000 99242
3794.000 100558
3795.000 99900
3796.000 99242
3797.000 100558
3798.000 99900
3799.000 99900
3800.000 99242
3801.000 100558
3802.000 99242
3803.000 99900
3804.000 99900
3805.000 100558
3806.000 99900
3807.000 99900
3808.000 99571
3809.000 100229
3810.000 97902
3811.000 101898
3812.000 99900
3813.000 99242
3814.000 99900
3815.000 99900
3816.000 100558
3817.000 99900
3818.000 99900
3819.000 99900
3820.000 99900
3821.000 99900
3822.000 99900
3823.000 99900
3824.000 99900
3825.000 99900
3826.000 99900
3827.000 99900
3828.000 99242
3829.000 99900
3830.000 100558
3831.000 99242
3832.000 100558
3833.000 99900
3834.000 99900
3835.000 99242
3836.000 99900
3837.000 100558
3838.000 99900
3839.000 97902
3840.000 101569
3841.000 100229
3842.000 99900
3843.000 99242
3844.000 99900
3845.000 99900
3846.000 99900
3847.000 99900
3848.000 100558
3849.000 99242
3850.000 100558
3851.000 98901
3852.000 100241
3853.000 98560
3854.000 101240
3855.000 100558
3856.000 99900
3857.000 99900
3858.000 99900
3859.000 99900
3860.000 99242
3861.000 100229
3862.000 99571
3863.000 100229
3864.000 99571
3865.000 99900
3866.000 99900
3867.000 100229
3868.000 100229
3869.000 99571
3870.000 98560
3871.000 101240
3872.000 99571
3873.000 99900
3874.000 99900
3875.000 99900
3876.000 99900
3877.000 98560
3878.000 101898
3879.000 99242
3880.000 98560
3881.000 101240
3882.000 99900
3883.000 98889
3884.000 100911
3885.000 99900
3886.000 99900
3887.000 99900
3888.000 99900
3889.000 99900
3890.000 100229
3891.000 99571
3892.000 99900
3893.000 99900
3894.000 99900
3895.000 100229
3896.000 99571
3897.000 99900
3898.000 99900
3899.000 99900
3900.000 99900
3901.000 99900
3902.000 98560
3903.000 101240
3904.000 99900
3905.000 98560
3906.000 101240
3907.000 99900
3908.000 99900
3909.000 99900
3910.000 99900
3911.000 99900
3912.000 98560
3913.000 101240
3914.000 99900
3915.000 98560
3916.000 101240
3917.000 99900
3918.000 98889
3919.000 100911
3920.000 99900
3921.000 99900
3922.000 99900
3923.000 99900
3924.000 99900
3925.000 100229
3926.000 99571
3927.000 99900
3928.000 99900
3929.000 99900
3930.000 99900
3931.000 99900
3932.000 99900
3933.000 99900
3934.000 99900
3935.000 98560
3936.000 101240
3937.000 99900
3938.000 99900
3939.000 99900
3940.000 100229
3941.000 98231
3942.000 101240
3943.000 99900
3944.000 99900
3945.000 99900
3946.000 99900
3947.000 99900
3948.000 99900
3949.000 99900
3950.000 98560
3951.000 101240
3952.000 99900
3953.000 98231
3954.000 101569
3955.000 99900
3956.000 99900
3957.000 99900
3958.000 99900
3959.000 98560
3960.000 101240
3961.000 99900
3962.000 99559
3963.000 100241
3964.000 99900
3965.000 99900
3966.000 99900
3967.000 98560
3968.000 100899
3969.000 100241
3970.000 98231
3971.000 100558
3972.000 100911
3973.000 99900
3974.000 98560
3975.000 101240
3976.000 99900
3977.000 99900
3978.000 99900
3979.000 99900
3980.000 98889
3981.000 100911
3982.000 99559
3983.000 100241
3984.000 99900
3985.000 98560
3986.000 101240
3987.000 99900
3988.000 99900
3989.000 99900
3990.000 99900
3991.000 99900
3992.000 99900
3993.000 99900
3994.000 98560
3995.000 101240
3996.000 99900
3997.000 99900
3998.000 99900
3999.000 99900
4000.000 98889
4001.000 100911
4002.000 99900
4003.000 99900
4004.000 98560
4005.000 101240
4006.000 99900
4007.000 99900
4008.000 99900
4009.000 99559
4010.000 99230
4011.000 100911
4012.000 99559
4013.000 100241
4014.000 99900
4015.000 99900
4016.000 99900
4017.000 98889
4018.000 100911
4019.000 99900
4020.000 99900
4021.000 98560
4022.000 99900
4023.000 99900
4024.000 101240
4025.000 99900
4026.000 98560
4027.000 100899
4028.000 98901
4029.000 99900
4030.000 99900
4031.000 101240
4032.000 99900
4033.000 99218
4034.000 100582
4035.000 99900
4036.000 99900
4037.000 99218
4038.000 99242
4039.000 101240
4040.000 99900
4041.000 98560
4042.000 101240
4043.000 98560
4044.000 101240
4045.000 99218
4046.000 100582
4047.000 98560
4048.000 99900
4049.000 100229
4050.000 100570
4051.000 98901
4052.000 99242
4053.000 100558
4054.000 99900
4055.000 99900
4056.000 99571
4057.000 101569
4058.000 98560
4059.000 100558
4060.000 99242
4061.000 101240
4062.000 98560
4063.000 101240
4064.000 99900
4065.000 98889
4066.000 100911
4067.000 98560
4068.000 99900
4069.000 101240
4070.000 98560
4071.000 101240
4072.000 98560
4073.000 101240
4074.000 98560
4075.000 99900
4076.000 101240
4077.000 99900
4078.000 98889
4079.000 99571
4080.000 99242
4081.000 100558
4082.000 99900
4083.000 99900
4084.000 99900
4085.000 100558
4086.000 98584
4087.000 100229
4088.000 99900
4089.000 100229
4090.000 99900
4091.000 99900
4092.000 99900
4093.000 99900
4094.000 99900
4095.000 99900
4096.000 99900
4097.000 99900
4098.000 99900
4099.000 99900
4100.000 99900
4101.000 99900
4102.000 99900
4103.000 101240
4104.000 98560
4105.000 99900
4106.000 99900
4107.000 99242
4108.000 100558
4109.000 99571
4110.000 100229
4111.000 99900
4112.000 100899
4113.000 98901
4114.000 100558
4115.000 99242
4116.000 99900
4117.000 99900
4118.000 99900
4119.000 99900
4120.000 100558
4121.000 99571
4122.000 99571
4123.000 99900
4124.000 99900
4125.000 99900
4126.000 99900
4127.000 99900
4128.000 99900
4129.000 100229
4130.000 100911
4131.000 98560
4132.000 99900
4133.000 99900
4134.000 100558
4135.000 99242
4136.000 99900
4137.000 99900
4138.000 100229
4139.000 99571
4140.000 99900
4141.000 99900
4142.000 101240
4143.000 99900
4144.000 98560
4145.000 100558
4146.000 99571
4147.000 99571
4148.000 99900
4149.000 99900
4150.000 99242
4151.000 100558
4152.000 99900
4153.000 99242
4154.000 100558
4155.000 99900
4156.000 99900
4157.000 99900
4158.000 99900
4159.000 99900
4160.000 99900
4161.000 99900
4162.000 99900
4163.000 99900
4164.000 99900
4165.000 99900
4166.000 99900
4167.000 99900
4168.000 99900
4169.000 99900
4170.000 99900
4171.000 99900
4172.000 99900
4173.000 99571
4174.000 99571
4175.000 99900
4176.000 100558
4177.000 99900
4178.000 99900
4179.000 99242
4180.000 100558
4181.000 99900
4182.000 99242
4183.000 100558
4184.000 99242
4185.000 100558
4186.000 99900
4187.000 99900
4188.000 99900
4189.000 99900
4190.000 99900
4191.000 99900
4192.000 99242
4193.000 100558
4194.000 99242
4195.000 100558
4196.000 99900
4197.000 99900
4198.000 99900
4199.000 99900
4200.000 99900
4201.000 99242
4202.000 100558
4203.000 99571
4204.000 99571
4205.000 100558
4206.000 99900
4207.000 99242
4208.000 100558
4209.000 99900
4210.000 99242
4211.000 100558
4212.000 99242
4213.000 100558
4214.000 99900
4215.000 97902
4216.000 101898
4217.000 99900
4218.000 99242
4219.000 100558
4220.000 99900
4221.000 99900
4222.000 99900
4223.000 99242
4224.000 100558
4225.000 99242
4226.000 99900
4227.000 99900
4228.000 100558
4229.000 99242
4230.000 100558
4231.000 99900
4232.000 99900
4233.000 99900
4234.000 99242
4235.000 100558
4236.000 99900
4237.000 99900
4238.000 99900
4239.000 99900
4240.000 99900
4241.000 99900
4242.000 99242
4243.000 99900
4244.000 99900
4245.000 99900
4246.000 99900
4247.000 100558
4248.000 99900
4249.000 99242
4250.000 100558
4251.000 99900
4252.000 99242
4253.000 99218
4254.000 100582
4255.000 100558
4256.000 99242
4257.000 100558
4258.000 99900
4259.000 99242
4260.000 99900
4261.000 100558
4262.000 99242
4263.000 100558
4264.000 99900
4265.000 99242
4266.000 100558
4267.000 99900
4268.000 99900
4269.000 99900
4270.000 99571
4271.000 99571
4272.000 99900
4273.000 99218
4274.000 100582
4275.000 100558
4276.000 99242
4277.000 100558
4278.000 99900
4279.000 99900
4280.000 99242
4281.000 100558
4282.000 99900
4283.000 99571
4284.000 100229
4285.000 99571
4286.000 99571
4287.000 100558
4288.000 99242
4289.000 99900
4290.000 100558
4291.000 99242
4292.000 99900
4293.000 99900
4294.000 99900
4295.000 99900
4296.000 99900
4297.000 99900
4298.000 99900
4299.000 99900
4300.000 99900
4301.000 99900
4302.000 100558
4303.000 99242
4304.000 99900
4305.000 100229
4306.000 100229
4307.000 99571
4308.000 100229
4309.000 99242
4310.000 99900
4311.000 98889
4312.000 100911
4313.000 99900
4314.000 99900
4315.000 99900
4316.000 98560
4317.000 101240
4318.000 99900
4319.000 99900
4320.000 100558
4321.000 99242
4322.000 99900
4323.000 100558
4324.000 99242
4325.000 99900
4326.000 100558
4327.000 99571
4328.000 99571
4329.000 100558
4330.000 99242
4331.000 100229
4332.000 100229
4333.000 99242
4334.000 99900
4335.000 99900
4336.000 99900
4337.000 99900
4338.000 99900
4339.000 99900
4340.000 99900
4341.000 99900
4342.000 99900
4343.000 100558
4344.000 99242
4345.000 98560
4346.000 101240
4347.000 99900
4348.000 98889
4349.000 100911
4350.000 99900
4351.000 99900
4352.000 99900
4353.000 99900
4354.000 99900
4355.000 99900
4356.000 100558
4357.000 99242
4358.000 99900
4359.000 99900
4360.000 99900
4361.000 99900
4362.000 99900
4363.000 99900
4364.000 98560
4365.000 99900
4366.000 101240
4367.000 99900
4368.000 99900
4369.000 99900
4370.000 99900
4371.000 99900
4372.000 99900
4373.000 99900
4374.000 99900
4375.000 99900
4376.000 99900
4377.000 98560
4378.000 101240
4379.000 99900
4380.000 98560
4381.000 100899
4382.000 99900
4383.000 100241
4384.000 99218
4385.000 100582
4386.000 99900
4387.000 99900
4388.000 98560
4389.000 101240
4390.000 99900
4391.000 99900
4392.000 99900
4393.000 99900
4394.000 99900
4395.000 98560
4396.000 101240
4397.000 99900
4398.000 96891
4399.000 102909
4400.000 99900
4401.000 98560
4402.000 101240
4403.000 99900
4404.000 99900
4405.000 99900
4406.000 99900
4407.000 99900
4408.000 99900
4409.000 99900
4410.000 99900
4411.000 99900
4412.000 99900
4413.000 99900
4414.000 99900
4415.000 99900
4416.000 98231
4417.000 101569
4418.000 99900
4419.000 99900
4420.000 99900
4421.000 99900
4422.000 99900
4423.000 99900
4424.000 98889
4425.000 100911
4426.000 99900
4427.000 99900
4428.000 98560
4429.000 101240
4430.000 99900
4431.000 99218
4432.000 100582
4433.000 99900
4434.000 96233
4435.000 102556
4436.000 100911
4437.000 99559
4438.000 98901
4439.000 99900
4440.000 99900
4441.000 101240
4442.000 99900
4443.000 98560
4444.000 101240
4445.000 99900
4446.000 99900
4447.000 99900
4448.000 98560
4449.000 99900
4450.000 101240
4451.000 98560
4452.000 101240
4453.000 99900
4454.000 99900
4455.000 99900
4456.000 99900
4457.000 99900
4458.000 98889
4459.000 100911
4460.000 99900
4461.000 99900
4462.000 98560
4463.000 101240
4464.000 98889
4465.000 100911
4466.000 98560
4467.000 30628
