# Slice: URLLC | 10.215.173.1:49006 -> 112.217.128.203:12770 (UDP)
# offset_sec  packet_size_bytes
0.000 2506
1.000 10756
2.000 13930
3.000 13742
4.000 20014
5.000 16198
6.000 13150
7.000 13946
8.000 14226
9.000 13876
10.000 14078
11.000 13356
12.000 13740
13.000 14000
14.000 18762
15.000 14620
16.000 13222
17.000 13972
18.000 14534
19.000 13810
20.000 13700
21.000 14670
22.000 14214
23.000 13606
24.000 13874
25.000 14080
26.000 14850
27.000 13860
28.000 13710
29.000 14448
30.000 14872
31.000 14620
32.000 13876
33.000 13284
34.000 14000
35.000 14580
36.000 14010
37.000 14080
38.000 14814
39.000 13994
40.000 14048
41.000 13238
42.000 14008
43.000 13848
44.000 13286
45.000 14718
46.000 14818
47.000 13622
48.000 14128
49.000 14826
50.000 13874
51.000 13962
52.000 13960
53.000 13152
54.000 14008
55.000 13930
56.000 13874
57.000 15290
58.000 13960
59.000 14524
60.000 14048
61.000 14910
62.000 16180
63.000 17166
64.000 14698
65.000 14734
66.000 18046
67.000 25446
68.000 19054
69.000 16960
70.000 15744
71.000 19632
72.000 17074
73.000 14128
74.000 14670
75.000 13874
76.000 13150
77.000 13904
78.000 15592
79.000 19686
80.000 15124
81.000 14096
82.000 14632
83.000 13944
84.000 13270
85.000 14808
86.000 14080
87.000 13756
88.000 13270
89.000 13944
90.000 15534
91.000 19136
92.000 14874
93.000 18368
94.000 14798
95.000 14080
96.000 16208
97.000 16526
98.000 13806
99.000 17822
100.000 15784
101.000 15562
102.000 16096
103.000 14840
104.000 17276
105.000 16776
106.000 14932
107.000 19588
108.000 17096
109.000 18356
110.000 17686
111.000 16944
112.000 13324
113.000 14544
114.000 14124
115.000 13740
116.000 13490
117.000 13756
118.000 15384
119.000 14518
120.000 13614
121.000 14272
122.000 16180
123.000 18118
124.000 16706
125.000 17878
126.000 19454
127.000 18916
128.000 16384
129.000 19102
130.000 16720
131.000 14736
132.000 14496
133.000 13740
134.000 14080
135.000 14582
136.000 14008
137.000 13810
138.000 14480
139.000 13876
140.000 16720
141.000 17960
142.000 17188
143.000 17126
144.000 15436
145.000 20298
146.000 17572
147.000 21050
148.000 18704
149.000 17130
150.000 16056
151.000 20168
152.000 17150
153.000 16336
154.000 15418
155.000 19144
156.000 26708
157.000 19478
158.000 20976
159.000 14694
160.000 13994
161.000 14762
162.000 20214
163.000 20024
164.000 15428
165.000 17478
166.000 15360
167.000 14928
168.000 13874
169.000 17050
170.000 14734
171.000 14532
172.000 13756
173.000 14728
174.000 15452
175.000 14590
176.000 16091
177.000 16216
178.000 14788
179.000 19076
180.000 18656
181.000 24364
182.000 16876
183.000 20210
184.000 19544
185.000 19814
186.000 15254
187.000 22114
188.000 18004
189.000 19996
190.000 18026
191.000 17240
192.000 17444
193.000 21122
194.000 21888
195.000 17108
196.000 17604
197.000 20062
198.000 17868
199.000 16025
200.000 14982
201.000 14816
202.000 14724
203.000 17688
204.000 15418
205.000 14782
206.000 17542
207.000 18806
208.000 20610
209.000 17794
210.000 17374
211.000 14368
212.000 20096
213.000 18376
214.000 18016
215.000 20462
216.000 18722
217.000 15372
218.000 13588
219.000 25914
220.000 17290
221.000 17014
222.000 17576
223.000 27250
224.000 17038
225.000 26864
226.000 18290
227.000 17550
228.000 24652
229.000 18578
230.000 16720
231.000 21594
232.000 17574
233.000 17832
234.000 17974
235.000 20264
236.000 18622
237.000 19428
238.000 28702
239.000 18098
240.000 19408
241.000 19794
242.000 18170
243.000 19330
244.000 18658
245.000 17578
246.000 16542
247.000 16888
248.000 19352
249.000 24918
250.000 16508
251.000 15750
252.000 17146
253.000 15008
254.000 17988
255.000 18980
256.000 15336
257.000 18640
258.000 15664
259.000 21080
260.000 15768
261.000 13796
262.000 16558
263.000 15666
264.000 16341
265.000 16048
266.000 20748
267.000 15376
268.000 19288
269.000 16420
270.000 17944
271.000 14790
272.000 15008
273.000 13860
274.000 21372
275.000 16430
276.000 17026
277.000 17730
278.000 17084
279.000 21952
280.000 16278
281.000 16882
282.000 16948
283.000 14262
284.000 13270
285.000 15945
286.000 16530
287.000 19978
288.000 15294
289.000 15540
290.000 15136
291.000 14550
292.000 14080
293.000 13168
294.000 13874
295.000 14684
296.000 14128
297.000 13932
298.000 19922
299.000 16916
300.000 14924
301.000 14438
302.000 13858
303.000 14010
304.000 14916
305.000 16506
306.000 15472
307.000 14802
308.000 16084
309.000 14030
310.000 15737
311.000 18688
312.000 14316
313.000 14646
314.000 20808
315.000 16460
316.000 16778
317.000 18756
318.000 23862
319.000 15138
320.000 14692
321.000 16466
322.000 16406
323.000 15422
324.000 13874
325.000 17666
326.000 18104
327.000 15792
328.000 16558
329.000 17038
330.000 19398
331.000 19958
332.000 19292
333.000 19654
334.000 14804
335.000 21894
336.000 15466
337.000 13810
338.000 14008
339.000 13876
340.000 14904
341.000 13118
342.000 24090
343.000 23866
344.000 17120
345.000 13802
346.000 13914
347.000 20446
348.000 14716
349.000 24310
350.000 14038
351.000 17562
352.000 22462
353.000 14192
354.000 13682
355.000 14066
356.000 15474
357.000 13270
358.000 14550
359.000 14466
360.000 14008
361.000 13700
362.000 13716
363.000 19780
364.000 17488
365.000 14210
366.000 14524
367.000 15180
368.000 14262
369.000 13874
370.000 14432
371.000 14804
372.000 13876
373.000 13944
374.000 13874
375.000 13892
376.000 13962
377.000 13992
378.000 13270
379.000 14668
380.000 14616
381.000 13842
382.000 14198
383.000 15344
384.000 16670
385.000 14046
386.000 13286
387.000 13892
388.000 14646
389.000 14330
390.000 16115
391.000 13372
392.000 14078
393.000 13606
394.000 14144
395.000 13340
396.000 14344
397.000 13874
398.000 15306
399.000 21588
400.000 18514
401.000 16798
402.000 17142
403.000 19852
404.000 18200
405.000 18332
406.000 16786
407.000 19430
408.000 20280
409.000 19282
410.000 19784
411.000 19258
412.000 20312
413.000 20720
414.000 21504
415.000 26512
416.000 21472
417.000 18328
418.000 26544
419.000 19050
420.000 27832
421.000 20774
422.000 20620
423.000 19242
424.000 20162
425.000 17904
426.000 20922
427.000 19832
428.000 17184
429.000 17406
430.000 19346
431.000 19838
432.000 17302
433.000 17898
434.000 18980
435.000 19704
436.000 17552
437.000 17756
438.000 17258
439.000 17386
440.000 16942
441.000 16216
442.000 17734
443.000 18296
444.000 18334
445.000 17606
446.000 21400
447.000 19294
448.000 19850
449.000 17732
450.000 17234
451.000 16080
452.000 15324
453.000 20656
454.000 18060
455.000 21406
456.000 20852
457.000 21708
458.000 22862
459.000 19446
460.000 19366
461.000 20416
462.000 19338
463.000 19552
464.000 21014
465.000 19688
466.000 17264
467.000 18000
468.000 19876
469.000 15796
470.000 18926
471.000 18412
472.000 17916
473.000 20446
474.000 16001
475.000 16336
476.000 14780
477.000 16568
478.000 17268
479.000 15606
480.000 15512
481.000 15208
482.000 14636
483.000 17640
484.000 19354
485.000 17434
486.000 17418
487.000 22170
488.000 18320
489.000 20764
490.000 21540
491.000 18082
492.000 18984
493.000 14512
494.000 21686
495.000 20228
496.000 16330
497.000 20138
498.000 17642
499.000 19214
500.000 20584
501.000 21676
502.000 20388
503.000 19770
504.000 20608
505.000 20712
506.000 21450
507.000 21686
508.000 20496
509.000 21378
510.000 21070
511.000 21610
512.000 16562
513.000 17718
514.000 14824
515.000 18976
516.000 13826
517.000 13876
518.000 13874
519.000 14186
520.000 14672
521.000 14952
522.000 32028
523.000 20438
524.000 19446
525.000 18090
526.000 17412
527.000 17838
528.000 17090
529.000 20710
530.000 19134
531.000 19314
532.000 19592
533.000 19932
534.000 17934
535.000 19668
536.000 19242
537.000 19858
538.000 18102
539.000 20136
540.000 17876
541.000 21544
542.000 20956
543.000 19444
544.000 18258
545.000 18912
546.000 18908
547.000 21356
548.000 19598
549.000 19532
550.000 16788
551.000 18968
552.000 18298
553.000 19356
554.000 17842
555.000 18304
556.000 14610
557.000 15142
558.000 14794
559.000 14650
560.000 17872
561.000 16592
562.000 17644
563.000 16756
564.000 19454
565.000 18966
566.000 19490
567.000 20396
568.000 16190
569.000 16660
570.000 18482
571.000 20264
572.000 22658
573.000 16053
574.000 19698
575.000 15476
576.000 15146
577.000 21824
578.000 20186
579.000 18404
580.000 15436
581.000 16652
582.000 21454
583.000 16884
584.000 19060
585.000 14120
586.000 14276
587.000 14932
588.000 13816
589.000 15210
590.000 18052
591.000 20980
592.000 21004
593.000 17956
594.000 18032
595.000 15384
596.000 18610
597.000 15685
598.000 15910
599.000 19944
600.000 18536
601.000 15784
602.000 15862
603.000 15154
604.000 16119
605.000 17050
606.000 21604
607.000 18100
608.000 17656
609.000 16734
610.000 15112
611.000 17208
612.000 15578
613.000 18346
614.000 18608
615.000 18954
616.000 15546
617.000 14710
618.000 14444
619.000 15412
620.000 16390
621.000 16354
622.000 18432
623.000 16303
624.000 16024
625.000 15530
626.000 15428
627.000 14212
628.000 15808
629.000 17952
630.000 15841
631.000 19512
632.000 16996
633.000 20258
634.000 17552
635.000 15604
636.000 17334
637.000 15332
638.000 18484
639.000 15388
640.000 14008
641.000 14594
642.000 14700
643.000 14308
644.000 13908
645.000 19848
646.000 18006
647.000 16438
648.000 15346
649.000 15980
650.000 14432
651.000 16764
652.000 14148
653.000 15938
654.000 18940
655.000 19336
656.000 20824
657.000 21438
658.000 19844
659.000 20088
660.000 20138
661.000 19924
662.000 19818
663.000 19284
664.000 19978
665.000 22812
666.000 18688
667.000 19520
668.000 18102
669.000 19246
670.000 17834
671.000 16468
672.000 17976
673.000 16365
674.000 15638
675.000 16904
676.000 14834
677.000 15468
678.000 16206
679.000 15626
680.000 15624
681.000 15720
682.000 14310
683.000 15518
684.000 16690
685.000 20880
686.000 21446
687.000 16424
688.000 15580
689.000 17112
690.000 16958
691.000 16386
692.000 19670
693.000 17678
694.000 19158
695.000 21472
696.000 20150
697.000 18450
698.000 15879
699.000 15770
700.000 20512
701.000 20988
702.000 20628
703.000 21254
704.000 16694
705.000 17304
706.000 20870
707.000 20714
708.000 21000
709.000 21590
710.000 14986
711.000 14228
712.000 16004
713.000 16722
714.000 16360
715.000 18828
716.000 18194
717.000 16672
718.000 21816
719.000 20266
720.000 18334
721.000 16796
722.000 18964
723.000 19986
724.000 17638
725.000 16918
726.000 18848
727.000 14842
728.000 16630
729.000 17836
730.000 16614
731.000 16204
732.000 15624
733.000 17184
734.000 15494
735.000 17232
736.000 18002
737.000 20788
738.000 19654
739.000 20326
740.000 17556
741.000 18490
742.000 15661
743.000 20050
744.000 18732
745.000 19432
746.000 19930
747.000 18170
748.000 16464
749.000 14826
750.000 13222
751.000 14026
752.000 16916
753.000 17024
754.000 17224
755.000 15082
756.000 13932
757.000 19788
758.000 17034
759.000 17034
760.000 19496
761.000 21260
762.000 15514
763.000 14116
764.000 17688
765.000 14918
766.000 15694
767.000 15478
768.000 17408
769.000 15973
770.000 18084
771.000 19700
772.000 17414
773.000 17956
774.000 20546
775.000 16506
776.000 20790
777.000 18856
778.000 18226
779.000 20818
780.000 19774
781.000 15248
782.000 15746
783.000 14850
784.000 13972
785.000 15370
786.000 15284
787.000 16344
788.000 15932
789.000 15082
790.000 15042
791.000 19674
792.000 16438
793.000 19578
794.000 16424
795.000 29074
796.000 20652
797.000 17658
798.000 20488
799.000 15660
800.000 18434
801.000 16258
802.000 20486
803.000 18378
804.000 20236
805.000 20416
806.000 19704
807.000 21332
808.000 18692
809.000 16602
810.000 18482
811.000 18152
812.000 19462
813.000 19812
814.000 18460
815.000 27864
816.000 15512
817.000 14982
818.000 14710
819.000 14194
820.000 14848
821.000 13906
822.000 14610
823.000 15764
824.000 17312
825.000 13940
826.000 14042
827.000 14562
828.000 16284
829.000 14608
830.000 13168
831.000 16322
832.000 19918
833.000 20096
834.000 19192
835.000 19330
836.000 22024
837.000 17988
838.000 15120
839.000 18986
840.000 19368
841.000 20536
842.000 20566
843.000 16048
844.000 18458
845.000 19514
846.000 18550
847.000 32259
848.000 18056
849.000 18434
850.000 21394
851.000 24590
852.000 17472
853.000 17324
854.000 22310
855.000 18242
856.000 19092
857.000 21402
858.000 17008
859.000 20480
860.000 18284
861.000 19782
862.000 19896
863.000 21442
864.000 18116
865.000 16148
866.000 14600
867.000 14192
868.000 18452
869.000 15904
870.000 21838
871.000 19460
872.000 20354
873.000 15362
874.000 18454
875.000 21296
876.000 20004
877.000 26716
878.000 19252
879.000 15240
880.000 14064
881.000 14950
882.000 15657
883.000 16264
884.000 19310
885.000 20262
886.000 14476
887.000 15060
888.000 13876
889.000 21922
890.000 19304
891.000 27042
892.000 26386
893.000 18944
894.000 17048
895.000 14534
896.000 18434
897.000 15736
898.000 19576
899.000 26374
900.000 18188
901.000 33044
902.000 25460
903.000 19038
904.000 19306
905.000 18540
906.000 15436
907.000 18678
908.000 19492
909.000 17820
910.000 18676
911.000 18160
912.000 18690
913.000 17868
914.000 21032
915.000 21594
916.000 26564
917.000 20934
918.000 16584
919.000 15088
920.000 17134
921.000 16146
922.000 15572
923.000 18878
924.000 18542
925.000 19884
926.000 16476
927.000 18480
928.000 21104
929.000 19762
930.000 18526
931.000 15372
932.000 20324
933.000 17996
934.000 19920
935.000 19584
936.000 22894
937.000 19694
938.000 13450
939.000 14614
940.000 14088
941.000 13944
942.000 14848
943.000 13464
944.000 13928
945.000 14734
946.000 14010
947.000 18666
948.000 25492
949.000 21674
950.000 18146
951.000 19838
952.000 20566
953.000 19362
954.000 19448
955.000 20762
956.000 20006
957.000 17178
958.000 19526
959.000 19828
960.000 20974
961.000 18972
962.000 16764
963.000 19454
964.000 32284
965.000 19224
966.000 18296
967.000 16910
968.000 18382
969.000 20092
970.000 19190
971.000 17382
972.000 20106
973.000 18176
974.000 20222
975.000 18598
976.000 17794
977.000 18808
978.000 14318
979.000 17012
980.000 18078
981.000 15550
982.000 15560
983.000 14820
984.000 14704
985.000 14420
986.000 14826
987.000 14314
988.000 16962
989.000 15910
990.000 14710
991.000 18116
992.000 18036
993.000 14272
994.000 13964
995.000 13420
996.000 13826
997.000 15858
998.000 19080
999.000 18584
1000.000 18682
1001.000 20252
1002.000 16219
1003.000 13932
1004.000 15160
1005.000 14988
1006.000 13874
1007.000 13758
1008.000 15138
1009.000 14838
1010.000 18976
1011.000 15748
1012.000 18124
1013.000 16354
1014.000 18870
1015.000 21116
1016.000 19224
1017.000 22524
1018.000 19354
1019.000 19390
1020.000 20372
1021.000 18568
1022.000 17482
1023.000 17736
1024.000 21798
1025.000 19062
1026.000 20172
1027.000 16176
1028.000 14598
1029.000 25938
1030.000 16722
1031.000 19968
1032.000 18076
1033.000 20258
1034.000 20546
1035.000 19412
1036.000 17662
1037.000 18100
1038.000 14732
1039.000 16976
1040.000 15378
1041.000 20552
1042.000 17856
1043.000 18582
1044.000 18174
1045.000 20362
1046.000 17654
1047.000 14688
1048.000 16842
1049.000 16110
1050.000 17420
1051.000 20754
1052.000 20448
1053.000 20966
1054.000 15270
1055.000 18822
1056.000 18556
1057.000 20046
1058.000 19010
1059.000 19882
1060.000 20022
1061.000 17492
1062.000 15932
1063.000 17900
1064.000 16218
1065.000 20580
1066.000 20562
1067.000 18720
1068.000 19228
1069.000 20756
1070.000 18862
1071.000 24102
1072.000 17216
1073.000 18692
1074.000 22242
1075.000 16824
1076.000 18266
1077.000 17176
1078.000 14204
1079.000 15994
1080.000 19684
1081.000 15874
1082.000 15778
1083.000 14458
1084.000 19392
1085.000 18272
1086.000 20924
1087.000 18668
1088.000 18502
1089.000 19366
1090.000 18380
1091.000 16812
1092.000 15086
1093.000 18146
1094.000 19096
1095.000 17154
1096.000 13816
1097.000 17610
1098.000 15526
1099.000 14820
1100.000 14718
1101.000 13228
1102.000 14802
1103.000 15256
1104.000 14182
1105.000 14868
1106.000 16244
1107.000 15552
1108.000 14906
1109.000 15192
1110.000 20592
1111.000 19964
1112.000 18322
1113.000 21524
1114.000 19886
1115.000 19650
1116.000 19392
1117.000 20422
1118.000 18328
1119.000 21776
1120.000 19434
1121.000 20454
1122.000 19186
1123.000 15966
1124.000 16612
1125.000 18392
1126.000 19936
1127.000 15612
1128.000 21438
1129.000 21356
1130.000 17790
1131.000 19268
1132.000 20188
1133.000 17458
1134.000 14252
1135.000 18474
1136.000 14104
1137.000 15959
1138.000 14080
1139.000 15907
1140.000 18766
1141.000 19374
1142.000 17720
1143.000 19760
1144.000 19258
1145.000 19842
1146.000 19494
1147.000 17816
1148.000 18464
1149.000 19976
1150.000 17548
1151.000 21290
1152.000 16011
1153.000 16212
1154.000 18160
1155.000 16143
1156.000 19246
1157.000 16284
1158.000 17152
1159.000 13378
1160.000 14462
1161.000 13876
1162.000 14684
1163.000 13314
1164.000 14086
1165.000 14418
1166.000 16416
1167.000 15642
1168.000 16694
1169.000 18398
1170.000 20792
1171.000 19406
1172.000 16808
1173.000 19908
1174.000 18406
1175.000 19254
1176.000 20070
1177.000 19190
1178.000 19702
1179.000 20116
1180.000 19744
1181.000 14086
1182.000 15996
1183.000 19698
1184.000 18778
1185.000 21814
1186.000 16500
1187.000 20672
1188.000 16984
1189.000 17668
1190.000 18760
1191.000 20608
1192.000 16190
1193.000 17058
1194.000 19114
1195.000 17628
1196.000 18820
1197.000 17852
1198.000 17756
1199.000 17918
1200.000 20284
1201.000 18558
1202.000 18540
1203.000 18454
1204.000 19780
1205.000 21078
1206.000 20750
1207.000 19816
1208.000 18538
1209.000 18056
1210.000 18036
1211.000 16562
1212.000 20464
1213.000 19264
1214.000 16202
1215.000 19626
1216.000 16974
1217.000 15580
1218.000 14620
1219.000 21496
1220.000 18712
1221.000 16918
1222.000 16800
1223.000 18734
1224.000 14940
1225.000 19256
1226.000 22092
1227.000 21550
1228.000 25130
1229.000 17768
1230.000 28100
1231.000 18756
1232.000 15718
1233.000 19924
1234.000 21226
1235.000 21180
1236.000 22088
1237.000 19468
1238.000 19550
1239.000 17622
1240.000 17826
1241.000 16466
1242.000 16318
1243.000 17970
1244.000 24126
1245.000 17006
1246.000 19206
1247.000 18512
1248.000 21416
1249.000 20042
1250.000 18528
1251.000 16776
1252.000 18474
1253.000 18688
1254.000 18690
1255.000 20858
1256.000 18280
1257.000 18628
1258.000 19198
1259.000 20606
1260.000 18542
1261.000 18280
1262.000 17792
1263.000 17086
1264.000 20832
1265.000 18748
1266.000 18596
1267.000 20488
1268.000 18756
1269.000 20742
1270.000 18620
1271.000 19232
1272.000 19286
1273.000 19076
1274.000 18638
1275.000 18982
1276.000 20684
1277.000 20312
1278.000 20966
1279.000 20036
1280.000 17374
1281.000 19910
1282.000 16302
1283.000 20238
1284.000 15834
1285.000 20084
1286.000 20654
1287.000 19936
1288.000 18218
1289.000 20258
1290.000 15726
1291.000 19412
1292.000 18728
1293.000 17962
1294.000 14538
1295.000 17424
1296.000 17246
1297.000 18074
1298.000 16223
1299.000 13884
1300.000 14770
1301.000 15978
1302.000 17212
1303.000 19950
1304.000 15422
1305.000 14534
1306.000 14724
1307.000 16110
1308.000 18718
1309.000 18026
1310.000 19552
1311.000 16812
1312.000 16444
1313.000 15702
1314.000 14016
1315.000 13286
1316.000 14708
1317.000 18368
1318.000 18906
1319.000 21204
1320.000 21838
1321.000 19778
1322.000 17992
1323.000 21586
1324.000 18920
1325.000 20538
1326.000 14746
1327.000 15174
1328.000 14582
1329.000 18136
1330.000 19338
1331.000 13880
1332.000 21104
1333.000 18362
1334.000 17226
1335.000 19540
1336.000 18064
1337.000 19422
1338.000 16842
1339.000 21136
1340.000 18758
1341.000 18618
1342.000 20376
1343.000 19122
1344.000 19474
1345.000 18530
1346.000 18156
1347.000 19310
1348.000 18492
1349.000 19438
1350.000 18048
1351.000 17744
1352.000 21310
1353.000 19158
1354.000 17302
1355.000 19246
1356.000 19958
1357.000 21484
1358.000 20734
1359.000 20584
1360.000 20696
1361.000 16794
1362.000 18610
1363.000 18932
1364.000 18096
1365.000 20102
1366.000 18926
1367.000 23624
1368.000 19320
1369.000 19870
1370.000 16748
1371.000 19714
1372.000 18510
1373.000 15522
1374.000 19522
1375.000 14716
1376.000 15694
1377.000 13338
1378.000 15162
1379.000 16384
1380.000 16926
1381.000 17932
1382.000 17512
1383.000 14550
1384.000 16594
1385.000 19634
1386.000 17154
1387.000 19812
1388.000 18136
1389.000 15911
1390.000 17508
1391.000 16308
1392.000 14762
1393.000 14128
1394.000 13844
1395.000 13474
1396.000 14344
1397.000 14582
1398.000 14096
1399.000 13232
1400.000 13778
1401.000 14574
1402.000 14922
1403.000 13876
1404.000 19064
1405.000 15836
1406.000 15568
1407.000 20942
1408.000 25618
1409.000 18698
1410.000 14556
1411.000 14038
1412.000 17750
1413.000 19954
1414.000 24656
1415.000 19642
1416.000 18412
1417.000 17718
1418.000 16236
1419.000 20834
1420.000 31432
1421.000 25482
1422.000 18568
1423.000 19208
1424.000 16516
1425.000 19356
1426.000 14486
1427.000 14210
1428.000 15128
1429.000 23604
1430.000 19198
1431.000 23364
1432.000 24106
1433.000 16400
1434.000 15436
1435.000 26046
1436.000 19574
1437.000 16990
1438.000 20218
1439.000 17826
1440.000 20182
1441.000 17306
1442.000 20502
1443.000 19664
1444.000 17782
1445.000 14190
1446.000 19336
1447.000 17430
1448.000 15689
1449.000 17234
1450.000 21100
1451.000 18672
1452.000 19986
1453.000 15734
1454.000 17370
1455.000 16668
1456.000 16414
1457.000 17222
1458.000 15256
1459.000 17906
1460.000 19690
1461.000 15174
1462.000 20250
1463.000 19604
1464.000 15550
1465.000 17426
1466.000 14598
1467.000 15494
1468.000 18288
1469.000 20710
1470.000 17730
1471.000 17994
1472.000 17090
1473.000 19126
1474.000 19764
1475.000 17458
1476.000 15789
1477.000 17796
1478.000 17576
1479.000 16992
1480.000 13338
1481.000 15572
1482.000 19592
1483.000 19134
1484.000 17960
1485.000 16414
1486.000 16566
1487.000 21774
1488.000 19398
1489.000 16694
1490.000 18950
1491.000 15446
1492.000 19832
1493.000 18190
1494.000 19810
1495.000 16848
1496.000 18974
1497.000 19256
1498.000 16456
1499.000 13386
1500.000 13874
1501.000 14670
1502.000 14654
1503.000 14782
1504.000 17110
1505.000 21150
1506.000 20976
1507.000 15492
1508.000 14312
1509.000 14616
1510.000 18436
1511.000 17512
1512.000 14464
1513.000 13944
1514.000 13490
1515.000 15068
1516.000 14804
1517.000 14328
1518.000 13032
1519.000 13908
1520.000 14128
1521.000 14346
1522.000 14480
1523.000 14048
1524.000 15154
1525.000 14868
1526.000 14518
1527.000 15792
1528.000 13286
1529.000 13828
1530.000 15362
1531.000 14462
1532.000 13944
1533.000 14128
1534.000 13962
1535.000 13944
1536.000 15848
1537.000 13994
1538.000 15764
1539.000 14110
1540.000 13168
1541.000 14416
1542.000 14128
1543.000 13740
1544.000 14878
1545.000 13134
1546.000 15322
1547.000 19838
1548.000 14480
1549.000 14170
1550.000 13658
1551.000 14852
1552.000 14174
1553.000 14686
1554.000 13708
1555.000 13992
1556.000 14922
1557.000 13740
1558.000 13404
1559.000 15990
1560.000 14718
1561.000 15928
1562.000 13394
1563.000 14112
1564.000 14548
1565.000 14920
1566.000 14480
1567.000 15440
1568.000 14778
1569.000 14210
1570.000 19516
1571.000 17728
1572.000 20818
1573.000 16351
1574.000 17932
1575.000 15402
1576.000 18198
1577.000 20722
1578.000 18074
1579.000 16720
1580.000 14678
1581.000 17140
1582.000 15542
1583.000 19012
1584.000 19158
1585.000 19750
1586.000 15816
1587.000 14604
1588.000 14142
1589.000 19024
1590.000 17620
1591.000 17430
1592.000 16302
1593.000 18056
1594.000 17048
1595.000 14098
1596.000 16862
1597.000 13874
1598.000 17050
1599.000 19118
1600.000 14010
1601.000 14684
1602.000 17778
1603.000 17274
1604.000 20662
1605.000 13364
1606.000 14480
1607.000 16730
1608.000 13970
1609.000 16908
1610.000 18668
1611.000 17452
1612.000 19704
1613.000 19358
1614.000 16716
1615.000 17748
1616.000 17446
1617.000 16824
1618.000 14756
1619.000 13220
1620.000 13622
1621.000 15970
1622.000 15078
1623.000 14620
1624.000 13120
1625.000 14898
1626.000 17010
1627.000 17540
1628.000 14198
1629.000 13032
1630.000 14852
1631.000 18110
1632.000 23876
1633.000 16582
1634.000 25258
1635.000 17338
1636.000 13286
1637.000 16592
1638.000 17022
1639.000 13992
1640.000 19568
1641.000 14346
1642.000 14582
1643.000 15426
1644.000 17310
1645.000 14008
1646.000 14534
1647.000 14600
1648.000 14008
1649.000 13082
1650.000 13976
1651.000 13998
1652.000 16192
1653.000 15660
1654.000 13238
1655.000 16181
1656.000 14080
1657.000 13740
1658.000 13150
1659.000 16840
1660.000 16678
1661.000 13994
1662.000 14432
1663.000 13876
1664.000 14078
1665.000 13946
1666.000 14496
1667.000 15272
1668.000 15564
1669.000 20846
1670.000 14852
1671.000 14620
1672.000 13046
1673.000 15592
1674.000 14150
1675.000 14598
1676.000 17678
1677.000 13962
1678.000 13992
1679.000 14464
1680.000 13928
1681.000 13914
1682.000 16476
1683.000 14432
1684.000 14804
1685.000 13150
1686.000 14668
1687.000 13758
1688.000 14734
1689.000 15510
1690.000 13016
1691.000 19116
1692.000 17954
1693.000 15764
1694.000 18384
1695.000 15438
1696.000 18914
1697.000 20542
1698.000 17734
1699.000 18130
1700.000 17796
1701.000 16488
1702.000 16502
1703.000 17542
1704.000 17294
1705.000 20118
1706.000 17826
1707.000 16602
1708.000 14906
1709.000 16832
1710.000 18724
1711.000 20740
1712.000 27304
1713.000 17728
1714.000 20728
1715.000 17476
1716.000 17350
1717.000 18832
1718.000 24972
1719.000 17850
1720.000 19362
1721.000 15992
1722.000 14406
1723.000 13874
1724.000 15760
1725.000 20174
1726.000 18890
1727.000 17358
1728.000 15422
1729.000 15534
1730.000 14200
1731.000 14720
1732.000 15264
1733.000 15008
1734.000 15152
1735.000 14058
1736.000 14466
1737.000 14192
1738.000 14764
1739.000 17810
1740.000 18632
1741.000 19382
1742.000 20880
1743.000 20368
1744.000 20080
1745.000 20062
1746.000 18326
1747.000 18054
1748.000 18854
1749.000 14068
1750.000 17928
1751.000 16764
1752.000 13206
1753.000 18828
1754.000 19602
1755.000 19800
1756.000 21914
1757.000 20086
1758.000 16998
1759.000 18152
1760.000 18558
1761.000 20970
1762.000 19610
1763.000 22190
1764.000 20374
1765.000 21154
1766.000 19132
1767.000 20690
1768.000 18476
1769.000 21378
1770.000 18046
1771.000 16194
1772.000 19210
1773.000 20070
1774.000 20960
1775.000 18036
1776.000 20410
1777.000 20660
1778.000 20752
1779.000 22138
1780.000 21486
1781.000 20360
1782.000 22118
1783.000 17924
1784.000 18676
1785.000 17832
1786.000 17042
1787.000 21178
1788.000 19810
1789.000 21004
1790.000 20126
1791.000 19294
1792.000 20522
1793.000 20214
1794.000 21328
1795.000 20512
1796.000 20948
1797.000 21088
1798.000 20072
1799.000 21038
1800.000 23064
1801.000 20988
1802.000 20256
1803.000 17318
1804.000 17378
1805.000 20896
1806.000 21664
1807.000 21992
1808.000 16944
1809.000 20306
1810.000 20872
1811.000 17594
1812.000 15944
1813.000 19442
1814.000 18460
1815.000 16658
1816.000 18102
1817.000 17914
1818.000 21528
1819.000 20366
1820.000 18908
1821.000 18722
1822.000 18478
1823.000 14234
1824.000 16392
1825.000 24710
1826.000 15212
1827.000 20586
1828.000 17378
1829.000 20486
1830.000 21680
1831.000 19416
1832.000 26874
1833.000 20274
1834.000 15831
1835.000 18400
1836.000 20342
1837.000 20722
1838.000 22060
1839.000 20372
1840.000 21436
1841.000 21348
1842.000 20834
1843.000 23152
1844.000 20122
1845.000 20508
1846.000 21186
1847.000 21358
1848.000 22900
1849.000 19850
1850.000 21460
1851.000 21104
1852.000 20768
1853.000 17710
1854.000 18084
1855.000 18366
1856.000 19346
1857.000 21874
1858.000 25930
1859.000 21020
1860.000 22062
1861.000 24114
1862.000 21192
1863.000 26060
1864.000 31517
1865.000 21232
1866.000 20346
1867.000 21966
1868.000 19864
1869.000 18602
1870.000 18552
1871.000 24558
1872.000 20472
1873.000 21622
1874.000 21504
1875.000 18744
1876.000 19426
1877.000 25338
1878.000 21598
1879.000 16223
1880.000 21154
1881.000 17096
1882.000 20474
1883.000 19622
1884.000 18474
1885.000 14450
1886.000 20640
1887.000 19430
1888.000 22172
1889.000 15654
1890.000 17576
1891.000 18732
1892.000 29574
1893.000 16966
1894.000 29960
1895.000 36202
1896.000 21910
1897.000 24700
1898.000 23612
1899.000 20780
1900.000 17076
1901.000 22504
1902.000 19072
1903.000 21194
1904.000 22476
1905.000 20286
1906.000 21022
1907.000 18978
1908.000 19552
1909.000 20288
1910.000 19186
1911.000 20352
1912.000 20848
1913.000 18840
1914.000 18042
1915.000 22450
1916.000 19294
1917.000 19486
1918.000 18916
1919.000 19564
1920.000 20552
1921.000 15949
1922.000 18152
1923.000 18280
1924.000 16646
1925.000 18860
1926.000 21036
1927.000 20844
1928.000 20594
1929.000 18478
1930.000 20134
1931.000 20926
1932.000 20032
1933.000 18916
1934.000 22392
1935.000 21122
1936.000 22620
1937.000 18254
1938.000 18800
1939.000 19180
1940.000 18520
1941.000 17796
1942.000 16237
1943.000 17652
1944.000 18168
1945.000 21044
1946.000 18430
1947.000 18158
1948.000 20080
1949.000 14718
1950.000 14214
1951.000 13976
1952.000 15876
1953.000 19332
1954.000 13864
1955.000 14888
1956.000 16824
1957.000 19846
1958.000 20620
1959.000 16624
1960.000 16826
1961.000 14950
1962.000 16652
1963.000 19656
1964.000 20214
1965.000 20786
1966.000 20378
1967.000 23854
1968.000 20858
1969.000 19820
1970.000 20036
1971.000 15982
1972.000 17212
1973.000 18932
1974.000 16198
1975.000 17412
1976.000 22572
1977.000 19338
1978.000 19020
1979.000 18714
1980.000 19756
1981.000 19404
1982.000 20598
1983.000 22624
1984.000 21206
1985.000 20094
1986.000 19358
1987.000 19978
1988.000 20486
1989.000 16914
1990.000 20630
1991.000 20204
1992.000 17886
1993.000 21998
1994.000 20486
1995.000 20514
1996.000 19716
1997.000 16386
1998.000 13740
1999.000 17552
2000.000 17644
2001.000 13892
2002.000 13944
2003.000 14346
2004.000 14600
2005.000 13760
2006.000 19844
2007.000 19008
2008.000 19024
2009.000 18762
2010.000 17342
2011.000 15756
2012.000 14210
2013.000 13404
2014.000 13826
2015.000 14228
2016.000 17372
2017.000 17298
2018.000 19226
2019.000 17928
2020.000 19352
2021.000 17512
2022.000 16892
2023.000 16212
2024.000 17644
2025.000 18082
2026.000 20522
2027.000 21372
2028.000 19668
2029.000 20972
2030.000 20538
2031.000 19088
2032.000 22736
2033.000 19762
2034.000 20138
2035.000 19936
2036.000 19312
2037.000 20250
2038.000 18304
2039.000 20938
2040.000 19950
2041.000 21320
2042.000 21242
2043.000 19904
2044.000 20962
2045.000 19248
2046.000 19296
2047.000 19152
2048.000 17290
2049.000 19808
2050.000 18240
2051.000 17748
2052.000 14048
2053.000 13810
2054.000 14008
2055.000 17940
2056.000 17322
2057.000 16992
2058.000 17908
2059.000 18702
2060.000 18346
2061.000 15040
2062.000 15090
2063.000 15888
2064.000 20652
2065.000 21074
2066.000 19166
2067.000 19900
2068.000 18090
2069.000 19098
2070.000 19022
2071.000 19492
2072.000 18584
2073.000 20234
2074.000 18654
2075.000 16890
2076.000 19576
2077.000 19588
2078.000 20836
2079.000 19812
2080.000 21010
2081.000 18322
2082.000 17508
2083.000 20652
2084.000 18640
2085.000 21584
2086.000 18800
2087.000 19214
2088.000 21358
2089.000 19590
2090.000 18882
2091.000 21436
2092.000 20312
2093.000 19788
2094.000 21712
2095.000 20198
2096.000 20396
2097.000 20658
2098.000 22684
2099.000 19928
2100.000 18630
2101.000 20016
2102.000 19078
2103.000 16958
2104.000 19170
2105.000 18422
2106.000 15514
2107.000 17834
2108.000 16912
2109.000 19046
2110.000 18728
2111.000 17652
2112.000 13992
2113.000 15702
2114.000 16604
2115.000 16534
2116.000 16056
2117.000 19032
2118.000 19384
2119.000 14586
2120.000 17296
2121.000 16562
2122.000 17178
2123.000 14022
2124.000 15610
2125.000 18320
2126.000 17256
2127.000 15982
2128.000 13388
2129.000 16310
2130.000 19486
2131.000 22314
2132.000 20124
2133.000 19688
2134.000 17284
2135.000 15610
2136.000 16826
2137.000 16006
2138.000 19900
2139.000 19166
2140.000 21136
2141.000 17944
2142.000 16880
2143.000 21740
2144.000 22860
2145.000 22638
2146.000 20266
2147.000 20778
2148.000 20118
2149.000 19806
2150.000 16682
2151.000 19896
2152.000 21672
2153.000 25234
2154.000 21034
2155.000 20808
2156.000 20452
2157.000 20310
2158.000 17866
2159.000 21942
2160.000 18974
2161.000 19962
2162.000 20884
2163.000 15956
2164.000 17414
2165.000 16268
2166.000 18670
2167.000 18846
2168.000 17464
2169.000 14436
2170.000 20024
2171.000 17192
2172.000 18036
2173.000 18538
2174.000 18802
2175.000 19036
2176.000 22084
2177.000 18956
2178.000 15708
2179.000 20354
2180.000 17548
2181.000 19798
2182.000 15699
2183.000 14628
2184.000 18492
2185.000 14856
2186.000 17852
2187.000 22166
2188.000 19988
2189.000 21334
2190.000 18556
2191.000 20238
2192.000 21522
2193.000 14906
2194.000 26048
2195.000 17824
2196.000 19772
2197.000 18604
2198.000 22534
2199.000 17822
2200.000 20520
2201.000 18042
2202.000 20748
2203.000 20252
2204.000 20800
2205.000 21620
2206.000 18766
2207.000 22386
2208.000 20622
2209.000 18480
2210.000 17474
2211.000 15430
2212.000 28410
2213.000 18464
2214.000 16440
2215.000 17876
2216.000 18040
2217.000 16337
2218.000 15116
2219.000 17570
2220.000 18508
2221.000 13802
2222.000 14002
2223.000 18314
2224.000 18752
2225.000 16482
2226.000 15398
2227.000 16646
2228.000 18458
2229.000 19304
2230.000 17408
2231.000 21024
2232.000 17964
2233.000 18634
2234.000 19380
2235.000 16294
2236.000 16384
2237.000 15266
2238.000 16332
2239.000 19392
2240.000 18408
2241.000 23104
2242.000 20290
2243.000 21400
2244.000 18550
2245.000 19384
2246.000 20930
2247.000 17358
2248.000 19942
2249.000 18946
2250.000 18506
2251.000 19152
2252.000 21098
2253.000 20784
2254.000 21670
2255.000 18076
2256.000 16942
2257.000 15918
2258.000 15827
2259.000 14986
2260.000 15226
2261.000 21000
2262.000 17750
2263.000 18722
2264.000 19618
2265.000 18806
2266.000 18054
2267.000 18006
2268.000 15902
2269.000 14050
2270.000 17142
2271.000 16200
2272.000 18044
2273.000 18884
2274.000 17096
2275.000 17778
2276.000 17488
2277.000 17110
2278.000 13926
2279.000 15588
2280.000 19776
2281.000 15610
2282.000 15008
2283.000 13606
2284.000 15526
2285.000 14734
2286.000 13962
2287.000 14666
2288.000 13860
2289.000 14008
2290.000 15258
2291.000 14936
2292.000 18856
2293.000 18378
2294.000 14924
2295.000 16360
2296.000 16758
2297.000 18840
2298.000 21224
2299.000 16324
2300.000 13876
2301.000 14328
2302.000 14080
2303.000 16188
2304.000 15462
2305.000 14420
2306.000 17880
2307.000 19272
2308.000 18572
2309.000 18328
2310.000 15883
2311.000 14038
2312.000 16208
2313.000 18748
2314.000 17026
2315.000 21936
2316.000 19810
2317.000 18140
2318.000 18240
2319.000 19150
2320.000 16212
2321.000 20552
2322.000 19756
2323.000 18134
2324.000 17814
2325.000 19850
2326.000 19680
2327.000 23672
2328.000 15600
2329.000 15963
2330.000 18880
2331.000 26492
2332.000 18556
2333.000 20216
2334.000 17008
2335.000 20054
2336.000 18260
2337.000 15840
2338.000 20024
2339.000 15869
2340.000 20622
2341.000 14934
2342.000 21198
2343.000 17102
2344.000 18374
2345.000 20536
2346.000 19566
2347.000 21300
2348.000 19776
2349.000 17384
2350.000 18632
2351.000 17872
2352.000 19462
2353.000 20180
2354.000 20046
2355.000 16278
2356.000 16782
2357.000 19098
2358.000 17980
2359.000 19370
2360.000 14934
2361.000 16524
2362.000 17978
2363.000 16840
2364.000 29626
2365.000 24776
2366.000 15600
2367.000 21982
2368.000 22558
2369.000 22586
2370.000 18128
2371.000 23320
2372.000 16010
2373.000 17928
2374.000 23598
2375.000 20158
2376.000 19196
2377.000 17576
2378.000 19060
2379.000 14128
2380.000 15122
2381.000 14010
2382.000 13786
2383.000 17376
2384.000 32548
2385.000 13986
2386.000 17604
2387.000 17744
2388.000 19108
2389.000 15810
2390.000 13144
2391.000 14128
2392.000 15308
2393.000 15256
2394.000 13168
2395.000 13992
2396.000 14032
2397.000 14582
2398.000 14010
2399.000 13204
2400.000 14598
2401.000 13812
2402.000 14808
2403.000 15170
2404.000 13134
2405.000 13962
2406.000 14134
2407.000 13874
2408.000 13222
2409.000 13740
2410.000 14716
2411.000 13946
2412.000 27142
2413.000 13740
2414.000 13220
2415.000 14010
2416.000 14214
2417.000 13172
2418.000 16596
2419.000 19124
2420.000 15424
2421.000 14208
2422.000 13876
2423.000 16218
2424.000 14144
2425.000 13858
2426.000 13914
2427.000 13722
2428.000 15440
2429.000 13962
2430.000 14600
2431.000 13188
2432.000 14770
2433.000 13892
2434.000 14010
2435.000 14062
2436.000 15194
2437.000 14464
2438.000 13946
2439.000 13992
2440.000 13876
2441.000 19700
2442.000 14374
2443.000 14600
2444.000 14198
2445.000 13168
2446.000 13918
2447.000 15510
2448.000 14128
2449.000 13168
2450.000 14222
2451.000 24230
2452.000 14048
2453.000 13238
2454.000 15424
2455.000 14598
2456.000 20266
2457.000 15606
2458.000 20920
2459.000 18822
2460.000 19916
2461.000 16306
2462.000 15196
2463.000 14414
2464.000 15420
2465.000 16299
2466.000 22058
2467.000 13758
2468.000 14684
2469.000 13858
2470.000 13134
2471.000 14804
2472.000 13756
2473.000 14128
2474.000 14668
2475.000 13876
2476.000 14414
2477.000 14080
2478.000 13874
2479.000 13874
2480.000 14014
2481.000 14734
2482.000 13876
2483.000 13880
2484.000 13032
2485.000 14734
2486.000 14134
2487.000 14700
2488.000 13754
2489.000 14670
2490.000 14734
2491.000 13740
2492.000 14214
2493.000 13874
2494.000 13994
2495.000 14666
2496.000 13962
2497.000 13874
2498.000 14198
2499.000 14598
2500.000 14600
2501.000 13238
2502.000 14492
2503.000 14010
2504.000 14134
2505.000 13270
2506.000 14684
2507.000 14534
2508.000 18310
2509.000 16370
2510.000 20430
2511.000 19778
2512.000 15708
2513.000 16848
2514.000 18580
2515.000 15900
2516.000 15006
2517.000 14076
2518.000 14010
2519.000 14786
2520.000 14936
2521.000 13992
2522.000 13512
2523.000 15246
2524.000 17462
2525.000 16462
2526.000 18056
2527.000 15222
2528.000 14062
2529.000 13908
2530.000 14706
2531.000 15628
2532.000 18608
2533.000 15458
2534.000 14804
2535.000 13740
2536.000 13960
2537.000 16000
2538.000 15612
2539.000 13322
2540.000 17952
2541.000 19458
2542.000 17830
2543.000 14510
2544.000 14656
2545.000 19556
2546.000 19042
2547.000 23644
2548.000 18404
2549.000 21056
2550.000 21072
2551.000 19930
2552.000 18584
2553.000 20160
2554.000 19872
2555.000 23458
2556.000 22088
2557.000 19982
2558.000 19692
2559.000 20646
2560.000 22530
2561.000 19634
2562.000 18970
2563.000 19962
2564.000 19896
2565.000 19260
2566.000 19906
2567.000 16784
2568.000 19166
2569.000 29042
2570.000 19788
2571.000 20018
2572.000 20266
2573.000 21190
2574.000 22404
2575.000 16956
2576.000 17030
2577.000 17756
2578.000 16256
2579.000 21588
2580.000 18632
2581.000 19918
2582.000 20104
2583.000 17544
2584.000 19124
2585.000 16296
2586.000 20000
2587.000 19410
2588.000 15984
2589.000 18542
2590.000 18206
2591.000 17640
2592.000 21262
2593.000 18444
2594.000 19018
2595.000 14866
2596.000 18888
2597.000 16052
2598.000 18020
2599.000 18472
2600.000 19416
2601.000 18992
2602.000 19758
2603.000 16662
2604.000 18728
2605.000 19340
2606.000 15976
2607.000 18886
2608.000 16546
2609.000 20110
2610.000 17582
2611.000 16496
2612.000 19818
2613.000 19342
2614.000 22100
2615.000 19794
2616.000 20244
2617.000 19672
2618.000 19358
2619.000 20240
2620.000 17198
2621.000 18126
2622.000 20214
2623.000 18794
2624.000 18634
2625.000 16274
2626.000 19018
2627.000 17002
2628.000 20538
2629.000 21470
2630.000 20794
2631.000 21860
2632.000 19540
2633.000 19190
2634.000 21144
2635.000 21266
2636.000 18866
2637.000 17124
2638.000 18930
2639.000 20524
2640.000 19100
2641.000 18562
2642.000 17556
2643.000 15356
2644.000 14962
2645.000 14148
2646.000 13654
2647.000 17446
2648.000 18924
2649.000 16806
2650.000 19794
2651.000 17428
2652.000 19886
2653.000 17838
2654.000 20408
2655.000 19566
2656.000 21194
2657.000 19716
2658.000 14578
2659.000 16712
2660.000 14480
2661.000 18870
2662.000 19090
2663.000 15420
2664.000 22344
2665.000 19278
2666.000 18910
2667.000 21266
2668.000 17974
2669.000 22554
2670.000 19962
2671.000 18118
2672.000 21268
2673.000 19394
2674.000 16514
2675.000 17720
2676.000 16506
2677.000 20348
2678.000 19696
2679.000 20410
2680.000 19970
2681.000 21730
2682.000 20144
2683.000 20784
2684.000 18082
2685.000 16448
2686.000 16122
2687.000 18008
2688.000 16660
2689.000 19436
2690.000 19104
2691.000 18292
2692.000 14062
2693.000 13968
2694.000 14616
2695.000 20106
2696.000 20836
2697.000 22150
2698.000 21200
2699.000 17770
2700.000 19112
2701.000 19918
2702.000 19374
2703.000 14808
2704.000 18152
2705.000 17088
2706.000 14976
2707.000 17974
2708.000 14622
2709.000 15657
2710.000 20284
2711.000 17194
2712.000 17326
2713.000 20642
2714.000 20598
2715.000 19708
2716.000 19628
2717.000 16512
2718.000 16700
2719.000 20130
2720.000 19864
2721.000 16382
2722.000 18468
2723.000 13270
2724.000 13778
2725.000 14626
2726.000 14626
2727.000 17470
2728.000 20604
2729.000 20410
2730.000 17404
2731.000 17090
2732.000 19462
2733.000 19162
2734.000 18932
2735.000 18718
2736.000 18944
2737.000 18530
2738.000 15973
2739.000 17896
2740.000 17168
2741.000 17658
2742.000 20194
2743.000 19334
2744.000 17584
2745.000 14848
2746.000 16870
2747.000 19350
2748.000 18554
2749.000 19232
2750.000 18550
2751.000 17946
2752.000 15670
2753.000 19584
2754.000 18502
2755.000 19202
2756.000 19348
2757.000 18608
2758.000 17994
2759.000 16460
2760.000 18428
2761.000 17352
2762.000 20386
2763.000 17090
2764.000 16550
2765.000 20306
2766.000 20544
2767.000 17594
2768.000 19326
2769.000 16188
2770.000 15032
2771.000 16112
2772.000 18414
2773.000 17840
2774.000 18206
2775.000 18060
2776.000 15840
2777.000 15633
2778.000 19806
2779.000 18932
2780.000 19600
2781.000 18294
2782.000 17160
2783.000 17916
2784.000 17318
2785.000 18208
2786.000 20642
2787.000 17364
2788.000 18310
2789.000 15552
2790.000 16096
2791.000 19474
2792.000 17278
2793.000 17000
2794.000 17568
2795.000 15504
2796.000 17310
2797.000 17144
2798.000 15718
2799.000 18126
2800.000 17732
2801.000 14960
2802.000 16414
2803.000 15206
2804.000 17662
2805.000 13874
2806.000 14600
2807.000 14148
2808.000 13522
2809.000 14144
2810.000 14796
2811.000 17306
2812.000 18322
2813.000 15897
2814.000 17930
2815.000 18004
2816.000 17802
2817.000 16188
2818.000 18488
2819.000 18976
2820.000 18092
2821.000 18586
2822.000 18776
2823.000 17354
2824.000 17750
2825.000 20036
2826.000 19272
2827.000 19520
2828.000 19148
2829.000 19068
2830.000 18858
2831.000 17150
2832.000 18370
2833.000 20112
2834.000 18144
2835.000 18618
2836.000 18462
2837.000 19316
2838.000 18462
2839.000 20144
2840.000 18028
2841.000 15062
2842.000 14740
2843.000 17802
2844.000 20542
2845.000 19192
2846.000 17992
2847.000 18340
2848.000 16866
2849.000 20462
2850.000 19402
2851.000 17886
2852.000 18142
2853.000 20594
2854.000 16008
2855.000 16157
2856.000 16562
2857.000 17598
2858.000 19030
2859.000 17218
2860.000 19124
2861.000 18362
2862.000 15158
2863.000 17662
2864.000 16214
2865.000 18828
2866.000 14840
2867.000 19302
2868.000 19126
2869.000 15932
2870.000 16464
2871.000 15647
2872.000 17778
2873.000 18850
2874.000 17490
2875.000 16466
2876.000 16396
2877.000 16972
2878.000 13420
2879.000 16994
2880.000 14708
2881.000 13874
2882.000 20252
2883.000 18836
2884.000 14404
2885.000 19460
2886.000 25382
2887.000 18680
2888.000 15552
2889.000 18700
2890.000 16992
2891.000 14516
2892.000 14774
2893.000 14298
2894.000 14450
2895.000 15822
2896.000 16554
2897.000 15806
2898.000 16472
2899.000 16294
2900.000 18474
2901.000 16882
2902.000 18536
2903.000 16824
2904.000 18696
2905.000 16133
2906.000 15388
2907.000 16110
2908.000 13346
2909.000 20572
2910.000 15968
2911.000 19726
2912.000 20538
2913.000 18972
2914.000 16968
2915.000 14616
2916.000 14502
2917.000 17230
2918.000 18154
2919.000 15094
2920.000 17550
2921.000 15916
2922.000 16062
2923.000 17314
2924.000 17492
2925.000 15412
2926.000 15476
2927.000 17340
2928.000 15748
2929.000 19902
2930.000 17438
2931.000 16280
2932.000 16414
2933.000 14482
2934.000 14502
2935.000 13756
2936.000 13150
2937.000 14032
2938.000 14128
2939.000 13270
2940.000 13826
2941.000 14344
2942.000 14150
2943.000 13788
2944.000 14246
2945.000 14480
2946.000 14418
2947.000 13960
2948.000 14010
2949.000 13260
2950.000 13738
2951.000 14482
2952.000 14788
2953.000 13874
2954.000 15218
2955.000 13928
2956.000 15324
2957.000 14548
2958.000 13946
2959.000 13150
2960.000 14616
2961.000 15376
2962.000 13994
2963.000 13168
2964.000 14532
2965.000 13914
2966.000 14128
2967.000 14620
2968.000 14734
2969.000 14598
2970.000 14534
2971.000 13302
2972.000 14582
2973.000 14416
2974.000 14262
2975.000 13994
2976.000 14682
2977.000 15410
2978.000 13992
2979.000 13828
2980.000 13992
2981.000 13876
2982.000 14534
2983.000 13920
2984.000 14048
2985.000 14550
2986.000 14600
2987.000 14738
2988.000 13204
2989.000 14346
2990.000 14304
2991.000 14534
2992.000 14008
2993.000 14010
2994.000 14080
2995.000 16062
2996.000 13876
2997.000 14754
2998.000 14598
2999.000 13756
3000.000 14064
3001.000 13842
3002.000 13896
3003.000 14080
3004.000 13956
3005.000 13032
3006.000 13874
3007.000 14048
3008.000 13994
3009.000 13874
3010.000 13222
3011.000 13874
3012.000 14144
3013.000 14534
3014.000 13168
3015.000 13874
3016.000 14654
3017.000 14684
3018.000 13168
3019.000 14786
3020.000 14918
3021.000 14598
3022.000 14080
3023.000 13876
3024.000 15204
3025.000 15054
3026.000 14464
3027.000 16760
3028.000 18996
3029.000 18488
3030.000 18434
3031.000 20700
3032.000 20668
3033.000 18076
3034.000 18902
3035.000 18868
3036.000 20204
3037.000 19810
3038.000 19514
3039.000 17876
3040.000 16271
3041.000 17082
3042.000 19958
3043.000 20598
3044.000 18432
3045.000 20650
3046.000 16786
3047.000 19214
3048.000 17692
3049.000 21596
3050.000 21188
3051.000 19138
3052.000 20166
3053.000 18784
3054.000 18150
3055.000 18442
3056.000 17752
3057.000 17172
3058.000 15304
3059.000 17186
3060.000 21102
3061.000 19176
3062.000 19030
3063.000 17518
3064.000 20178
3065.000 17668
3066.000 15802
3067.000 15892
3068.000 14952
3069.000 15118
3070.000 18938
3071.000 18492
3072.000 18848
3073.000 16662
3074.000 17496
3075.000 16261
3076.000 15556
3077.000 19448
3078.000 19026
3079.000 17576
3080.000 14192
3081.000 16730
3082.000 16112
3083.000 18782
3084.000 16622
3085.000 17956
3086.000 17814
3087.000 18290
3088.000 16434
3089.000 17158
3090.000 21446
3091.000 19618
3092.000 17558
3093.000 18434
3094.000 18742
3095.000 16882
3096.000 16744
3097.000 17496
3098.000 18328
3099.000 18034
3100.000 23642
3101.000 16081
3102.000 16129
3103.000 17474
3104.000 18420
3105.000 21028
3106.000 17492
3107.000 17916
3108.000 16570
3109.000 18856
3110.000 16882
3111.000 14620
3112.000 20448
3113.000 19006
3114.000 19768
3115.000 18880
3116.000 17314
3117.000 18092
3118.000 21060
3119.000 19458
3120.000 19246
3121.000 15220
3122.000 17028
3123.000 18100
3124.000 18004
3125.000 20614
3126.000 16341
3127.000 18302
3128.000 15112
3129.000 14024
3130.000 19466
3131.000 18164
3132.000 16840
3133.000 19472
3134.000 15144
3135.000 14298
3136.000 16500
3137.000 17642
3138.000 15016
3139.000 15904
3140.000 19758
3141.000 19022
3142.000 19004
3143.000 16736
3144.000 15536
3145.000 20104
3146.000 17446
3147.000 17710
3148.000 18314
3149.000 17910
3150.000 19868
3151.000 21162
3152.000 23844
3153.000 18274
3154.000 18570
3155.000 16884
3156.000 14928
3157.000 19118
3158.000 18602
3159.000 18278
3160.000 18884
3161.000 19130
3162.000 20362
3163.000 20844
3164.000 18812
3165.000 16001
3166.000 15016
3167.000 15751
3168.000 14938
3169.000 15994
3170.000 16258
3171.000 17406
3172.000 18124
3173.000 20184
3174.000 19666
3175.000 18838
3176.000 19974
3177.000 18654
3178.000 19086
3179.000 20514
3180.000 21248
3181.000 19422
3182.000 15920
3183.000 18558
3184.000 18628
3185.000 17412
3186.000 20770
3187.000 18704
3188.000 16706
3189.000 18300
3190.000 18634
3191.000 20166
3192.000 19688
3193.000 17544
3194.000 17940
3195.000 19702
3196.000 17524
3197.000 19232
3198.000 16952
3199.000 18990
3200.000 18194
3201.000 19312
3202.000 20374
3203.000 19748
3204.000 19800
3205.000 16185
3206.000 18352
3207.000 18298
3208.000 20524
3209.000 19612
3210.000 18264
3211.000 18552
3212.000 19384
3213.000 17170
3214.000 16670
3215.000 15342
3216.000 25884
3217.000 18272
3218.000 18794
3219.000 15852
3220.000 19216
3221.000 18476
3222.000 16582
3223.000 17890
3224.000 15810
3225.000 16514
3226.000 20988
3227.000 21668
3228.000 18456
3229.000 17620
3230.000 17542
3231.000 21668
3232.000 17660
3233.000 15660
3234.000 15260
3235.000 14720
3236.000 18342
3237.000 16608
3238.000 16802
3239.000 14878
3240.000 15678
3241.000 16752
3242.000 17316
3243.000 16374
3244.000 16536
3245.000 15270
3246.000 17360
3247.000 18430
3248.000 16760
3249.000 15996
3250.000 21394
3251.000 19908
3252.000 15408
3253.000 18128
3254.000 17800
3255.000 15282
3256.000 16410
3257.000 15844
3258.000 15248
3259.000 16094
3260.000 17996
3261.000 17760
3262.000 18614
3263.000 17076
3264.000 18292
3265.000 15869
3266.000 14682
3267.000 15574
3268.000 16770
3269.000 18660
3270.000 19122
3271.000 18400
3272.000 18472
3273.000 20172
3274.000 17770
3275.000 14816
3276.000 24320
3277.000 16212
3278.000 16204
3279.000 20724
3280.000 17656
3281.000 20450
3282.000 18690
3283.000 18864
3284.000 16900
3285.000 13514
3286.000 14498
3287.000 14498
3288.000 18616
3289.000 14716
3290.000 21418
3291.000 18542
3292.000 19242
3293.000 19674
3294.000 21452
3295.000 19182
3296.000 20288
3297.000 14356
3298.000 19380
3299.000 18094
3300.000 18640
3301.000 19946
3302.000 17366
3303.000 16025
3304.000 14328
3305.000 13016
3306.000 16140
3307.000 16730
3308.000 20708
3309.000 19616
3310.000 17104
3311.000 15574
3312.000 16666
3313.000 17922
3314.000 16522
3315.000 16888
3316.000 16628
3317.000 16384
3318.000 13994
3319.000 16048
3320.000 20622
3321.000 21516
3322.000 16162
3323.000 19640
3324.000 20140
3325.000 18012
3326.000 21190
3327.000 19358
3328.000 21320
3329.000 18856
3330.000 20156
3331.000 19736
3332.000 27008
3333.000 15817
3334.000 16948
3335.000 14804
3336.000 13914
3337.000 14598
3338.000 15504
3339.000 18704
3340.000 16208
3341.000 16574
3342.000 18920
3343.000 17186
3344.000 30616
3345.000 17942
3346.000 21404
3347.000 17402
3348.000 20768
3349.000 20206
3350.000 21400
3351.000 21096
3352.000 21038
3353.000 22744
3354.000 22356
3355.000 18276
3356.000 21004
3357.000 19308
3358.000 20316
3359.000 17366
3360.000 16115
3361.000 17662
3362.000 20448
3363.000 18860
3364.000 14540
3365.000 14636
3366.000 18822
3367.000 20138
3368.000 20360
3369.000 18524
3370.000 21430
3371.000 21174
3372.000 16494
3373.000 19946
3374.000 20308
3375.000 19798
3376.000 18976
3377.000 20362
3378.000 21516
3379.000 18962
3380.000 19518
3381.000 18166
3382.000 16880
3383.000 16318
3384.000 16090
3385.000 16310
3386.000 18784
3387.000 16674
3388.000 16096
3389.000 17686
3390.000 16365
3391.000 16434
3392.000 20460
3393.000 18634
3394.000 17964
3395.000 15760
3396.000 14144
3397.000 14210
3398.000 14012
3399.000 19258
3400.000 16174
3401.000 21590
3402.000 19066
3403.000 20168
3404.000 16100
3405.000 15458
3406.000 16372
3407.000 15262
3408.000 16610
3409.000 19086
3410.000 20160
3411.000 15876
3412.000 14074
3413.000 16194
3414.000 16774
3415.000 17118
3416.000 18928
3417.000 18326
3418.000 15274
3419.000 21252
3420.000 18254
3421.000 20842
3422.000 19188
3423.000 20268
3424.000 18992
3425.000 21052
3426.000 21034
3427.000 22126
3428.000 19818
3429.000 19276
3430.000 18842
3431.000 20850
3432.000 15952
3433.000 13152
3434.000 14802
3435.000 16332
3436.000 21034
3437.000 19948
3438.000 18738
3439.000 16648
3440.000 19886
3441.000 16894
3442.000 18314
3443.000 16086
3444.000 17448
3445.000 21018
3446.000 13600
3447.000 15394
3448.000 14096
3449.000 13756
3450.000 14550
3451.000 16402
3452.000 18906
3453.000 17426
3454.000 17432
3455.000 19168
3456.000 20336
3457.000 14152
3458.000 13372
3459.000 14062
3460.000 14464
3461.000 14718
3462.000 14804
3463.000 13920
3464.000 16420
3465.000 18666
3466.000 15888
3467.000 20002
3468.000 15028
3469.000 13152
3470.000 14640
3471.000 14536
3472.000 13740
3473.000 14732
3474.000 13944
3475.000 14010
3476.000 13876
3477.000 14668
3478.000 13236
3479.000 13876
3480.000 14214
3481.000 13152
3482.000 13604
3483.000 14370
3484.000 14906
3485.000 15440
3486.000 19356
3487.000 14604
3488.000 14686
3489.000 17318
3490.000 17866
3491.000 15798
3492.000 20288
3493.000 16994
3494.000 16550
3495.000 18062
3496.000 14522
3497.000 17204
3498.000 16180
3499.000 16862
3500.000 18964
3501.000 19524
3502.000 17982
3503.000 19640
3504.000 17974
3505.000 16195
3506.000 21136
3507.000 17688
3508.000 18482
3509.000 18882
3510.000 20602
3511.000 19854
3512.000 14614
3513.000 13944
3514.000 13774
3515.000 13992
3516.000 14400
3517.000 14144
3518.000 14212
3519.000 13810
3520.000 13876
3521.000 13874
3522.000 13356
3523.000 14438
3524.000 13858
3525.000 14802
3526.000 13638
3527.000 14010
3528.000 14150
3529.000 13872
3530.000 13916
3531.000 14686
3532.000 14010
3533.000 13874
3534.000 13928
3535.000 14482
3536.000 13874
3537.000 14214
3538.000 13102
3539.000 13994
3540.000 14532
3541.000 13876
3542.000 14868
3543.000 14690
3544.000 14598
3545.000 15694
3546.000 13748
3547.000 13386
3548.000 14548
3549.000 14804
3550.000 14010
3551.000 13034
3552.000 14786
3553.000 13874
3554.000 14600
3555.000 13410
3556.000 14178
3557.000 14008
3558.000 13898
3559.000 14596
3560.000 13742
3561.000 14062
3562.000 14482
3563.000 14716
3564.000 14080
3565.000 14616
3566.000 17384
3567.000 19272
3568.000 18650
3569.000 18660
3570.000 15737
3571.000 19888
3572.000 19982
3573.000 19150
3574.000 17972
3575.000 19638
3576.000 14552
3577.000 17962
3578.000 13410
3579.000 14836
3580.000 14668
3581.000 13756
3582.000 14128
3583.000 14598
3584.000 13874
3585.000 14716
3586.000 14804
3587.000 13876
3588.000 13842
3589.000 14100
3590.000 14052
3591.000 13992
3592.000 14550
3593.000 14010
3594.000 15306
3595.000 13944
3596.000 13756
3597.000 13876
3598.000 14872
3599.000 15488
3600.000 13018
3601.000 14214
3602.000 13876
3603.000 15124
3604.000 13676
3605.000 14262
3606.000 13876
3607.000 13960
3608.000 13124
3609.000 14616
3610.000 13928
3611.000 14064
3612.000 13994
3613.000 13102
3614.000 13740
3615.000 14128
3616.000 14080
3617.000 13778
3618.000 13236
3619.000 13962
3620.000 16656
3621.000 14362
3622.000 14704
3623.000 18552
3624.000 14128
3625.000 13826
3626.000 13152
3627.000 14712
3628.000 14146
3629.000 13874
3630.000 13720
3631.000 14866
3632.000 13874
3633.000 19398
3634.000 17906
3635.000 13756
3636.000 13738
3637.000 14686
3638.000 14096
3639.000 14344
3640.000 13340
3641.000 13874
3642.000 13876
3643.000 13990
3644.000 14166
3645.000 13740
3646.000 14686
3647.000 13842
3648.000 14820
3649.000 13238
3650.000 14370
3651.000 14734
3652.000 16100
3653.000 14118
3654.000 13270
3655.000 14684
3656.000 13742
3657.000 14850
3658.000 14872
3659.000 13756
3660.000 15052
3661.000 14062
3662.000 13420
3663.000 14048
3664.000 13944
3665.000 14330
3666.000 13286
3667.000 14938
3668.000 17190
3669.000 16015
3670.000 13238
3671.000 13994
3672.000 13892
3673.000 15492
3674.000 13756
3675.000 13876
3676.000 14550
3677.000 15422
3678.000 13960
3679.000 13796
3680.000 13976
3681.000 15560
3682.000 13944
3683.000 13874
3684.000 13758
3685.000 14188
3686.000 14582
3687.000 14006
3688.000 14144
3689.000 13152
3690.000 14010
3691.000 14786
3692.000 16524
3693.000 16104
3694.000 19212
3695.000 17822
3696.000 17066
3697.000 14158
3698.000 13862
3699.000 15850
3700.000 18514
3701.000 16840
3702.000 15684
3703.000 14834
3704.000 14010
3705.000 14582
3706.000 15256
3707.000 13270
3708.000 13874
3709.000 14244
3710.000 15840
3711.000 16466
3712.000 18866
3713.000 18850
3714.000 17586
3715.000 14286
3716.000 14504
3717.000 18204
3718.000 17458
3719.000 16846
3720.000 14598
3721.000 13270
3722.000 13944
3723.000 14048
3724.000 14502
3725.000 13944
3726.000 13890
3727.000 13876
3728.000 14650
3729.000 15526
3730.000 13772
3731.000 14398
3732.000 13992
3733.000 21800
3734.000 14062
3735.000 13774
3736.000 13992
3737.000 13962
3738.000 13606
3739.000 14246
3740.000 13928
3741.000 15356
3742.000 16048
3743.000 14802
3744.000 13016
3745.000 13892
3746.000 14080
3747.000 13858
3748.000 13150
3749.000 14756
3750.000 13874
3751.000 14718
3752.000 14668
3753.000 13172
3754.000 13504
3755.000 16916
3756.000 14010
3757.000 13150
3758.000 14550
3759.000 14686
3760.000 14330
3761.000 14786
3762.000 13604
3763.000 15250
3764.000 13946
3765.000 13874
3766.000 14718
3767.000 15256
3768.000 14702
3769.000 13976
3770.000 13264
3771.000 13954
3772.000 13912
3773.000 15490
3774.000 14128
3775.000 13034
3776.000 13996
3777.000 14482
3778.000 14262
3779.000 13896
3780.000 13874
3781.000 13874
3782.000 13946
3783.000 14068
3784.000 14010
3785.000 13826
3786.000 13876
3787.000 13874
3788.000 13410
3789.000 14702
3790.000 15456
3791.000 13944
3792.000 15324
3793.000 14010
3794.000 15332
3795.000 13740
3796.000 13050
3797.000 14198
3798.000 14010
3799.000 14078
3800.000 12952
3801.000 14010
3802.000 14598
3803.000 14804
3804.000 13858
3805.000 13302
3806.000 13984
3807.000 13874
3808.000 14600
3809.000 14116
3810.000 14582
3811.000 14166
3812.000 14670
3813.000 13150
3814.000 13874
3815.000 14080
3816.000 14482
3817.000 14128
3818.000 14532
3819.000 14080
3820.000 14632
3821.000 13356
3822.000 15186
3823.000 13920
3824.000 14670
3825.000 14010
3826.000 13874
3827.000 13810
3828.000 14010
3829.000 13120
3830.000 14372
3831.000 14600
3832.000 13874
3833.000 13692
3834.000 14246
3835.000 13994
3836.000 15274
3837.000 14424
3838.000 13890
3839.000 13962
3840.000 18406
3841.000 17734
3842.000 16708
3843.000 19474
3844.000 17922
3845.000 19942
3846.000 18508
3847.000 19290
3848.000 20816
3849.000 15836
3850.000 19232
3851.000 21244
3852.000 18966
3853.000 19972
3854.000 18518
3855.000 19038
3856.000 17430
3857.000 21456
3858.000 19668
3859.000 18072
3860.000 18222
3861.000 23258
3862.000 20198
3863.000 20672
3864.000 16548
3865.000 18342
3866.000 21432
3867.000 19502
3868.000 17762
3869.000 20394
3870.000 19736
3871.000 19200
3872.000 20894
3873.000 20022
3874.000 17364
3875.000 13152
3876.000 14760
3877.000 19248
3878.000 19886
3879.000 18376
3880.000 19308
3881.000 19746
3882.000 20142
3883.000 19560
3884.000 21336
3885.000 21112
3886.000 17760
3887.000 18948
3888.000 16752
3889.000 19200
3890.000 18376
3891.000 19304
3892.000 16876
3893.000 18440
3894.000 19724
3895.000 20258
3896.000 17898
3897.000 20088
3898.000 19844
3899.000 18702
3900.000 17942
3901.000 20412
3902.000 18636
3903.000 16704
3904.000 19480
3905.000 19082
3906.000 18816
3907.000 19608
3908.000 19620
3909.000 19440
3910.000 19618
3911.000 20532
3912.000 21432
3913.000 16430
3914.000 19806
3915.000 19210
3916.000 17132
3917.000 18760
3918.000 20696
3919.000 17660
3920.000 18396
3921.000 16460
3922.000 19438
3923.000 16930
3924.000 17690
3925.000 25096
3926.000 31328
3927.000 34058
3928.000 20702
3929.000 22508
3930.000 21230
3931.000 26718
3932.000 20224
3933.000 19462
3934.000 14868
3935.000 20024
3936.000 18452
3937.000 17722
3938.000 17744
3939.000 16412
3940.000 18348
3941.000 18042
3942.000 17568
3943.000 17592
3944.000 19780
3945.000 18556
3946.000 19770
3947.000 19702
3948.000 17840
3949.000 17064
3950.000 14888
3951.000 14124
3952.000 14080
3953.000 14734
3954.000 13032
3955.000 15642
3956.000 18900
3957.000 18752
3958.000 20386
3959.000 19834
3960.000 18538
3961.000 19344
3962.000 19428
3963.000 20770
3964.000 18462
3965.000 17598
3966.000 15542
3967.000 20380
3968.000 20632
3969.000 20816
3970.000 16167
3971.000 18442
3972.000 17168
3973.000 16468
3974.000 18382
3975.000 19608
3976.000 21230
3977.000 20320
3978.000 22272
3979.000 19736
3980.000 18074
3981.000 18560
3982.000 19748
3983.000 18482
3984.000 20964
3985.000 19280
3986.000 22188
3987.000 17754
3988.000 17364
3989.000 18630
3990.000 17322
3991.000 15086
3992.000 16011
3993.000 14834
3994.000 16008
3995.000 16792
3996.000 20558
3997.000 16794
3998.000 16722
3999.000 19154
4000.000 16115
4001.000 19270
4002.000 21056
4003.000 21078
4004.000 20110
4005.000 20940
4006.000 20956
4007.000 18236
4008.000 17922
4009.000 19200
4010.000 19388
4011.000 19590
4012.000 18176
4013.000 18366
4014.000 16404
4015.000 15500
4016.000 16912
4017.000 16992
4018.000 15644
4019.000 16810
4020.000 16682
4021.000 17054
4022.000 19620
4023.000 20800
4024.000 19588
4025.000 18496
4026.000 19722
4027.000 18058
4028.000 17340
4029.000 17006
4030.000 17844
4031.000 15512
4032.000 17752
4033.000 17874
4034.000 19378
4035.000 17042
4036.000 15916
4037.000 17746
4038.000 18094
4039.000 18142
4040.000 17342
4041.000 15158
4042.000 15092
4043.000 13992
4044.000 16614
4045.000 18220
4046.000 15876
4047.000 14826
4048.000 14670
4049.000 15424
4050.000 13890
4051.000 14520
4052.000 14790
4053.000 13994
4054.000 14686
4055.000 14112
4056.000 13620
4057.000 14178
4058.000 15918
4059.000 17340
4060.000 18680
4061.000 19834
4062.000 18340
4063.000 18804
4064.000 16798
4065.000 20950
4066.000 19404
4067.000 20370
4068.000 18496
4069.000 18448
4070.000 15148
4071.000 19144
4072.000 19158
4073.000 15968
4074.000 16416
4075.000 16880
4076.000 16372
4077.000 17588
4078.000 22514
4079.000 19020
4080.000 17766
4081.000 18168
4082.000 17430
4083.000 19604
4084.000 14840
4085.000 16218
4086.000 18070
4087.000 18834
4088.000 21270
4089.000 16722
4090.000 14474
4091.000 18922
4092.000 16672
4093.000 16746
4094.000 18396
4095.000 19754
4096.000 20316
4097.000 17946
4098.000 21876
4099.000 19288
4100.000 20896
4101.000 20364
4102.000 22064
4103.000 18696
4104.000 17916
4105.000 21066
4106.000 30506
4107.000 21620
4108.000 19884
4109.000 18358
4110.000 16362
4111.000 18574
4112.000 18068
4113.000 20968
4114.000 19468
4115.000 19266
4116.000 20184
4117.000 20598
4118.000 16850
4119.000 16236
4120.000 16062
4121.000 21140
4122.000 15426
4123.000 14080
4124.000 14220
4125.000 14104
4126.000 16129
4127.000 15204
4128.000 13732
4129.000 14316
4130.000 15192
4131.000 15862
4132.000 14642
4133.000 15182
4134.000 15796
4135.000 15928
4136.000 13968
4137.000 15592
4138.000 15330
4139.000 14606
4140.000 17178
4141.000 18274
4142.000 18708
4143.000 16090
4144.000 19570
4145.000 19622
4146.000 18398
4147.000 18812
4148.000 21268
4149.000 20116
4150.000 19322
4151.000 14648
4152.000 14832
4153.000 15316
4154.000 13676
4155.000 16136
4156.000 15632
4157.000 16166
4158.000 13740
4159.000 13992
4160.000 18570
4161.000 19386
4162.000 19268
4163.000 20726
4164.000 21556
4165.000 18860
4166.000 19242
4167.000 18298
4168.000 18454
4169.000 20756
4170.000 22086
4171.000 17660
4172.000 21526
4173.000 20518
4174.000 20386
4175.000 16684
4176.000 18828
4177.000 16355
4178.000 17118
4179.000 14872
4180.000 16550
4181.000 16374
4182.000 19202
4183.000 15920
4184.000 14248
4185.000 15158
4186.000 17034
4187.000 17546
4188.000 16906
4189.000 16660
4190.000 18752
4191.000 16488
4192.000 15010
4193.000 18770
4194.000 17356
4195.000 16670
4196.000 13826
4197.000 14030
4198.000 16091
4199.000 18456
4200.000 19194
4201.000 20578
4202.000 18688
4203.000 19856
4204.000 20186
4205.000 19016
4206.000 20260
4207.000 18206
4208.000 16590
4209.000 19174
4210.000 17758
4211.000 18426
4212.000 16336
4213.000 24676
4214.000 20186
4215.000 17250
4216.000 17890
4217.000 20228
4218.000 17778
4219.000 17812
4220.000 16652
4221.000 18014
4222.000 16386
4223.000 16974
4224.000 19004
4225.000 13510
4226.000 15306
4227.000 17908
4228.000 20746
4229.000 20410
4230.000 20778
4231.000 20694
4232.000 17408
4233.000 20856
4234.000 21296
4235.000 18198
4236.000 18672
4237.000 18596
4238.000 18918
4239.000 17224
4240.000 19788
4241.000 19658
4242.000 19854
4243.000 17518
4244.000 16070
4245.000 15438
4246.000 16632
4247.000 18368
4248.000 18134
4249.000 16800
4250.000 17032
4251.000 16988
4252.000 19762
4253.000 18112
4254.000 16692
4255.000 16384
4256.000 19652
4257.000 17712
4258.000 19050
4259.000 16838
4260.000 15850
4261.000 17832
4262.000 18056
4263.000 18594
4264.000 16586
4265.000 17246
4266.000 16606
4267.000 20384
4268.000 16326
4269.000 15803
4270.000 13842
4271.000 18346
4272.000 17724
4273.000 18180
4274.000 19200
4275.000 20156
4276.000 20242
4277.000 18468
4278.000 18016
4279.000 18132
4280.000 19692
4281.000 21224
4282.000 18170
4283.000 16646
4284.000 15520
4285.000 17470
4286.000 18116
4287.000 19226
4288.000 20100
4289.000 21030
4290.000 19850
4291.000 18160
4292.000 20018
4293.000 16302
4294.000 17460
4295.000 20288
4296.000 16814
4297.000 16020
4298.000 18576
4299.000 19960
4300.000 18202
4301.000 18508
4302.000 19704
4303.000 17206
4304.000 19168
4305.000 20088
4306.000 19126
4307.000 22176
4308.000 21414
4309.000 21080
4310.000 19548
4311.000 21606
4312.000 18402
4313.000 18316
4314.000 17956
4315.000 18090
4316.000 19034
4317.000 20116
4318.000 19822
4319.000 16460
4320.000 15268
4321.000 13952
4322.000 15320
4323.000 14464
4324.000 15322
4325.000 17788
4326.000 19356
4327.000 19456
4328.000 20768
4329.000 17308
4330.000 19428
4331.000 17372
4332.000 20960
4333.000 21208
4334.000 19400
4335.000 21844
4336.000 24020
4337.000 20694
4338.000 18308
4339.000 21956
4340.000 18894
4341.000 15734
4342.000 17718
4343.000 16576
4344.000 19522
4345.000 19670
4346.000 19338
4347.000 14536
4348.000 14954
4349.000 14102
4350.000 16768
4351.000 18846
4352.000 18914
4353.000 19632
4354.000 20928
4355.000 20210
4356.000 19104
4357.000 16674
4358.000 16520
4359.000 15699
4360.000 14460
4361.000 15170
4362.000 13892
4363.000 16392
4364.000 14328
4365.000 15342
4366.000 20470
4367.000 16982
4368.000 16810
4369.000 20062
4370.000 20484
4371.000 20606
4372.000 20044
4373.000 17836
4374.000 21494
4375.000 17860
4376.000 15906
4377.000 21972
4378.000 18398
4379.000 17508
4380.000 20422
4381.000 20932
4382.000 20190
4383.000 19602
4384.000 17322
4385.000 20922
4386.000 20466
4387.000 17370
4388.000 16178
4389.000 16718
4390.000 13426
4391.000 15550
4392.000 14708
4393.000 14038
4394.000 14422
4395.000 14942
4396.000 13826
4397.000 16446
4398.000 15748
4399.000 18500
4400.000 21174
4401.000 20888
4402.000 20374
4403.000 20714
4404.000 19310
4405.000 18786
4406.000 20120
4407.000 17082
4408.000 20960
4409.000 17462
4410.000 14768
4411.000 16890
4412.000 14436
4413.000 15450
4414.000 16266
4415.000 20008
4416.000 16112
4417.000 14118
4418.000 14346
4419.000 14128
4420.000 19878
4421.000 20288
4422.000 19258
4423.000 19006
4424.000 19800
4425.000 13854
4426.000 14324
4427.000 13270
4428.000 16596
4429.000 13936
4430.000 16682
4431.000 17604
4432.000 19010
4433.000 20290
4434.000 17218
4435.000 14668
4436.000 13370
4437.000 14010
4438.000 14758
4439.000 13740
4440.000 13886
4441.000 18348
4442.000 15666
4443.000 19628
4444.000 20486
4445.000 16536
4446.000 19696
4447.000 18334
4448.000 16786
4449.000 18856
4450.000 19272
4451.000 19318
4452.000 17718
4453.000 21202
4454.000 17136
4455.000 17488
4456.000 16648
4457.000 14326
4458.000 15973
4459.000 16060
4460.000 17432
4461.000 19624
4462.000 17934
4463.000 19348
4464.000 18216
4465.000 17884
4466.000 16966
4467.000 18906
4468.000 20128
4469.000 18632
4470.000 19812
4471.000 18328
4472.000 18470
4473.000 19144
4474.000 14588
4475.000 14206
4476.000 14464
4477.000 14104
4478.000 14626
4479.000 17748
4480.000 16612
4481.000 18562
4482.000 18960
4483.000 17562
4484.000 20946
4485.000 19640
4486.000 17570
4487.000 13944
4488.000 13152
4489.000 17410
4490.000 17198
4491.000 17070
4492.000 20548
4493.000 18310
4494.000 18156
4495.000 18912
4496.000 17120
4497.000 17846
4498.000 17100
4499.000 21724
4500.000 20834
4501.000 19602
4502.000 18228
4503.000 20988
4504.000 19282
4505.000 22024
4506.000 20270
4507.000 19684
4508.000 16864
4509.000 15372
4510.000 16374
4511.000 16260
4512.000 17934
4513.000 17740
4514.000 18128
4515.000 25272
4516.000 18300
4517.000 20064
4518.000 19262
4519.000 18844
4520.000 18506
4521.000 18594
4522.000 18624
4523.000 16237
4524.000 17656
4525.000 18008
4526.000 19370
4527.000 20912
4528.000 16958
4529.000 18846
4530.000 17868
4531.000 20406
4532.000 19122
4533.000 19428
4534.000 18062
4535.000 19370
4536.000 16816
4537.000 16396
4538.000 17026
4539.000 15852
4540.000 15492
4541.000 17452
4542.000 19072
4543.000 20218
4544.000 18694
4545.000 21290
4546.000 19246
4547.000 17824
4548.000 19284
4549.000 23582
4550.000 21002
4551.000 20272
4552.000 19416
4553.000 19182
4554.000 19992
4555.000 16972
4556.000 17256
4557.000 16702
4558.000 20058
4559.000 18584
4560.000 19064
4561.000 16946
4562.000 18318
4563.000 17776
4564.000 21150
4565.000 20156
4566.000 19006
4567.000 20082
4568.000 21544
4569.000 21214
4570.000 20104
4571.000 19340
4572.000 18496
4573.000 18070
4574.000 20156
4575.000 18716
4576.000 14918
4577.000 15228
4578.000 18414
4579.000 16148
4580.000 17374
4581.000 16978
4582.000 18418
4583.000 19396
4584.000 16022
4585.000 20908
4586.000 20298
4587.000 21080
4588.000 19300
4589.000 18250
4590.000 22260
4591.000 15400
4592.000 17204
4593.000 18298
4594.000 16156
4595.000 19308
4596.000 14522
4597.000 18160
4598.000 17072
4599.000 17424
4600.000 18944
4601.000 20712
4602.000 19208
4603.000 18600
4604.000 15890
4605.000 15382
4606.000 19914
4607.000 20812
4608.000 14822
4609.000 14364
4610.000 15990
4611.000 15750
4612.000 16838
4613.000 13756
4614.000 14668
4615.000 13990
4616.000 15196
4617.000 18262
4618.000 15716
4619.000 13286
4620.000 15778
4621.000 18290
4622.000 18152
4623.000 15056
4624.000 17124
4625.000 18736
4626.000 24038
4627.000 16289
4628.000 19778
4629.000 18052
4630.000 17976
4631.000 17462
4632.000 15558
4633.000 17622
4634.000 17084
4635.000 19980
4636.000 17182
4637.000 17724
4638.000 20960
4639.000 19394
4640.000 19908
4641.000 19586
4642.000 17166
4643.000 19416
4644.000 18274
4645.000 24980
4646.000 17390
4647.000 18942
4648.000 20220
4649.000 18916
4650.000 18580
4651.000 19750
4652.000 21048
4653.000 22008
4654.000 20476
4655.000 19564
4656.000 19100
4657.000 16112
4658.000 19734
4659.000 19748
4660.000 18946
4661.000 17856
4662.000 18758
4663.000 18238
4664.000 18472
4665.000 21806
4666.000 18954
4667.000 19824
4668.000 20634
4669.000 24202
4670.000 15506
4671.000 14072
4672.000 16914
4673.000 16958
4674.000 19016
4675.000 21104
4676.000 16732
4677.000 14128
4678.000 18644
4679.000 20044
4680.000 17232
4681.000 16185
4682.000 28322
4683.000 17954
4684.000 15930
4685.000 14106
4686.000 16514
4687.000 15432
4688.000 15040
4689.000 13934
4690.000 15476
4691.000 15338
4692.000 15228
4693.000 14144
4694.000 13606
4695.000 14770
4696.000 13756
4697.000 13168
4698.000 16794
4699.000 18580
4700.000 16628
4701.000 16060
4702.000 14462
4703.000 19264
4704.000 19772
4705.000 16768
4706.000 17700
4707.000 17762
4708.000 17448
4709.000 16972
4710.000 17324
4711.000 18114
4712.000 16271
4713.000 15920
4714.000 17306
4715.000 19774
4716.000 15436
4717.000 18068
4718.000 16884
4719.000 18076
4720.000 15428
4721.000 19530
4722.000 20158
4723.000 16156
4724.000 16100
4725.000 15560
4726.000 20022
4727.000 18166
4728.000 20182
4729.000 17722
4730.000 18222
4731.000 16652
4732.000 18990
4733.000 15176
4734.000 16932
4735.000 17122
4736.000 15064
4737.000 15240
4738.000 14908
4739.000 17824
4740.000 16422
4741.000 20358
4742.000 19132
4743.000 16488
4744.000 19440
4745.000 16568
4746.000 17166
4747.000 18186
4748.000 18720
4749.000 18940
4750.000 13234
4751.000 28132
4752.000 21790
4753.000 18210
4754.000 13858
4755.000 14464
4756.000 16115
4757.000 13168
4758.000 13980
4759.000 13810
4760.000 16768
4761.000 14096
4762.000 13298
4763.000 14326
4764.000 13994
4765.000 14786
4766.000 13876
4767.000 14732
4768.000 13810
4769.000 14586
4770.000 4327
