# Slice: URLLC | 112.217.128.201:18684 -> 10.215.173.1:49003 (UDP)
# offset_sec  packet_size_bytes
0.000 89910
1.000 99900
2.000 99900
3.000 100558
4.000 99242
5.000 99900
6.000 99900
7.000 98560
8.000 101240
9.000 99900
10.000 99900
11.000 100229
12.000 99571
13.000 99900
14.000 99900
15.000 99900
16.000 99900
17.000 99900
18.000 99900
19.000 99900
20.000 100229
21.000 99571
22.000 99900
23.000 100558
24.000 99242
25.000 98560
26.000 101240
27.000 99900
28.000 100558
29.000 99900
30.000 99900
31.000 99242
32.000 99900
33.000 100558
34.000 99242
35.000 99900
36.000 99900
37.000 99900
38.000 99900
39.000 99900
40.000 99900
41.000 99900
42.000 99900
43.000 98560
44.000 101240
45.000 99900
46.000 99900
47.000 99900
48.000 99900
49.000 99900
50.000 98560
51.000 101240
52.000 99218
53.000 101240
54.000 99242
55.000 99900
56.000 99900
57.000 99900
58.000 99900
59.000 99900
60.000 99900
61.000 99900
62.000 99900
63.000 99900
64.000 99900
65.000 99900
66.000 99900
67.000 99900
68.000 99900
69.000 99900
70.000 89910
71.000 109890
72.000 99900
73.000 99900
74.000 99900
75.000 99900
76.000 99900
77.000 99218
78.000 99242
79.000 97573
80.000 103567
81.000 98560
82.000 101240
83.000 99900
84.000 99900
85.000 99900
86.000 99900
87.000 99900
88.000 99900
89.000 99900
90.000 99900
91.000 99900
92.000 99900
93.000 99900
94.000 98560
95.000 99900
96.000 101240
97.000 99900
98.000 99900
99.000 98560
100.000 101240
101.000 98560
102.000 99900
103.000 99900
104.000 101240
105.000 98560
106.000 99900
107.000 101240
108.000 99900
109.000 98560
110.000 101240
111.000 99900
112.000 99900
113.000 99900
114.000 99900
115.000 99900
116.000 99900
117.000 98560
118.000 101240
119.000 99900
120.000 99900
121.000 98560
122.000 99900
123.000 101240
124.000 98560
125.000 99900
126.000 99900
127.000 99900
128.000 101240
129.000 98560
130.000 101240
131.000 99900
132.000 99900
133.000 98889
134.000 100911
135.000 98560
136.000 101240
137.000 99900
138.000 99900
139.000 98560
140.000 99900
141.000 99900
142.000 101240
143.000 99900
144.000 99900
145.000 98889
146.000 99900
147.000 100911
148.000 99900
149.000 99900
150.000 98560
151.000 99900
152.000 101240
153.000 98560
154.000 99900
155.000 100229
156.000 100911
157.000 99900
158.000 98560
159.000 99242
160.000 101898
161.000 98560
162.000 101240
163.000 99900
164.000 98560
165.000 99900
166.000 100229
167.000 99571
168.000 100229
169.000 100911
170.000 98560
171.000 101240
172.000 98560
173.000 99900
174.000 101240
175.000 99900
176.000 98560
177.000 101240
178.000 99900
179.000 99900
180.000 99900
181.000 98889
182.000 100911
183.000 98560
184.000 101240
185.000 98560
186.000 99900
187.000 99571
188.000 100229
189.000 101240
190.000 98560
191.000 99900
192.000 99900
193.000 99900
194.000 99571
195.000 100229
196.000 100229
197.000 99571
198.000 99900
199.000 99900
200.000 99900
201.000 99242
202.000 100229
203.000 100229
204.000 99900
205.000 99900
206.000 99900
207.000 99242
208.000 100558
209.000 99900
210.000 99900
211.000 99900
212.000 99900
213.000 99900
214.000 99242
215.000 100558
216.000 99900
217.000 99900
218.000 99900
219.000 99900
220.000 99242
221.000 99900
222.000 100558
223.000 99900
224.000 99900
225.000 99900
226.000 99900
227.000 99900
228.000 99900
229.000 99900
230.000 99900
231.000 99900
232.000 99900
233.000 99900
234.000 101240
235.000 98560
236.000 99242
237.000 99900
238.000 100558
239.000 99900
240.000 99242
241.000 100558
242.000 99242
243.000 101216
244.000 99242
245.000 99571
246.000 99571
247.000 100558
248.000 97902
249.000 101240
250.000 100558
251.000 99571
252.000 100229
253.000 99242
254.000 100558
255.000 99900
256.000 99571
257.000 99900
258.000 100229
259.000 99900
260.000 99571
261.000 100229
262.000 99900
263.000 99242
264.000 99900
265.000 99900
266.000 99900
267.000 100558
268.000 99242
269.000 100558
270.000 99242
271.000 100558
272.000 99900
273.000 99900
274.000 99900
275.000 99242
276.000 100558
277.000 99900
278.000 99242
279.000 100558
280.000 99900
281.000 99242
282.000 96562
283.000 103896
284.000 99900
285.000 99242
286.000 99900
287.000 99900
288.000 100558
289.000 99242
290.000 99900
291.000 99900
292.000 100558
293.000 99242
294.000 99900
295.000 100558
296.000 99242
297.000 99559
298.000 100899
299.000 99900
300.000 99900
301.000 99900
302.000 99900
303.000 99242
304.000 100558
305.000 99900
306.000 98560
307.000 101240
308.000 99242
309.000 99900
310.000 100229
311.000 99571
312.000 100558
313.000 99242
314.000 100558
315.000 99571
316.000 100229
317.000 99900
318.000 99242
319.000 100558
320.000 99242
321.000 99900
322.000 99900
323.000 100558
324.000 99900
325.000 99242
326.000 100558
327.000 99900
328.000 99242
329.000 99900
330.000 99900
331.000 99900
332.000 99900
333.000 100558
334.000 99900
335.000 99242
336.000 100558
337.000 99900
338.000 99900
339.000 97244
340.000 102556
341.000 99242
342.000 100558
343.000 99900
344.000 99900
345.000 99900
346.000 99571
347.000 99571
348.000 99900
349.000 100558
350.000 99242
351.000 99900
352.000 99900
353.000 99900
354.000 100558
355.000 99242
356.000 99900
357.000 100558
358.000 99242
359.000 99900
360.000 100558
361.000 99242
362.000 99900
363.000 99900
364.000 99900
365.000 99900
366.000 99900
367.000 100558
368.000 99242
369.000 100558
370.000 99900
371.000 99242
372.000 100558
373.000 99242
374.000 97902
375.000 101898
376.000 99900
377.000 99900
378.000 99900
379.000 99900
380.000 99900
381.000 100229
382.000 100229
383.000 99571
384.000 99571
385.000 100229
386.000 98231
387.000 101240
388.000 100229
389.000 99900
390.000 99571
391.000 99900
392.000 99900
393.000 99900
394.000 99900
395.000 99900
396.000 99900
397.000 99900
398.000 99900
399.000 99900
400.000 99900
401.000 99900
402.000 99900
403.000 99900
404.000 99900
405.000 99900
406.000 99900
407.000 99900
408.000 99218
409.000 100582
410.000 99900
411.000 99900
412.000 99900
413.000 99900
414.000 99900
415.000 99900
416.000 99900
417.000 99900
418.000 99900
419.000 99900
420.000 99900
421.000 99900
422.000 100229
423.000 100229
424.000 99242
425.000 98560
426.000 101240
427.000 98560
428.000 101240
429.000 99900
430.000 99900
431.000 99900
432.000 99900
433.000 99900
434.000 99900
435.000 99900
436.000 99900
437.000 99900
438.000 99900
439.000 99900
440.000 99900
441.000 99900
442.000 99900
443.000 98889
444.000 99571
445.000 101240
446.000 99900
447.000 99900
448.000 99900
449.000 99900
450.000 99900
451.000 99900
452.000 99900
453.000 99900
454.000 98889
455.000 100911
456.000 99900
457.000 99900
458.000 99900
459.000 99900
460.000 99900
461.000 99900
462.000 98889
463.000 100911
464.000 99900
465.000 99900
466.000 99900
467.000 98560
468.000 101240
469.000 99900
470.000 99900
471.000 99900
472.000 99900
473.000 99900
474.000 98889
475.000 100911
476.000 99900
477.000 99900
478.000 99900
479.000 99900
480.000 99900
481.000 98889
482.000 100911
483.000 99900
484.000 98560
485.000 99900
486.000 99900
487.000 101240
488.000 98560
489.000 99900
490.000 101240
491.000 98889
492.000 99571
493.000 99900
494.000 101240
495.000 98560
496.000 100229
497.000 100911
498.000 98560
499.000 100229
500.000 99571
501.000 101240
502.000 98560
503.000 99900
504.000 101240
505.000 99559
506.000 100241
507.000 99900
508.000 99900
509.000 98560
510.000 99900
511.000 99900
512.000 99900
513.000 100558
514.000 99571
515.000 99571
516.000 101240
517.000 99900
518.000 98560
519.000 99900
520.000 99900
521.000 101240
522.000 98560
523.000 101240
524.000 98889
525.000 99571
526.000 101240
527.000 97902
528.000 101898
529.000 98560
530.000 99242
531.000 100558
532.000 99900
533.000 99900
534.000 100229
535.000 99571
536.000 101240
537.000 97902
538.000 100558
539.000 100229
540.000 99571
541.000 99900
542.000 100229
543.000 100911
544.000 99900
545.000 98560
546.000 101240
547.000 98889
548.000 99571
549.000 101240
550.000 99218
551.000 99242
552.000 99242
553.000 100558
554.000 99900
555.000 101240
556.000 99900
557.000 98889
558.000 99571
559.000 100229
560.000 99571
561.000 101240
562.000 98889
563.000 99571
564.000 99900
565.000 101240
566.000 95904
567.000 102556
568.000 99242
569.000 100558
570.000 99900
571.000 99900
572.000 99900
573.000 101240
574.000 98560
575.000 99900
576.000 99900
577.000 99900
578.000 100229
579.000 99571
580.000 101240
581.000 98560
582.000 99900
583.000 99900
584.000 99900
585.000 101240
586.000 97902
587.000 89910
588.000 111888
589.000 98560
590.000 99900
591.000 99900
592.000 99900
593.000 100229
594.000 98913
595.000 100558
596.000 99900
597.000 101240
598.000 98560
599.000 99900
600.000 99900
601.000 99900
602.000 99900
603.000 99900
604.000 99242
605.000 101898
606.000 98560
607.000 99900
608.000 99900
609.000 101240
610.000 98560
611.000 101240
612.000 98560
613.000 99900
614.000 99900
615.000 99900
616.000 99900
617.000 99900
618.000 99900
619.000 99900
620.000 101240
621.000 98560
622.000 99242
623.000 101557
624.000 98901
625.000 99900
626.000 99242
627.000 100558
628.000 99900
629.000 99900
630.000 99900
631.000 99900
632.000 99242
633.000 100558
634.000 99900
635.000 99900
636.000 99242
637.000 100558
638.000 99900
639.000 99900
640.000 99900
641.000 99900
642.000 99900
643.000 99571
644.000 99571
645.000 100558
646.000 99900
647.000 99900
648.000 99900
649.000 99900
650.000 99900
651.000 99242
652.000 100558
653.000 99900
654.000 99900
655.000 99900
656.000 99900
657.000 99900
658.000 99900
659.000 99900
660.000 99900
661.000 99900
662.000 99571
663.000 100229
664.000 99900
665.000 99900
666.000 99900
667.000 99242
668.000 100558
669.000 99242
670.000 100558
671.000 99900
672.000 99900
673.000 99900
674.000 99242
675.000 100558
676.000 99900
677.000 99900
678.000 99242
679.000 100558
680.000 99900
681.000 99900
682.000 99900
683.000 99900
684.000 99900
685.000 99242
686.000 100558
687.000 99900
688.000 99242
689.000 100558
690.000 99242
691.000 100558
692.000 99242
693.000 99900
694.000 100558
695.000 99242
696.000 100558
697.000 99900
698.000 99242
699.000 100558
700.000 99242
701.000 100558
702.000 99900
703.000 99242
704.000 99900
705.000 99900
706.000 99900
707.000 100558
708.000 99242
709.000 100558
710.000 99242
711.000 99900
712.000 100558
713.000 93906
714.000 105894
715.000 99900
716.000 99242
717.000 99900
718.000 100558
719.000 99900
720.000 99242
721.000 99900
722.000 99900
723.000 100558
724.000 99242
725.000 99900
726.000 99900
727.000 99900
728.000 99900
729.000 100558
730.000 99242
731.000 99900
732.000 100558
733.000 99242
734.000 99900
735.000 98560
736.000 101898
737.000 99242
738.000 100558
739.000 99242
740.000 99900
741.000 99900
742.000 100558
743.000 99242
744.000 100558
745.000 99900
746.000 99242
747.000 100558
748.000 99242
749.000 99900
750.000 99900
751.000 99900
752.000 99900
753.000 99900
754.000 99900
755.000 99900
756.000 99900
757.000 99900
758.000 99900
759.000 99900
760.000 99900
761.000 99900
762.000 100558
763.000 99242
764.000 99900
765.000 99900
766.000 99900
767.000 99900
768.000 99900
769.000 99900
770.000 99900
771.000 99900
772.000 99900
773.000 99900
774.000 99900
775.000 100229
776.000 99571
777.000 99900
778.000 99900
779.000 99900
780.000 99900
781.000 99900
782.000 99900
783.000 99900
784.000 99900
785.000 100558
786.000 98560
787.000 100582
788.000 99900
789.000 98889
790.000 100911
791.000 99900
792.000 99900
793.000 99900
794.000 99900
795.000 99900
796.000 99900
797.000 99900
798.000 99900
799.000 99900
800.000 99900
801.000 99900
802.000 99900
803.000 99900
804.000 99900
805.000 99900
806.000 99900
807.000 99900
808.000 99900
809.000 99900
810.000 99900
811.000 99900
812.000 100558
813.000 99242
814.000 99900
815.000 99900
816.000 99900
817.000 99900
818.000 99900
819.000 100558
820.000 99242
821.000 99900
822.000 99900
823.000 99900
824.000 98560
825.000 101569
826.000 99571
827.000 99900
828.000 99900
829.000 99900
830.000 99900
831.000 99900
832.000 99900
833.000 99900
834.000 99900
835.000 99900
836.000 99900
837.000 99900
838.000 99900
839.000 99900
840.000 99900
841.000 99900
842.000 99900
843.000 99900
844.000 99900
845.000 99900
846.000 99900
847.000 99900
848.000 99900
849.000 99900
850.000 99900
851.000 99900
852.000 99900
853.000 99900
854.000 99900
855.000 99900
856.000 99218
857.000 100582
858.000 99900
859.000 99900
860.000 99900
861.000 99900
862.000 99900
863.000 99900
864.000 99900
865.000 99900
866.000 99900
867.000 98560
868.000 101240
869.000 99900
870.000 99900
871.000 98889
872.000 100911
873.000 99900
874.000 99900
875.000 99900
876.000 99900
877.000 99900
878.000 99900
879.000 99900
880.000 99900
881.000 99900
882.000 99900
883.000 99900
884.000 99900
885.000 98560
886.000 100558
887.000 100582
888.000 99900
889.000 97902
890.000 101898
891.000 99900
892.000 99900
893.000 99900
894.000 99900
895.000 99900
896.000 99900
897.000 98560
898.000 99242
899.000 100558
900.000 99900
901.000 101240
902.000 98560
903.000 101240
904.000 99900
905.000 98560
906.000 100229
907.000 100911
908.000 99900
909.000 99900
910.000 98560
911.000 100558
912.000 100582
913.000 99900
914.000 98560
915.000 101240
916.000 98889
917.000 100911
918.000 99900
919.000 99900
920.000 99900
921.000 99900
922.000 98560
923.000 101240
924.000 99900
925.000 98560
926.000 101240
927.000 99900
928.000 98560
929.000 93906
930.000 107234
931.000 98560
932.000 101240
933.000 98560
934.000 99900
935.000 101240
936.000 99900
937.000 98560
938.000 99900
939.000 101240
940.000 97902
941.000 99900
942.000 100558
943.000 99900
944.000 101240
945.000 99900
946.000 99900
947.000 98560
948.000 99242
949.000 101898
950.000 98560
951.000 101240
952.000 99900
953.000 98560
954.000 101240
955.000 98560
956.000 99900
957.000 101240
958.000 99900
959.000 99900
960.000 99900
961.000 98560
962.000 101240
963.000 98560
964.000 99900
965.000 99900
966.000 99900
967.000 99900
968.000 101240
969.000 99900
970.000 99900
971.000 99900
972.000 99900
973.000 98560
974.000 99571
975.000 100229
976.000 101240
977.000 98560
978.000 101240
979.000 99900
980.000 98560
981.000 101240
982.000 98560
983.000 99900
984.000 99571
985.000 101569
986.000 98560
987.000 99242
988.000 100558
989.000 101240
990.000 98889
991.000 99571
992.000 99900
993.000 99900
994.000 99900
995.000 99242
996.000 99900
997.000 100558
998.000 99900
999.000 101240
1000.000 99900
1001.000 98560
1002.000 101240
1003.000 99900
1004.000 97902
1005.000 100558
1006.000 99900
1007.000 99242
1008.000 101898
1009.000 99900
1010.000 98560
1011.000 99242
1012.000 100558
1013.000 99900
1014.000 99900
1015.000 99900
1016.000 101240
1017.000 97902
1018.000 100558
1019.000 99900
1020.000 99900
1021.000 99571
1022.000 101569
1023.000 98560
1024.000 100899
1025.000 99230
1026.000 100911
1027.000 98560
1028.000 99242
1029.000 98560
1030.000 101240
1031.000 100558
1032.000 99571
1033.000 100229
1034.000 99900
1035.000 99900
1036.000 99900
1037.000 99900
1038.000 99900
1039.000 99571
1040.000 99571
1041.000 100558
1042.000 99900
1043.000 99900
1044.000 99900
1045.000 99900
1046.000 99900
1047.000 99242
1048.000 100558
1049.000 99900
1050.000 99900
1051.000 87912
1052.000 111888
1053.000 99900
1054.000 101240
1055.000 98560
1056.000 99242
1057.000 100558
1058.000 99900
1059.000 99900
1060.000 99900
1061.000 99242
1062.000 100558
1063.000 99900
1064.000 99900
1065.000 99900
1066.000 99900
1067.000 99242
1068.000 100558
1069.000 99900
1070.000 99242
1071.000 100558
1072.000 99900
1073.000 99242
1074.000 100558
1075.000 99900
1076.000 99900
1077.000 99242
1078.000 100558
1079.000 99571
1080.000 99571
1081.000 100558
1082.000 99900
1083.000 99900
1084.000 99900
1085.000 99242
1086.000 100558
1087.000 99900
1088.000 99242
1089.000 100558
1090.000 99242
1091.000 99900
1092.000 100229
1093.000 99900
1094.000 99571
1095.000 100558
1096.000 99242
1097.000 99900
1098.000 100558
1099.000 99571
1100.000 99571
1101.000 100558
1102.000 99242
1103.000 99900
1104.000 98560
1105.000 101898
1106.000 99242
1107.000 99900
1108.000 99900
1109.000 99900
1110.000 99900
1111.000 99900
1112.000 100558
1113.000 99900
1114.000 99242
1115.000 100558
1116.000 99242
1117.000 99900
1118.000 99900
1119.000 100229
1120.000 99571
1121.000 100558
1122.000 99242
1123.000 99900
1124.000 99900
1125.000 99900
1126.000 99900
1127.000 99900
1128.000 99900
1129.000 99900
1130.000 100229
1131.000 99571
1132.000 99900
1133.000 100229
1134.000 100229
1135.000 99242
1136.000 99900
1137.000 92566
1138.000 107234
1139.000 99900
1140.000 99900
1141.000 100558
1142.000 99242
1143.000 100229
1144.000 99571
1145.000 100558
1146.000 99900
1147.000 99242
1148.000 100558
1149.000 99242
1150.000 100558
1151.000 99900
1152.000 99900
1153.000 99242
1154.000 100558
1155.000 99900
1156.000 99571
1157.000 99571
1158.000 99900
1159.000 99900
1160.000 99900
1161.000 100229
1162.000 100229
1163.000 99242
1164.000 100558
1165.000 99242
1166.000 99900
1167.000 100558
1168.000 99900
1169.000 99900
1170.000 99242
1171.000 100558
1172.000 99242
1173.000 99900
1174.000 99900
1175.000 99900
1176.000 99900
1177.000 100558
1178.000 99242
1179.000 99900
1180.000 99900
1181.000 100558
1182.000 99242
1183.000 99900
1184.000 99900
1185.000 100229
1186.000 100229
1187.000 97902
1188.000 101898
1189.000 99242
1190.000 99900
1191.000 99900
1192.000 99900
1193.000 99900
1194.000 98889
1195.000 101569
1196.000 99900
1197.000 99242
1198.000 99900
1199.000 99900
1200.000 99900
1201.000 99900
1202.000 100558
1203.000 99242
1204.000 98889
1205.000 100911
1206.000 99900
1207.000 99900
1208.000 99900
1209.000 99900
1210.000 99900
1211.000 99900
1212.000 99900
1213.000 99900
1214.000 99900
1215.000 99900
1216.000 99900
1217.000 99900
1218.000 99900
1219.000 100229
1220.000 99900
1221.000 99571
1222.000 99900
1223.000 99900
1224.000 99900
1225.000 99900
1226.000 100558
1227.000 99242
1228.000 99900
1229.000 99900
1230.000 99900
1231.000 99900
1232.000 99900
1233.000 99900
1234.000 94564
1235.000 105236
1236.000 100558
1237.000 99242
1238.000 100558
1239.000 99242
1240.000 99900
1241.000 99900
1242.000 99900
1243.000 99900
1244.000 99900
1245.000 99900
1246.000 99218
1247.000 100582
1248.000 99900
1249.000 99900
1250.000 99900
1251.000 99900
1252.000 99900
1253.000 99900
1254.000 98560
1255.000 99900
1256.000 99900
1257.000 98560
1258.000 101898
1259.000 99242
1260.000 99900
1261.000 99900
1262.000 99900
1263.000 100558
1264.000 99242
1265.000 99900
1266.000 99900
1267.000 98560
1268.000 101898
1269.000 99900
1270.000 99242
1271.000 98560
1272.000 101240
1273.000 99900
1274.000 99900
1275.000 99900
1276.000 98560
1277.000 101240
1278.000 100229
1279.000 99571
1280.000 99900
1281.000 98560
1282.000 101240
1283.000 99900
1284.000 100558
1285.000 99242
1286.000 99900
1287.000 99900
1288.000 98560
1289.000 101240
1290.000 98560
1291.000 101240
1292.000 99900
1293.000 99900
1294.000 99900
1295.000 99900
1296.000 99900
1297.000 98560
1298.000 101240
1299.000 98560
1300.000 101240
1301.000 99900
1302.000 99900
1303.000 99900
1304.000 97902
1305.000 101898
1306.000 98560
1307.000 101240
1308.000 98560
1309.000 99900
1310.000 101240
1311.000 99218
1312.000 100582
1313.000 99900
1314.000 99900
1315.000 99900
1316.000 99900
1317.000 99900
1318.000 98560
1319.000 101240
1320.000 99900
1321.000 99900
1322.000 98560
1323.000 101240
1324.000 99900
1325.000 98560
1326.000 101240
1327.000 99900
1328.000 99900
1329.000 98560
1330.000 100229
1331.000 99571
1332.000 101240
1333.000 99900
1334.000 99900
1335.000 98560
1336.000 101240
1337.000 99900
1338.000 98560
1339.000 101240
1340.000 99900
1341.000 99900
1342.000 99900
1343.000 99900
1344.000 86572
1345.000 113228
1346.000 98560
1347.000 99900
1348.000 101240
1349.000 98889
1350.000 99571
1351.000 99900
1352.000 99900
1353.000 101240
1354.000 99900
1355.000 98560
1356.000 101240
1357.000 98560
1358.000 99900
1359.000 101240
1360.000 99900
1361.000 98560
1362.000 99900
1363.000 99900
1364.000 97902
1365.000 101898
1366.000 101240
1367.000 98560
1368.000 100558
1369.000 99242
1370.000 99900
1371.000 99900
1372.000 100229
1373.000 99571
1374.000 95904
1375.000 104895
1376.000 98901
1377.000 100229
1378.000 99900
1379.000 99571
1380.000 101240
1381.000 98560
1382.000 101240
1383.000 90568
1384.000 109232
1385.000 98560
1386.000 99900
1387.000 99900
1388.000 101240
1389.000 98560
1390.000 99900
1391.000 101240
1392.000 98889
1393.000 99571
1394.000 99900
1395.000 101240
1396.000 99900
1397.000 98560
1398.000 99900
1399.000 93248
1400.000 106552
1401.000 101240
1402.000 98560
1403.000 99900
1404.000 99900
1405.000 99900
1406.000 99900
1407.000 99900
1408.000 99900
1409.000 99900
1410.000 101240
1411.000 98560
1412.000 99900
1413.000 99900
1414.000 99900
1415.000 99900
1416.000 99900
1417.000 101240
1418.000 98560
1419.000 99900
1420.000 99900
1421.000 99900
1422.000 99900
1423.000 99900
1424.000 99900
1425.000 99900
1426.000 99900
1427.000 97902
1428.000 99900
1429.000 101898
1430.000 101240
1431.000 98560
1432.000 99900
1433.000 99900
1434.000 99900
1435.000 99900
1436.000 99900
1437.000 99900
1438.000 99900
1439.000 99900
1440.000 99900
1441.000 99900
1442.000 99900
1443.000 99900
1444.000 93248
1445.000 106552
1446.000 99900
1447.000 99900
1448.000 99900
1449.000 99900
1450.000 99900
1451.000 99900
1452.000 99900
1453.000 99900
1454.000 99900
1455.000 99900
1456.000 99900
1457.000 99900
1458.000 99900
1459.000 99900
1460.000 99900
1461.000 99900
1462.000 99900
1463.000 99900
1464.000 99900
1465.000 99900
1466.000 99900
1467.000 99900
1468.000 99900
1469.000 99900
1470.000 99900
1471.000 99900
1472.000 99900
1473.000 99900
1474.000 99900
1475.000 99900
1476.000 99900
1477.000 99900
1478.000 99900
1479.000 99900
1480.000 99900
1481.000 99242
1482.000 100558
1483.000 99900
1484.000 99900
1485.000 99900
1486.000 99900
1487.000 99900
1488.000 99900
1489.000 99900
1490.000 99900
1491.000 99900
1492.000 99900
1493.000 99900
1494.000 99900
1495.000 99242
1496.000 100558
1497.000 99900
1498.000 99900
1499.000 99900
1500.000 99900
1501.000 99900
1502.000 99900
1503.000 99900
1504.000 99242
1505.000 100558
1506.000 99900
1507.000 99900
1508.000 99900
1509.000 99242
1510.000 100229
1511.000 100229
1512.000 99900
1513.000 99900
1514.000 99900
1515.000 99900
1516.000 99900
1517.000 99242
1518.000 100558
1519.000 99900
1520.000 99900
1521.000 99900
1522.000 99900
1523.000 99900
1524.000 99900
1525.000 99900
1526.000 99571
1527.000 100229
1528.000 99900
1529.000 99900
1530.000 99900
1531.000 99242
1532.000 100558
1533.000 99900
1534.000 99900
1535.000 99900
1536.000 99242
1537.000 100558
1538.000 99900
1539.000 99900
1540.000 99900
1541.000 99900
1542.000 99242
1543.000 100558
1544.000 99900
1545.000 99900
1546.000 99900
1547.000 99900
1548.000 99242
1549.000 100558
1550.000 97902
1551.000 101240
1552.000 100558
1553.000 97902
1554.000 101898
1555.000 99242
1556.000 98560
1557.000 101898
1558.000 99242
1559.000 100558
1560.000 99242
1561.000 100558
1562.000 99900
1563.000 99900
1564.000 99900
1565.000 99900
1566.000 97902
1567.000 101240
1568.000 100558
1569.000 99900
1570.000 99900
1571.000 99900
1572.000 99242
1573.000 100558
1574.000 97244
1575.000 101898
1576.000 100558
1577.000 99900
1578.000 99900
1579.000 99242
1580.000 100558
1581.000 99900
1582.000 99242
1583.000 98560
1584.000 99900
1585.000 101240
1586.000 97902
1587.000 100558
1588.000 101240
1589.000 98560
1590.000 101898
1591.000 99242
1592.000 100558
1593.000 99900
1594.000 99242
1595.000 99900
1596.000 100558
1597.000 99900
1598.000 99900
1599.000 99242
1600.000 99900
1601.000 99900
1602.000 100558
1603.000 99242
1604.000 100558
1605.000 97902
1606.000 99900
1607.000 101240
1608.000 100558
1609.000 99242
1610.000 100558
1611.000 99900
1612.000 99242
1613.000 98560
1614.000 101898
1615.000 99242
1616.000 99900
1617.000 98560
1618.000 101898
1619.000 99900
1620.000 99242
1621.000 100558
1622.000 99242
1623.000 98560
1624.000 101898
1625.000 99242
1626.000 98560
1627.000 101240
1628.000 99900
1629.000 99900
1630.000 98560
1631.000 101240
1632.000 98560
1633.000 101240
1634.000 99900
1635.000 99900
1636.000 98560
1637.000 101240
1638.000 100558
1639.000 99242
1640.000 100558
1641.000 99242
1642.000 99900
1643.000 100558
1644.000 99900
1645.000 99900
1646.000 99242
1647.000 99900
1648.000 99900
1649.000 100558
1650.000 98560
1651.000 101240
1652.000 99242
1653.000 99900
1654.000 99900
1655.000 98560
1656.000 101240
1657.000 100558
1658.000 99242
1659.000 99900
1660.000 99900
1661.000 99900
1662.000 99900
1663.000 99900
1664.000 99900
1665.000 100558
1666.000 99242
1667.000 98889
1668.000 100911
1669.000 99900
1670.000 99900
1671.000 99900
1672.000 99900
1673.000 99900
1674.000 99900
1675.000 99900
1676.000 99900
1677.000 99900
1678.000 99900
1679.000 99900
1680.000 100558
1681.000 99242
1682.000 99900
1683.000 99900
1684.000 99900
1685.000 99900
1686.000 99900
1687.000 99900
1688.000 99900
1689.000 99900
1690.000 99900
1691.000 99900
1692.000 99900
1693.000 99900
1694.000 99900
1695.000 99900
1696.000 99900
1697.000 99900
1698.000 99900
1699.000 99900
1700.000 99900
1701.000 99900
1702.000 98560
1703.000 101240
1704.000 99900
1705.000 99900
1706.000 99900
1707.000 99900
1708.000 98889
1709.000 100911
1710.000 98560
1711.000 101240
1712.000 99900
1713.000 98560
1714.000 99900
1715.000 101240
1716.000 99900
1717.000 98560
1718.000 101240
1719.000 98560
1720.000 101240
1721.000 98560
1722.000 99900
1723.000 99900
1724.000 101240
1725.000 98560
1726.000 99900
1727.000 101240
1728.000 98560
1729.000 101240
1730.000 99218
1731.000 99242
1732.000 101240
1733.000 98560
1734.000 99900
1735.000 99900
1736.000 99900
1737.000 99900
1738.000 99900
1739.000 99900
1740.000 101240
1741.000 98560
1742.000 99900
1743.000 99900
1744.000 99900
1745.000 100229
1746.000 100911
1747.000 98560
1748.000 101240
1749.000 99900
1750.000 98560
1751.000 99900
1752.000 99900
1753.000 99900
1754.000 99900
1755.000 101240
1756.000 98560
1757.000 99900
1758.000 99900
1759.000 93577
1760.000 106223
1761.000 99900
1762.000 100229
1763.000 99571
1764.000 99900
1765.000 99900
1766.000 99900
1767.000 99900
1768.000 101240
1769.000 99218
1770.000 99242
1771.000 99900
1772.000 101240
1773.000 98560
1774.000 101240
1775.000 98560
1776.000 97902
1777.000 101898
1778.000 99900
1779.000 99900
1780.000 101240
1781.000 99900
1782.000 98560
1783.000 99900
1784.000 99900
1785.000 99900
1786.000 99900
1787.000 99900
1788.000 101240
1789.000 98560
1790.000 99900
1791.000 99900
1792.000 99900
1793.000 99900
1794.000 101240
1795.000 98560
1796.000 99900
1797.000 99900
1798.000 99900
1799.000 99900
1800.000 99900
1801.000 99571
1802.000 100229
1803.000 99900
1804.000 99900
1805.000 101240
1806.000 98560
1807.000 99900
1808.000 101240
1809.000 97902
1810.000 100558
1811.000 99900
1812.000 99900
1813.000 99900
1814.000 99900
1815.000 99900
1816.000 99900
1817.000 99900
1818.000 99900
1819.000 99900
1820.000 99900
1821.000 99900
1822.000 99900
1823.000 99900
1824.000 99900
1825.000 99900
1826.000 99900
1827.000 99900
1828.000 99900
1829.000 99900
1830.000 99900
1831.000 101240
1832.000 99900
1833.000 98560
1834.000 99900
1835.000 100558
1836.000 100582
1837.000 98560
1838.000 99900
1839.000 99900
1840.000 99900
1841.000 99900
1842.000 99900
1843.000 99900
1844.000 99900
1845.000 99900
1846.000 99900
1847.000 99900
1848.000 99900
1849.000 99900
1850.000 99900
1851.000 99900
1852.000 99900
1853.000 99900
1854.000 99900
1855.000 97902
1856.000 101898
1857.000 99900
1858.000 99900
1859.000 99900
1860.000 99900
1861.000 99900
1862.000 99900
1863.000 101240
1864.000 98560
1865.000 99242
1866.000 100558
1867.000 99900
1868.000 99242
1869.000 101898
1870.000 98560
1871.000 101240
1872.000 98560
1873.000 99900
1874.000 99900
1875.000 99900
1876.000 99900
1877.000 99900
1878.000 99900
1879.000 99900
1880.000 99900
1881.000 99900
1882.000 97902
1883.000 101898
1884.000 99900
1885.000 99900
1886.000 99900
1887.000 99900
1888.000 99900
1889.000 101240
1890.000 98560
1891.000 99900
1892.000 99900
1893.000 99900
1894.000 99900
1895.000 99900
1896.000 99900
1897.000 99900
1898.000 99900
1899.000 99900
1900.000 99900
1901.000 99900
1902.000 101240
1903.000 98560
1904.000 99900
1905.000 99242
1906.000 100558
1907.000 99900
1908.000 99242
1909.000 100558
1910.000 99900
1911.000 99900
1912.000 98901
1913.000 100899
1914.000 99900
1915.000 99900
1916.000 99900
1917.000 99242
1918.000 99218
1919.000 101240
1920.000 99900
1921.000 99900
1922.000 99900
1923.000 99900
1924.000 99900
1925.000 97902
1926.000 101240
1927.000 100558
1928.000 99900
1929.000 99900
1930.000 99900
1931.000 101240
1932.000 98560
1933.000 99900
1934.000 99900
1935.000 97902
1936.000 101898
1937.000 99900
1938.000 99900
1939.000 99900
1940.000 99242
1941.000 100558
1942.000 99242
1943.000 100558
1944.000 99900
1945.000 99242
1946.000 100558
1947.000 99900
1948.000 99900
1949.000 99900
1950.000 99900
1951.000 99900
1952.000 99900
1953.000 99900
1954.000 99900
1955.000 99900
1956.000 99900
1957.000 99900
1958.000 99900
1959.000 99900
1960.000 99900
1961.000 99242
1962.000 99900
1963.000 100558
1964.000 99900
1965.000 99900
1966.000 99242
1967.000 99900
1968.000 99900
1969.000 100558
1970.000 99242
1971.000 100558
1972.000 99900
1973.000 99242
1974.000 100558
1975.000 99242
1976.000 99900
1977.000 100558
1978.000 99242
1979.000 100558
1980.000 99900
1981.000 99900
1982.000 99242
1983.000 100229
1984.000 99571
1985.000 100558
1986.000 99900
1987.000 99900
1988.000 99900
1989.000 97902
1990.000 99900
1991.000 101240
1992.000 100558
1993.000 99900
1994.000 99900
1995.000 99900
1996.000 99571
1997.000 100229
1998.000 97902
1999.000 101898
2000.000 99900
2001.000 99900
2002.000 99242
2003.000 99900
2004.000 100558
2005.000 99900
2006.000 97902
2007.000 101240
2008.000 100558
2009.000 99242
2010.000 100558
2011.000 99900
2012.000 99900
2013.000 99900
2014.000 99900
2015.000 99900
2016.000 99900
2017.000 99900
2018.000 99242
2019.000 99900
2020.000 99900
2021.000 99900
2022.000 100558
2023.000 99242
2024.000 99559
2025.000 100241
2026.000 100558
2027.000 99900
2028.000 99900
2029.000 99900
2030.000 99242
2031.000 99900
2032.000 99900
2033.000 99900
2034.000 100558
2035.000 97902
2036.000 101240
2037.000 100558
2038.000 99900
2039.000 99242
2040.000 99900
2041.000 99900
2042.000 100558
2043.000 99242
2044.000 99900
2045.000 99900
2046.000 99900
2047.000 98560
2048.000 101240
2049.000 100229
2050.000 100229
2051.000 99900
2052.000 99242
2053.000 99900
2054.000 99900
2055.000 99900
2056.000 100558
2057.000 99242
2058.000 99900
2059.000 99900
2060.000 99900
2061.000 99900
2062.000 100558
2063.000 99242
2064.000 99900
2065.000 98560
2066.000 99900
2067.000 99900
2068.000 101240
2069.000 99900
2070.000 99900
2071.000 100558
2072.000 99900
2073.000 99900
2074.000 99242
2075.000 99900
2076.000 99900
2077.000 99900
2078.000 99900
2079.000 99900
2080.000 100229
2081.000 99571
2082.000 99900
2083.000 99900
2084.000 99900
2085.000 99900
2086.000 99900
2087.000 99900
2088.000 99900
2089.000 99900
2090.000 99900
2091.000 99900
2092.000 99900
2093.000 98560
2094.000 101240
2095.000 99900
2096.000 99900
2097.000 99900
2098.000 98560
2099.000 101240
2100.000 99900
2101.000 99900
2102.000 98560
2103.000 101240
2104.000 99900
2105.000 98560
2106.000 100229
2107.000 100570
2108.000 98901
2109.000 101240
2110.000 98560
2111.000 101240
2112.000 100558
2113.000 98231
2114.000 101569
2115.000 97902
2116.000 101240
2117.000 99900
2118.000 99900
2119.000 99900
2120.000 99900
2121.000 98889
2122.000 101569
2123.000 99242
2124.000 99900
2125.000 99900
2126.000 99900
2127.000 99900
2128.000 99900
2129.000 98889
2130.000 99571
2131.000 99900
2132.000 101240
2133.000 99900
2134.000 99900
2135.000 100558
2136.000 99242
2137.000 98560
2138.000 101240
2139.000 98560
2140.000 101240
2141.000 98560
2142.000 100229
2143.000 100911
2144.000 99900
2145.000 100558
2146.000 99242
2147.000 99900
2148.000 99218
2149.000 100582
2150.000 99900
2151.000 98560
2152.000 101240
2153.000 99900
2154.000 99900
2155.000 99900
2156.000 98560
2157.000 101240
2158.000 99900
2159.000 98889
2160.000 100911
2161.000 98560
2162.000 101240
2163.000 99900
2164.000 99900
2165.000 98560
2166.000 100229
2167.000 99571
2168.000 99900
2169.000 101240
2170.000 98560
2171.000 101240
2172.000 98560
2173.000 99900
2174.000 99900
2175.000 100558
2176.000 100582
2177.000 99900
2178.000 98889
2179.000 99571
2180.000 101240
2181.000 98560
2182.000 79920
