# Slice: URLLC | 112.217.128.203:14569 -> 10.215.173.1:49003 (UDP)
# offset_sec  packet_size_bytes
0.000 69930
1.000 99900
2.000 99900
3.000 99900
4.000 99900
5.000 99900
6.000 99900
7.000 98560
8.000 101240
9.000 99900
10.000 99900
11.000 99900
12.000 99900
13.000 98889
14.000 100911
15.000 99900
16.000 96891
17.000 102909
18.000 99900
19.000 99900
20.000 99900
21.000 99900
22.000 99900
23.000 99900
24.000 98889
25.000 99571
26.000 101240
27.000 99900
28.000 98560
29.000 101240
30.000 99900
31.000 97902
32.000 101898
33.000 99900
34.000 99900
35.000 99900
36.000 98560
37.000 101240
38.000 98889
39.000 99900
40.000 99900
41.000 100911
42.000 99900
43.000 97902
44.000 101898
45.000 99900
46.000 99900
47.000 99900
48.000 99900
49.000 98560
50.000 101240
51.000 99900
52.000 99900
53.000 99900
54.000 99900
55.000 99900
56.000 99900
57.000 99900
58.000 99900
59.000 99900
60.000 99900
61.000 99900
62.000 98560
63.000 99900
64.000 101240
65.000 99900
66.000 99218
67.000 100582
68.000 99900
69.000 99900
70.000 99900
71.000 98560
72.000 101240
73.000 99900
74.000 99900
75.000 98560
76.000 99900
77.000 101240
78.000 99900
79.000 99900
80.000 99900
81.000 99900
82.000 98560
83.000 101240
84.000 98560
85.000 101240
86.000 99900
87.000 99900
88.000 98560
89.000 101240
90.000 99900
91.000 98560
92.000 101240
93.000 98560
94.000 101240
95.000 98560
96.000 99900
97.000 99900
98.000 99900
99.000 101240
100.000 98560
101.000 101240
102.000 98560
103.000 101240
104.000 98560
105.000 99900
106.000 99900
107.000 99900
108.000 99900
109.000 99900
110.000 99900
111.000 99900
112.000 100229
113.000 100911
114.000 98560
115.000 99900
116.000 99242
117.000 100558
118.000 99900
119.000 99900
120.000 99900
121.000 99900
122.000 99900
123.000 99900
124.000 99900
125.000 99900
126.000 101240
127.000 99900
128.000 99900
129.000 99900
130.000 98560
131.000 100229
132.000 99571
133.000 99242
134.000 100558
135.000 99900
136.000 99900
137.000 99900
138.000 99900
139.000 99900
140.000 99900
141.000 99900
142.000 99900
143.000 99900
144.000 99571
145.000 99230
146.000 100899
147.000 99900
148.000 99900
149.000 101240
150.000 98560
151.000 100229
152.000 99571
153.000 101240
154.000 98560
155.000 101240
156.000 99900
157.000 99900
158.000 98560
159.000 101240
160.000 98560
161.000 99900
162.000 99900
163.000 99900
164.000 99900
165.000 99900
166.000 99900
167.000 99900
168.000 99900
169.000 99900
170.000 99900
171.000 99900
172.000 101240
173.000 98560
174.000 99900
175.000 99900
176.000 99242
177.000 100558
178.000 99900
179.000 99900
180.000 99900
181.000 99900
182.000 99900
183.000 99900
184.000 99900
185.000 99900
186.000 99900
187.000 99900
188.000 99900
189.000 99900
190.000 99900
191.000 99900
192.000 99900
193.000 99900
194.000 99900
195.000 99900
196.000 99900
197.000 99900
198.000 99242
199.000 98889
200.000 100911
201.000 100558
202.000 99242
203.000 99900
204.000 100558
205.000 99900
206.000 99900
207.000 99900
208.000 99900
209.000 99571
210.000 99571
211.000 99559
212.000 100899
213.000 99900
214.000 99900
215.000 99900
216.000 99900
217.000 99242
218.000 100558
219.000 99242
220.000 100558
221.000 99900
222.000 99242
223.000 99900
224.000 100558
225.000 99900
226.000 99900
227.000 99900
228.000 99900
229.000 99900
230.000 99900
231.000 99900
232.000 99242
233.000 99900
234.000 100558
235.000 99900
236.000 99900
237.000 99242
238.000 99900
239.000 100558
240.000 99242
241.000 100558
242.000 99242
243.000 100558
244.000 99900
245.000 99900
246.000 99900
247.000 99900
248.000 99900
249.000 99242
250.000 100558
251.000 99242
252.000 100558
253.000 99571
254.000 100229
255.000 99900
256.000 99900
257.000 99900
258.000 99900
259.000 99242
260.000 99900
261.000 99900
262.000 100229
263.000 99900
264.000 100229
265.000 99900
266.000 99242
267.000 100558
268.000 99242
269.000 99900
270.000 100558
271.000 99242
272.000 100558
273.000 99900
274.000 99900
275.000 99242
276.000 99900
277.000 99900
278.000 99900
279.000 100558
280.000 99242
281.000 100558
282.000 99900
283.000 99242
284.000 100558
285.000 99242
286.000 99900
287.000 99900
288.000 99900
289.000 99900
290.000 100558
291.000 99900
292.000 99242
293.000 100558
294.000 99242
295.000 99900
296.000 100558
297.000 99571
298.000 100229
299.000 99900
300.000 99242
301.000 100558
302.000 99900
303.000 99242
304.000 99900
305.000 99900
306.000 99900
307.000 99900
308.000 100558
309.000 99242
310.000 99900
311.000 99900
312.000 100558
313.000 99900
314.000 99242
315.000 99900
316.000 99900
317.000 99900
318.000 99900
319.000 99900
320.000 99900
321.000 99900
322.000 99900
323.000 99900
324.000 99900
325.000 99900
326.000 100558
327.000 99900
328.000 99242
329.000 100558
330.000 99242
331.000 99900
332.000 99900
333.000 100558
334.000 99900
335.000 99571
336.000 100229
337.000 99242
338.000 100558
339.000 99242
340.000 99900
341.000 100558
342.000 99242
343.000 99900
344.000 99900
345.000 99900
346.000 99900
347.000 98560
348.000 101569
349.000 99571
350.000 99900
351.000 99900
352.000 99900
353.000 99900
354.000 99900
355.000 98889
356.000 100911
357.000 99900
358.000 99900
359.000 99900
360.000 99900
361.000 99900
362.000 99218
363.000 100582
364.000 99900
365.000 99900
366.000 99900
367.000 99900
368.000 99900
369.000 99900
370.000 99900
371.000 99900
372.000 99900
373.000 99900
374.000 99900
375.000 99900
376.000 99900
377.000 99900
378.000 99900
379.000 98560
380.000 101240
381.000 99900
382.000 99900
383.000 99900
384.000 99900
385.000 98889
386.000 100911
387.000 99900
388.000 99900
389.000 99900
390.000 99900
391.000 99900
392.000 99900
393.000 99900
394.000 99900
395.000 98560
396.000 99900
397.000 99900
398.000 101240
399.000 98560
400.000 101240
401.000 99900
402.000 99900
403.000 99900
404.000 99900
405.000 99900
406.000 99900
407.000 98889
408.000 100911
409.000 99900
410.000 99900
411.000 99900
412.000 99900
413.000 99900
414.000 99900
415.000 99900
416.000 99900
417.000 98560
418.000 99900
419.000 99900
420.000 101240
421.000 98560
422.000 99900
423.000 101240
424.000 99900
425.000 99900
426.000 98560
427.000 99900
428.000 100229
429.000 99571
430.000 101240
431.000 99900
432.000 99900
433.000 98560
434.000 101240
435.000 99900
436.000 98560
437.000 99900
438.000 101240
439.000 98560
440.000 99900
441.000 100229
442.000 99571
443.000 99900
444.000 101240
445.000 98560
446.000 101240
447.000 99900
448.000 98560
449.000 100558
450.000 100582
451.000 99900
452.000 99900
453.000 98560
454.000 101240
455.000 98560
456.000 101240
457.000 99900
458.000 99900
459.000 99900
460.000 98560
461.000 101240
462.000 98560
463.000 100229
464.000 99571
465.000 99900
466.000 99900
467.000 99900
468.000 99900
469.000 99900
470.000 101240
471.000 98560
472.000 99900
473.000 99900
474.000 101240
475.000 99900
476.000 99900
477.000 98560
478.000 100558
479.000 99242
480.000 99900
481.000 99900
482.000 100229
483.000 100911
484.000 98560
485.000 101240
486.000 99900
487.000 99900
488.000 99900
489.000 98560
490.000 101240
491.000 98560
492.000 99900
493.000 101240
494.000 98889
495.000 99900
496.000 99571
497.000 99900
498.000 101240
499.000 99900
500.000 98560
501.000 99242
502.000 100558
503.000 99900
504.000 99900
505.000 99900
506.000 99900
507.000 99900
508.000 101240
509.000 98560
510.000 99900
511.000 99900
512.000 99900
513.000 100899
514.000 98901
515.000 100558
516.000 99242
517.000 99900
518.000 99900
519.000 99900
520.000 99900
521.000 99900
522.000 99900
523.000 99900
524.000 99900
525.000 99900
526.000 99900
527.000 99900
528.000 99242
529.000 100558
530.000 99900
531.000 99900
532.000 99242
533.000 100558
534.000 99900
535.000 99900
536.000 99900
537.000 99900
538.000 99900
539.000 99900
540.000 99900
541.000 99900
542.000 99900
543.000 99900
544.000 99900
545.000 99242
546.000 100558
547.000 99900
548.000 99242
549.000 100558
550.000 99900
551.000 99900
552.000 99900
553.000 99900
554.000 99900
555.000 99900
556.000 99900
557.000 99242
558.000 99900
559.000 100558
560.000 99242
561.000 100558
562.000 99900
563.000 99900
564.000 99571
565.000 100229
566.000 99900
567.000 99900
568.000 99242
569.000 99900
570.000 100558
571.000 99242
572.000 100558
573.000 99900
574.000 99242
575.000 100558
576.000 99571
577.000 100229
578.000 99571
579.000 100229
580.000 99900
581.000 99900
582.000 99900
583.000 99900
584.000 99900
585.000 99900
586.000 99900
587.000 99900
588.000 99242
589.000 100558
590.000 99571
591.000 100229
592.000 99900
593.000 99900
594.000 99242
595.000 100558
596.000 99900
597.000 99900
598.000 99900
599.000 99900
600.000 99900
601.000 99900
602.000 99900
603.000 99900
604.000 99242
605.000 100558
606.000 99900
607.000 99242
608.000 100558
609.000 99900
610.000 99900
611.000 99900
612.000 99900
613.000 99900
614.000 98560
615.000 100911
616.000 99571
617.000 100229
618.000 100229
619.000 99900
620.000 99900
621.000 99242
622.000 100558
623.000 99900
624.000 99900
625.000 99900
626.000 99900
627.000 99900
628.000 99900
629.000 99242
630.000 99900
631.000 99900
632.000 100558
633.000 99242
634.000 100558
635.000 99900
636.000 99900
637.000 99571
638.000 99571
639.000 100229
640.000 99571
641.000 100558
642.000 99900
643.000 99900
644.000 99242
645.000 100558
646.000 99900
647.000 99900
648.000 99900
649.000 99900
650.000 99242
651.000 100558
652.000 99900
653.000 99900
654.000 99900
655.000 99900
656.000 99900
657.000 99900
658.000 99571
659.000 99571
660.000 100558
661.000 99900
662.000 99242
663.000 99900
664.000 100558
665.000 99242
666.000 100229
667.000 99571
668.000 99900
669.000 100558
670.000 99242
671.000 99900
672.000 100558
673.000 99242
674.000 99900
675.000 99900
676.000 99900
677.000 100558
678.000 99242
679.000 100558
680.000 99242
681.000 99900
682.000 100558
683.000 99900
684.000 99242
685.000 99900
686.000 100558
687.000 98231
688.000 100911
689.000 98560
690.000 101240
691.000 100229
692.000 99571
693.000 99900
694.000 100558
695.000 99900
696.000 99242
697.000 99900
698.000 99900
699.000 99900
700.000 99900
701.000 99900
702.000 98560
703.000 101898
704.000 99242
705.000 99900
706.000 100229
707.000 99571
708.000 99900
709.000 100558
710.000 99242
711.000 99900
712.000 99900
713.000 100558
714.000 99242
715.000 99900
716.000 99900
717.000 99900
718.000 100229
719.000 99571
720.000 100558
721.000 99242
722.000 99900
723.000 99900
724.000 99900
725.000 99900
726.000 99900
727.000 99900
728.000 99900
729.000 99900
730.000 99900
731.000 99900
732.000 99900
733.000 99900
734.000 99900
735.000 99900
736.000 100558
737.000 99900
738.000 99242
739.000 99900
740.000 99900
741.000 99900
742.000 99900
743.000 99900
744.000 99900
745.000 99900
746.000 99900
747.000 99900
748.000 98560
749.000 99900
750.000 101240
751.000 99900
752.000 99900
753.000 98889
754.000 100229
755.000 100582
756.000 99900
757.000 99900
758.000 99900
759.000 98889
760.000 100911
761.000 99900
762.000 99900
763.000 99900
764.000 99900
765.000 99900
766.000 98560
767.000 100229
768.000 100911
769.000 99900
770.000 99900
771.000 99900
772.000 98560
773.000 99900
774.000 99900
775.000 101240
776.000 99900
777.000 98560
778.000 101240
779.000 99900
780.000 100558
781.000 99242
782.000 99900
783.000 99900
784.000 99900
785.000 99900
786.000 98560
787.000 99900
788.000 99900
789.000 101240
790.000 99900
791.000 98560
792.000 100229
793.000 99571
794.000 101240
795.000 99900
796.000 98560
797.000 101240
798.000 99900
799.000 99900
800.000 99900
801.000 99900
802.000 99559
803.000 100241
804.000 99900
805.000 99900
806.000 99900
807.000 98560
808.000 99900
809.000 101240
810.000 99900
811.000 98560
812.000 99900
813.000 101240
814.000 99900
815.000 99900
816.000 98560
817.000 99900
818.000 101240
819.000 98560
820.000 99900
821.000 99900
822.000 100899
823.000 98901
824.000 101240
825.000 99900
826.000 98560
827.000 99900
828.000 101240
829.000 99900
830.000 98889
831.000 99900
832.000 99571
833.000 99900
834.000 100229
835.000 100911
836.000 98560
837.000 101240
838.000 98560
839.000 101240
840.000 97902
841.000 100558
842.000 99900
843.000 99900
844.000 101240
845.000 99900
846.000 98560
847.000 99900
848.000 101240
849.000 97902
850.000 100558
851.000 99900
852.000 99900
853.000 100558
854.000 100582
855.000 99900
856.000 98560
857.000 99900
858.000 100229
859.000 99571
860.000 101240
861.000 99900
862.000 98560
863.000 99900
864.000 99900
865.000 101240
866.000 97902
867.000 100558
868.000 99900
869.000 99900
870.000 101240
871.000 98560
872.000 99900
873.000 99900
874.000 101240
875.000 98560
876.000 99900
877.000 100229
878.000 99571
879.000 99900
880.000 99900
881.000 99900
882.000 99900
883.000 99900
884.000 100558
885.000 99242
886.000 99900
887.000 99900
888.000 99900
889.000 99242
890.000 99900
891.000 100558
892.000 99900
893.000 99900
894.000 99900
895.000 99900
896.000 101240
897.000 98560
898.000 99242
899.000 100558
900.000 95246
901.000 104554
902.000 99900
903.000 99900
904.000 99900
905.000 99242
906.000 100558
907.000 99900
908.000 99900
909.000 99900
910.000 99900
911.000 101240
912.000 98560
913.000 99900
914.000 99242
915.000 100558
916.000 99242
917.000 100558
918.000 99900
919.000 99900
920.000 99900
921.000 99900
922.000 99900
923.000 99900
924.000 99900
925.000 99242
926.000 100229
927.000 100229
928.000 99900
929.000 99900
930.000 99242
931.000 100558
932.000 99900
933.000 99242
934.000 100558
935.000 99900
936.000 99900
937.000 99571
938.000 99571
939.000 100558
940.000 99900
941.000 99900
942.000 99242
943.000 100558
944.000 99571
945.000 99900
946.000 100229
947.000 99242
948.000 100558
949.000 98560
950.000 100911
951.000 100229
952.000 99900
953.000 99571
954.000 100229
955.000 99900
956.000 99900
957.000 99900
958.000 99900
959.000 99242
960.000 99900
961.000 100558
962.000 99900
963.000 99900
964.000 99900
965.000 99242
966.000 99900
967.000 100558
968.000 99900
969.000 99900
970.000 99900
971.000 99900
972.000 99900
973.000 99242
974.000 99900
975.000 100558
976.000 99571
977.000 98231
978.000 101240
979.000 99900
980.000 100558
981.000 99242
982.000 99900
983.000 100558
984.000 99242
985.000 100558
986.000 99242
987.000 100558
988.000 99242
989.000 100558
990.000 99242
991.000 99900
992.000 99900
993.000 100558
994.000 99900
995.000 99900
996.000 99242
997.000 100558
998.000 99242
999.000 100558
1000.000 99242
1001.000 100558
1002.000 99900
1003.000 99242
1004.000 100558
1005.000 99900
1006.000 99900
1007.000 99900
1008.000 99242
1009.000 98560
1010.000 101240
1011.000 100558
1012.000 99242
1013.000 99900
1014.000 99900
1015.000 99900
1016.000 100558
1017.000 99242
1018.000 100558
1019.000 97902
1020.000 101240
1021.000 99900
1022.000 99900
1023.000 100558
1024.000 99900
1025.000 99242
1026.000 99900
1027.000 100558
1028.000 98560
1029.000 101240
1030.000 99242
1031.000 99900
1032.000 100558
1033.000 99242
1034.000 100558
1035.000 99242
1036.000 99900
1037.000 99900
1038.000 99900
1039.000 99900
1040.000 99900
1041.000 100558
1042.000 99242
1043.000 99900
1044.000 99900
1045.000 99900
1046.000 99900
1047.000 100558
1048.000 99242
1049.000 100558
1050.000 99571
1051.000 99571
1052.000 100558
1053.000 99242
1054.000 99900
1055.000 99900
1056.000 99900
1057.000 99900
1058.000 99900
1059.000 99900
1060.000 100558
1061.000 99242
1062.000 99900
1063.000 99900
1064.000 99900
1065.000 100558
1066.000 99242
1067.000 99900
1068.000 99900
1069.000 99900
1070.000 99900
1071.000 99900
1072.000 99900
1073.000 98560
1074.000 101240
1075.000 100558
1076.000 99242
1077.000 99900
1078.000 99900
1079.000 98560
1080.000 100229
1081.000 100911
1082.000 99900
1083.000 100558
1084.000 99242
1085.000 100558
1086.000 99242
1087.000 99900
1088.000 99900
1089.000 99900
1090.000 100558
1091.000 97902
1092.000 101240
1093.000 98560
1094.000 100229
1095.000 99571
1096.000 101240
1097.000 99900
1098.000 98560
1099.000 101240
1100.000 99900
1101.000 99900
1102.000 99900
1103.000 99900
1104.000 99900
1105.000 98560
1106.000 101240
1107.000 98889
1108.000 99571
1109.000 99900
1110.000 99900
1111.000 100229
1112.000 100911
1113.000 99900
1114.000 98560
1115.000 101240
1116.000 99900
1117.000 99900
1118.000 98560
1119.000 99900
1120.000 101240
1121.000 98889
1122.000 99571
1123.000 101240
1124.000 99900
1125.000 99900
1126.000 99900
1127.000 99900
1128.000 99900
1129.000 99900
1130.000 99900
1131.000 99900
1132.000 98560
1133.000 101240
1134.000 99900
1135.000 99900
1136.000 98560
1137.000 99900
1138.000 101240
1139.000 99900
1140.000 99900
1141.000 99900
1142.000 98560
1143.000 99900
1144.000 101240
1145.000 99900
1146.000 98560
1147.000 99900
1148.000 101240
1149.000 98560
1150.000 101240
1151.000 99900
1152.000 99559
1153.000 98901
1154.000 101240
1155.000 98560
1156.000 101240
1157.000 99900
1158.000 98560
1159.000 101240
1160.000 99900
1161.000 99900
1162.000 99900
1163.000 98889
1164.000 100911
1165.000 99900
1166.000 99900
1167.000 99900
1168.000 99900
1169.000 98560
1170.000 101240
1171.000 99900
1172.000 98560
1173.000 101240
1174.000 99900
1175.000 98889
1176.000 99571
1177.000 101240
1178.000 99900
1179.000 98889
1180.000 99571
1181.000 101240
1182.000 98560
1183.000 99900
1184.000 99900
1185.000 99900
1186.000 99900
1187.000 101240
1188.000 98889
1189.000 100911
1190.000 99900
1191.000 99900
1192.000 98560
1193.000 99900
1194.000 101240
1195.000 99900
1196.000 98560
1197.000 99900
1198.000 99900
1199.000 101240
1200.000 98560
1201.000 101240
1202.000 98560
1203.000 101240
1204.000 99900
1205.000 99900
1206.000 98560
1207.000 99900
1208.000 101240
1209.000 99900
1210.000 99900
1211.000 98560
1212.000 101240
1213.000 98889
1214.000 100911
1215.000 98560
1216.000 101240
1217.000 99900
1218.000 98560
1219.000 101240
1220.000 98560
1221.000 99900
1222.000 99900
1223.000 101240
1224.000 98560
1225.000 99242
1226.000 100558
1227.000 99900
1228.000 99900
1229.000 101240
1230.000 98560
1231.000 100229
1232.000 100911
1233.000 98560
1234.000 101240
1235.000 99900
1236.000 96891
1237.000 102909
1238.000 99900
1239.000 98560
1240.000 101240
1241.000 98560
1242.000 99900
1243.000 101240
1244.000 99900
1245.000 98560
1246.000 99900
1247.000 99900
1248.000 99900
1249.000 101240
1250.000 98560
1251.000 99900
1252.000 101240
1253.000 98560
1254.000 99571
1255.000 100229
1256.000 99900
1257.000 99900
1258.000 99900
1259.000 99900
1260.000 99900
1261.000 99900
1262.000 101240
1263.000 98560
1264.000 99900
1265.000 99900
1266.000 99900
1267.000 99900
1268.000 99900
1269.000 101240
1270.000 98560
1271.000 99242
1272.000 100558
1273.000 99900
1274.000 99900
1275.000 99900
1276.000 99900
1277.000 99242
1278.000 99900
1279.000 100558
1280.000 99571
1281.000 100229
1282.000 99242
1283.000 100558
1284.000 99900
1285.000 99900
1286.000 99900
1287.000 99900
1288.000 99900
1289.000 99900
1290.000 99900
1291.000 99900
1292.000 99242
1293.000 100558
1294.000 99900
1295.000 99900
1296.000 99900
1297.000 99900
1298.000 99900
1299.000 99900
1300.000 99900
1301.000 99900
1302.000 99900
1303.000 99900
1304.000 99900
1305.000 99900
1306.000 99900
1307.000 99242
1308.000 100558
1309.000 99900
1310.000 99900
1311.000 99242
1312.000 100558
1313.000 99900
1314.000 99900
1315.000 99900
1316.000 99900
1317.000 99900
1318.000 99900
1319.000 99242
1320.000 100558
1321.000 99242
1322.000 100558
1323.000 99900
1324.000 99900
1325.000 99900
1326.000 99900
1327.000 99900
1328.000 99900
1329.000 99900
1330.000 99242
1331.000 100558
1332.000 99900
1333.000 99900
1334.000 99900
1335.000 99900
1336.000 99571
1337.000 99571
1338.000 100558
1339.000 99571
1340.000 100229
1341.000 99900
1342.000 99900
1343.000 99900
1344.000 99900
1345.000 99900
1346.000 99900
1347.000 99242
1348.000 100558
1349.000 99900
1350.000 99900
1351.000 99242
1352.000 100558
1353.000 99900
1354.000 99242
1355.000 100558
1356.000 99242
1357.000 100558
1358.000 99242
1359.000 100229
1360.000 100229
1361.000 99242
1362.000 100558
1363.000 99900
1364.000 97902
1365.000 101240
1366.000 100558
1367.000 99242
1368.000 99900
1369.000 100558
1370.000 99900
1371.000 99242
1372.000 100558
1373.000 99242
1374.000 100558
1375.000 99900
1376.000 99900
1377.000 99900
1378.000 99900
1379.000 99242
1380.000 100558
1381.000 99242
1382.000 99900
1383.000 99900
1384.000 99900
1385.000 100558
1386.000 99242
1387.000 100558
1388.000 99900
1389.000 99900
1390.000 99242
1391.000 99900
1392.000 99900
1393.000 99900
1394.000 99218
1395.000 100582
1396.000 99900
1397.000 100558
1398.000 99242
1399.000 100558
1400.000 97244
1401.000 101898
1402.000 100558
1403.000 98901
1404.000 100899
1405.000 99242
1406.000 100558
1407.000 99242
1408.000 100558
1409.000 99242
1410.000 100558
1411.000 99242
1412.000 100558
1413.000 99242
1414.000 99900
1415.000 100558
1416.000 99242
1417.000 99900
1418.000 99900
1419.000 100558
1420.000 99900
1421.000 99242
1422.000 100558
1423.000 99242
1424.000 100558
1425.000 99571
1426.000 99571
1427.000 100558
1428.000 99571
1429.000 99571
1430.000 99900
1431.000 100558
1432.000 99571
1433.000 99571
1434.000 99900
1435.000 99900
1436.000 100558
1437.000 99242
1438.000 99900
1439.000 99900
1440.000 100558
1441.000 99242
1442.000 99900
1443.000 99900
1444.000 99900
1445.000 99900
1446.000 99900
1447.000 99900
1448.000 100558
1449.000 98231
1450.000 100911
1451.000 99900
1452.000 99900
1453.000 99900
1454.000 99900
1455.000 99900
1456.000 99900
1457.000 98560
1458.000 101240
1459.000 99900
1460.000 99900
1461.000 99900
1462.000 99900
1463.000 99900
1464.000 99900
1465.000 99900
1466.000 99900
1467.000 98560
1468.000 101240
1469.000 97902
1470.000 101898
1471.000 100558
1472.000 99242
1473.000 99900
1474.000 99900
1475.000 100558
1476.000 99242
1477.000 99900
1478.000 99900
1479.000 99900
1480.000 99900
1481.000 99900
1482.000 99900
1483.000 99900
1484.000 98560
1485.000 101240
1486.000 99900
1487.000 100558
1488.000 99242
1489.000 100558
1490.000 99242
1491.000 99900
1492.000 99900
1493.000 99900
1494.000 99900
1495.000 99900
1496.000 99900
1497.000 99218
1498.000 100582
1499.000 99900
1500.000 99900
1501.000 99900
1502.000 99900
1503.000 99900
1504.000 98560
1505.000 101240
1506.000 99900
1507.000 99900
1508.000 99900
1509.000 98560
1510.000 101240
1511.000 99218
1512.000 99900
1513.000 100582
1514.000 98560
1515.000 101240
1516.000 98889
1517.000 100911
1518.000 98889
1519.000 98913
1520.000 100558
1521.000 101240
1522.000 99900
1523.000 99900
1524.000 99900
1525.000 99900
1526.000 99900
1527.000 98560
1528.000 101240
1529.000 99900
1530.000 99900
1531.000 99900
1532.000 98560
1533.000 101240
1534.000 99900
1535.000 99900
1536.000 98560
1537.000 101240
1538.000 99900
1539.000 98889
1540.000 100911
1541.000 99900
1542.000 99900
1543.000 99900
1544.000 99900
1545.000 98560
1546.000 100229
1547.000 98913
1548.000 101898
1549.000 98560
1550.000 99900
1551.000 100899
1552.000 98243
1553.000 100558
1554.000 99900
1555.000 101240
1556.000 99900
1557.000 98560
1558.000 99900
1559.000 99900
1560.000 101240
1561.000 99900
1562.000 98560
1563.000 99900
1564.000 99900
1565.000 99900
1566.000 99900
1567.000 101240
1568.000 99900
1569.000 98560
1570.000 99900
1571.000 101240
1572.000 98560
1573.000 101240
1574.000 99900
1575.000 99900
1576.000 98560
1577.000 99900
1578.000 101240
1579.000 99900
1580.000 98560
1581.000 99900
1582.000 101240
1583.000 99900
1584.000 99559
1585.000 98901
1586.000 99900
1587.000 101240
1588.000 99900
1589.000 98560
1590.000 99900
1591.000 100899
1592.000 98901
1593.000 100229
1594.000 99571
1595.000 99900
1596.000 101240
1597.000 99900
1598.000 98560
1599.000 99900
1600.000 99900
1601.000 100229
1602.000 100229
1603.000 99900
1604.000 100582
1605.000 99900
1606.000 99900
1607.000 98560
1608.000 99900
1609.000 100229
1610.000 99571
1611.000 99900
1612.000 99900
1613.000 99900
1614.000 99900
1615.000 99242
1616.000 100558
1617.000 101240
1618.000 99900
1619.000 98560
1620.000 99900
1621.000 101240
1622.000 99900
1623.000 98560
1624.000 99900
1625.000 99900
1626.000 99900
1627.000 99900
1628.000 99242
1629.000 100558
1630.000 101240
1631.000 98560
1632.000 101240
1633.000 99900
1634.000 98560
1635.000 101240
1636.000 98560
1637.000 99900
1638.000 99900
1639.000 99900
1640.000 99900
1641.000 99900
1642.000 99900
1643.000 99900
1644.000 99900
1645.000 101240
1646.000 98560
1647.000 100229
1648.000 99571
1649.000 101240
1650.000 99900
1651.000 98560
1652.000 99900
1653.000 99900
1654.000 99900
1655.000 99900
1656.000 101240
1657.000 98889
1658.000 99571
1659.000 101240
1660.000 98560
1661.000 99242
1662.000 100558
1663.000 99900
1664.000 99900
1665.000 99242
1666.000 100558
1667.000 99242
1668.000 99900
1669.000 100558
1670.000 99900
1671.000 99900
1672.000 99900
1673.000 99242
1674.000 100558
1675.000 99900
1676.000 99571
1677.000 100229
1678.000 99242
1679.000 100558
1680.000 99900
1681.000 99571
1682.000 100229
1683.000 99900
1684.000 99900
1685.000 99900
1686.000 99242
1687.000 100558
1688.000 99900
1689.000 99900
1690.000 99900
1691.000 99900
1692.000 99242
1693.000 99900
1694.000 99900
1695.000 99900
1696.000 100558
1697.000 99900
1698.000 99242
1699.000 100558
1700.000 99900
1701.000 99900
1702.000 99242
1703.000 100558
1704.000 99242
1705.000 100558
1706.000 99900
1707.000 99242
1708.000 99900
1709.000 100558
1710.000 97902
1711.000 101240
1712.000 100558
1713.000 99242
1714.000 100558
1715.000 99571
1716.000 100229
1717.000 99900
1718.000 99900
1719.000 99900
1720.000 99900
1721.000 99900
1722.000 99900
1723.000 99900
1724.000 99900
1725.000 99900
1726.000 99242
1727.000 99900
1728.000 100558
1729.000 99242
1730.000 99900
1731.000 99900
1732.000 99900
1733.000 100558
1734.000 99242
1735.000 100229
1736.000 99571
1737.000 99218
1738.000 100582
1739.000 100558
1740.000 99242
1741.000 99900
1742.000 99900
1743.000 99900
1744.000 99900
1745.000 99900
1746.000 100558
1747.000 99242
1748.000 99900
1749.000 100558
1750.000 99900
1751.000 98560
1752.000 101240
1753.000 99242
1754.000 99900
1755.000 99900
1756.000 99900
1757.000 99900
1758.000 99900
1759.000 100558
1760.000 99242
1761.000 99900
1762.000 99900
1763.000 100558
1764.000 99242
1765.000 100558
1766.000 99242
1767.000 99900
1768.000 99900
1769.000 100229
1770.000 99571
1771.000 99900
1772.000 100558
1773.000 99242
1774.000 99900
1775.000 99900
1776.000 99900
1777.000 99900
1778.000 99900
1779.000 99900
1780.000 99900
1781.000 99900
1782.000 98560
1783.000 101240
1784.000 100558
1785.000 99242
1786.000 99900
1787.000 98889
1788.000 99900
1789.000 100911
1790.000 98560
1791.000 101240
1792.000 98560
1793.000 100899
1794.000 100241
1795.000 98889
1796.000 99571
1797.000 101240
1798.000 99900
1799.000 98560
1800.000 101240
1801.000 99218
1802.000 100582
1803.000 99900
1804.000 99900
1805.000 98560
1806.000 101240
1807.000 98560
1808.000 101240
1809.000 98560
1810.000 101240
1811.000 99218
1812.000 100582
1813.000 98560
1814.000 101240
1815.000 99900
1816.000 99218
1817.000 99242
1818.000 101240
1819.000 98560
1820.000 101240
1821.000 99900
1822.000 99900
1823.000 99900
1824.000 98560
1825.000 101240
1826.000 97902
1827.000 100558
1828.000 99900
1829.000 101240
1830.000 98560
1831.000 101240
1832.000 99900
1833.000 98889
1834.000 100911
1835.000 98560
1836.000 99900
1837.000 99900
1838.000 99900
1839.000 99900
1840.000 101240
1841.000 98560
1842.000 101240
1843.000 98231
1844.000 100229
1845.000 99900
1846.000 101240
1847.000 99900
1848.000 99900
1849.000 99900
1850.000 99900
1851.000 98560
1852.000 99900
1853.000 99900
1854.000 100558
1855.000 100582
1856.000 98560
1857.000 99900
1858.000 101240
1859.000 99900
1860.000 99900
1861.000 98560
1862.000 99900
1863.000 99900
1864.000 101240
1865.000 98560
1866.000 101240
1867.000 99900
1868.000 98560
1869.000 99900
1870.000 99900
1871.000 101240
1872.000 98560
1873.000 99900
1874.000 101240
1875.000 99900
1876.000 98560
1877.000 101240
1878.000 99900
1879.000 99218
1880.000 99242
1881.000 101240
1882.000 98889
1883.000 100911
1884.000 98560
1885.000 99900
1886.000 99900
1887.000 99900
1888.000 99900
1889.000 99900
1890.000 99900
1891.000 100229
1892.000 99571
1893.000 101240
1894.000 98560
1895.000 99900
1896.000 99900
1897.000 99900
1898.000 99900
1899.000 101240
1900.000 98889
1901.000 99571
1902.000 99900
1903.000 99900
1904.000 99900
1905.000 99900
1906.000 99900
1907.000 99900
1908.000 99900
1909.000 101240
1910.000 98560
1911.000 99900
1912.000 99900
1913.000 99900
1914.000 101240
1915.000 98560
1916.000 99242
1917.000 100558
1918.000 99900
1919.000 99900
1920.000 99900
1921.000 99900
1922.000 99242
1923.000 100558
1924.000 101240
1925.000 98889
1926.000 99571
1927.000 99900
1928.000 99900
1929.000 99900
1930.000 99242
1931.000 100558
1932.000 99900
1933.000 99900
1934.000 99900
1935.000 99900
1936.000 99900
1937.000 99900
1938.000 99900
1939.000 99900
1940.000 99900
1941.000 99900
1942.000 99900
1943.000 99900
1944.000 99900
1945.000 99242
1946.000 100558
1947.000 99242
1948.000 100229
1949.000 100229
1950.000 99900
1951.000 99900
1952.000 99900
1953.000 99900
1954.000 99900
1955.000 99900
1956.000 99900
1957.000 99900
1958.000 99900
1959.000 99900
1960.000 99900
1961.000 99242
1962.000 99900
1963.000 100558
1964.000 99900
1965.000 99900
1966.000 99900
1967.000 99900
1968.000 101240
1969.000 98560
1970.000 99900
1971.000 99900
1972.000 99900
1973.000 99900
1974.000 99900
1975.000 98560
1976.000 101240
1977.000 99242
1978.000 99900
1979.000 99900
1980.000 99900
1981.000 100558
1982.000 99900
1983.000 99900
1984.000 99900
1985.000 99900
1986.000 99900
1987.000 99900
1988.000 99900
1989.000 99900
1990.000 99900
1991.000 99900
1992.000 99242
1993.000 100558
1994.000 99900
1995.000 98231
1996.000 100911
1997.000 100558
1998.000 99242
1999.000 100229
2000.000 99571
2001.000 100558
2002.000 99242
2003.000 100558
2004.000 99900
2005.000 99900
2006.000 99900
2007.000 99900
2008.000 99900
2009.000 99242
2010.000 100558
2011.000 99900
2012.000 99242
2013.000 100558
2014.000 99900
2015.000 99900
2016.000 99900
2017.000 99900
2018.000 99242
2019.000 100558
2020.000 99900
2021.000 99900
2022.000 99900
2023.000 99900
2024.000 99242
2025.000 100229
2026.000 99571
2027.000 100558
2028.000 99242
2029.000 100558
2030.000 99900
2031.000 99900
2032.000 99571
2033.000 99571
2034.000 100558
2035.000 99900
2036.000 99900
2037.000 99900
2038.000 99900
2039.000 99900
2040.000 99900
2041.000 99900
2042.000 99900
2043.000 99571
2044.000 100229
2045.000 99900
2046.000 99900
2047.000 99900
2048.000 99571
2049.000 99900
2050.000 99571
2051.000 100558
2052.000 99242
2053.000 100558
2054.000 99900
2055.000 99900
2056.000 99900
2057.000 99900
2058.000 99242
2059.000 100558
2060.000 99900
2061.000 99900
2062.000 99900
2063.000 99900
2064.000 99900
2065.000 99242
2066.000 99900
2067.000 98560
2068.000 101898
2069.000 99242
2070.000 99900
2071.000 99900
2072.000 100229
2073.000 99571
2074.000 100558
2075.000 99900
2076.000 99242
2077.000 99900
2078.000 100229
2079.000 100229
2080.000 99900
2081.000 99242
2082.000 99900
2083.000 99900
2084.000 99900
2085.000 100558
2086.000 99242
2087.000 100558
2088.000 99900
2089.000 99242
2090.000 99900
2091.000 100558
2092.000 99242
2093.000 99900
2094.000 99900
2095.000 100558
2096.000 99242
2097.000 99900
2098.000 99900
2099.000 100558
2100.000 99242
2101.000 100558
2102.000 99900
2103.000 99242
2104.000 99900
2105.000 99900
2106.000 99900
2107.000 99900
2108.000 99900
2109.000 100229
2110.000 99571
2111.000 100558
2112.000 99242
2113.000 99900
2114.000 99218
2115.000 100582
2116.000 99900
2117.000 99900
2118.000 99900
2119.000 98560
2120.000 101240
2121.000 99900
2122.000 99900
2123.000 99900
2124.000 99900
2125.000 99900
2126.000 99900
2127.000 99900
2128.000 99900
2129.000 99900
2130.000 99900
2131.000 99900
2132.000 99900
2133.000 99900
2134.000 99900
2135.000 99900
2136.000 99900
2137.000 98560
2138.000 101898
2139.000 99242
2140.000 99900
2141.000 99900
2142.000 99900
2143.000 99900
2144.000 99900
2145.000 98560
2146.000 101240
2147.000 99900
2148.000 99900
2149.000 99900
2150.000 99900
2151.000 99900
2152.000 99900
2153.000 99900
2154.000 99900
2155.000 100558
2156.000 98231
2157.000 100911
2158.000 98560
2159.000 101240
2160.000 99900
2161.000 100558
2162.000 97902
2163.000 101240
2164.000 99900
2165.000 98560
2166.000 101240
2167.000 99900
2168.000 98889
2169.000 100911
2170.000 99900
2171.000 98889
2172.000 100911
2173.000 99900
2174.000 99900
2175.000 99900
2176.000 98560
2177.000 101240
2178.000 99900
2179.000 98560
2180.000 101240
2181.000 99900
2182.000 99900
2183.000 99900
2184.000 99900
2185.000 99900
2186.000 99900
2187.000 99900
2188.000 98889
2189.000 99571
2190.000 101240
2191.000 99900
2192.000 98560
2193.000 99900
2194.000 101240
2195.000 98889
2196.000 100911
2197.000 98560
2198.000 101240
2199.000 99900
2200.000 99900
2201.000 99900
2202.000 98560
2203.000 99900
2204.000 101240
2205.000 98560
2206.000 101240
2207.000 98560
2208.000 101240
2209.000 99900
2210.000 99218
2211.000 99242
2212.000 99900
2213.000 100229
2214.000 99900
2215.000 99571
2216.000 101240
2217.000 99218
2218.000 100582
2219.000 99900
2220.000 99900
2221.000 99900
2222.000 99900
2223.000 99900
2224.000 98560
2225.000 101240
2226.000 99900
2227.000 98560
2228.000 101240
2229.000 99900
2230.000 99900
2231.000 98560
2232.000 99900
2233.000 101240
2234.000 98560
2235.000 99900
2236.000 100229
2237.000 99571
2238.000 101240
2239.000 98560
2240.000 99900
2241.000 101240
2242.000 98560
2243.000 100899
2244.000 97902
2245.000 102239
2246.000 98560
2247.000 101240
2248.000 98560
2249.000 101240
2250.000 98560
2251.000 101240
2252.000 99900
2253.000 99900
2254.000 99218
2255.000 99571
2256.000 99571
2257.000 101240
2258.000 98560
2259.000 99242
2260.000 101898
2261.000 98560
2262.000 99900
2263.000 101240
2264.000 99900
2265.000 98560
2266.000 99900
2267.000 99900
2268.000 101240
2269.000 98560
2270.000 99242
2271.000 100558
2272.000 101240
2273.000 98560
2274.000 99242
2275.000 100558
2276.000 99900
2277.000 100229
2278.000 99571
2279.000 101240
2280.000 98889
2281.000 100229
2282.000 99242
2283.000 99900
2284.000 99900
2285.000 101240
2286.000 98560
2287.000 101240
2288.000 98560
2289.000 99900
2290.000 101240
2291.000 97220
2292.000 101240
2293.000 99900
2294.000 99900
2295.000 101240
2296.000 98560
2297.000 100229
2298.000 99571
2299.000 101240
2300.000 98560
2301.000 99900
2302.000 99900
2303.000 99900
2304.000 99900
2305.000 99900
2306.000 100229
2307.000 99571
2308.000 100229
2309.000 99571
2310.000 99900
2311.000 99900
2312.000 99900
2313.000 99900
2314.000 99900
2315.000 99900
2316.000 99900
2317.000 99900
2318.000 99900
2319.000 99900
2320.000 99900
2321.000 101240
2322.000 98560
2323.000 99900
2324.000 99900
2325.000 99900
2326.000 99900
2327.000 99900
2328.000 99900
2329.000 99900
2330.000 99900
2331.000 99900
2332.000 99900
2333.000 99900
2334.000 99242
2335.000 99900
2336.000 100558
2337.000 99900
2338.000 99900
2339.000 99900
2340.000 99242
2341.000 101898
2342.000 98560
2343.000 99242
2344.000 100558
2345.000 99242
2346.000 100558
2347.000 99900
2348.000 99900
2349.000 100899
2350.000 98901
2351.000 99900
2352.000 99900
2353.000 99900
2354.000 99242
2355.000 99900
2356.000 100558
2357.000 98231
2358.000 100911
2359.000 100558
2360.000 99900
2361.000 99900
2362.000 99900
2363.000 99242
2364.000 99900
2365.000 100558
2366.000 99900
2367.000 99900
2368.000 99242
2369.000 100558
2370.000 99900
2371.000 101240
2372.000 98560
2373.000 99900
2374.000 99900
2375.000 99242
2376.000 99900
2377.000 101898
2378.000 98560
2379.000 99900
2380.000 99900
2381.000 99242
2382.000 100558
2383.000 97902
2384.000 101240
2385.000 100558
2386.000 99242
2387.000 98560
2388.000 101898
2389.000 99900
2390.000 99900
2391.000 99242
2392.000 100558
2393.000 99900
2394.000 99900
2395.000 99571
2396.000 100229
2397.000 99900
2398.000 99242
2399.000 100558
2400.000 99900
2401.000 99242
2402.000 99900
2403.000 100558
2404.000 99900
2405.000 99900
2406.000 99900
2407.000 99242
2408.000 100558
2409.000 99900
2410.000 99900
2411.000 99900
2412.000 99900
2413.000 99242
2414.000 99900
2415.000 100558
2416.000 99571
2417.000 100229
2418.000 99900
2419.000 99242
2420.000 100558
2421.000 99242
2422.000 100558
2423.000 99900
2424.000 99900
2425.000 99242
2426.000 99900
2427.000 100558
2428.000 99242
2429.000 99900
2430.000 99900
2431.000 100558
2432.000 99242
2433.000 99900
2434.000 99900
2435.000 99900
2436.000 100558
2437.000 99242
2438.000 99900
2439.000 100558
2440.000 99900
2441.000 99242
2442.000 99900
2443.000 100229
2444.000 100229
2445.000 99900
2446.000 99242
2447.000 100558
2448.000 99900
2449.000 99242
2450.000 100558
2451.000 99242
2452.000 100558
2453.000 99242
2454.000 99900
2455.000 100558
2456.000 98901
2457.000 100241
2458.000 99900
2459.000 99900
2460.000 99900
2461.000 100558
2462.000 99900
2463.000 99242
2464.000 99559
2465.000 100241
2466.000 99900
2467.000 99900
2468.000 100229
2469.000 100229
2470.000 99242
2471.000 100558
2472.000 99242
2473.000 100229
2474.000 99571
2475.000 99900
2476.000 100229
2477.000 99571
2478.000 100558
2479.000 99242
2480.000 98889
2481.000 100911
2482.000 99900
2483.000 99900
2484.000 99900
2485.000 99900
2486.000 99900
2487.000 99900
2488.000 99900
2489.000 99900
2490.000 99218
2491.000 100582
2492.000 99900
2493.000 100558
2494.000 99900
2495.000 99242
2496.000 99900
2497.000 100558
2498.000 99242
2499.000 100558
2500.000 99242
2501.000 99900
2502.000 99900
2503.000 100558
2504.000 99242
2505.000 99900
2506.000 99900
2507.000 99900
2508.000 100558
2509.000 99242
2510.000 100229
2511.000 99571
2512.000 100558
2513.000 99242
2514.000 99900
2515.000 99900
2516.000 99900
2517.000 98560
2518.000 101240
2519.000 99900
2520.000 99900
2521.000 98560
2522.000 101240
2523.000 99900
2524.000 100558
2525.000 97902
2526.000 99900
2527.000 101240
2528.000 98889
2529.000 100911
2530.000 99900
2531.000 98560
2532.000 101240
2533.000 99900
2534.000 100229
2535.000 99571
2536.000 99900
2537.000 99900
2538.000 99900
2539.000 99900
2540.000 99900
2541.000 99900
2542.000 98889
2543.000 100911
2544.000 98560
2545.000 101240
2546.000 98560
2547.000 99900
2548.000 101898
2549.000 99242
2550.000 98889
2551.000 101240
2552.000 99571
2553.000 98560
2554.000 101240
2555.000 99900
2556.000 99900
2557.000 99900
2558.000 99900
2559.000 99900
2560.000 98560
2561.000 101240
2562.000 98560
2563.000 99900
2564.000 100229
2565.000 98913
2566.000 101898
2567.000 98560
2568.000 99900
2569.000 99900
2570.000 99900
2571.000 101240
2572.000 98560
2573.000 101240
2574.000 98889
2575.000 99900
2576.000 100911
2577.000 99900
2578.000 98560
2579.000 99900
2580.000 99900
2581.000 101240
2582.000 97902
2583.000 100558
2584.000 101240
2585.000 98560
2586.000 99900
2587.000 100229
2588.000 99571
2589.000 101240
2590.000 99900
2591.000 98560
2592.000 99900
2593.000 101240
2594.000 98560
2595.000 101240
2596.000 99900
2597.000 99900
2598.000 99559
2599.000 98901
2600.000 99900
2601.000 99900
2602.000 99900
2603.000 101240
2604.000 99900
2605.000 99559
2606.000 98901
2607.000 99900
2608.000 99900
2609.000 101240
2610.000 99900
2611.000 98560
2612.000 99900
2613.000 99900
2614.000 101240
2615.000 98560
2616.000 99242
2617.000 101898
2618.000 99900
2619.000 98560
2620.000 100229
2621.000 99571
2622.000 100899
2623.000 100241
2624.000 98560
2625.000 99900
2626.000 99900
2627.000 99242
2628.000 100558
2629.000 99900
2630.000 99900
2631.000 99900
2632.000 101240
2633.000 98889
2634.000 99571
2635.000 99900
2636.000 99900
2637.000 101240
2638.000 98560
2639.000 100229
2640.000 99571
2641.000 101240
2642.000 99900
2643.000 98560
2644.000 99900
2645.000 99900
2646.000 99900
2647.000 99900
2648.000 99900
2649.000 99900
2650.000 99900
2651.000 99242
2652.000 100558
2653.000 99900
2654.000 99900
2655.000 99900
2656.000 99900
2657.000 101240
2658.000 98560
2659.000 99900
2660.000 99900
2661.000 99900
2662.000 99900
2663.000 99900
2664.000 99242
2665.000 100558
2666.000 99900
2667.000 99900
2668.000 99900
2669.000 99900
2670.000 100899
2671.000 98901
2672.000 99900
2673.000 99900
2674.000 99900
2675.000 99900
2676.000 99900
2677.000 99900
2678.000 99900
2679.000 99900
2680.000 101240
2681.000 98560
2682.000 99900
2683.000 99900
2684.000 99900
2685.000 99900
2686.000 99900
2687.000 99900
2688.000 99900
2689.000 99900
2690.000 99571
2691.000 100229
2692.000 99900
2693.000 99900
2694.000 99900
2695.000 99900
2696.000 99900
2697.000 99900
2698.000 99900
2699.000 99900
2700.000 99900
2701.000 99900
2702.000 99900
2703.000 100229
2704.000 99242
2705.000 100229
2706.000 99900
2707.000 99900
2708.000 99900
2709.000 99900
2710.000 99900
2711.000 99900
2712.000 99900
2713.000 99571
2714.000 100229
2715.000 99900
2716.000 99242
2717.000 100558
2718.000 98231
2719.000 102568
2720.000 98901
2721.000 99900
2722.000 99571
2723.000 100229
2724.000 99900
2725.000 99900
2726.000 99900
2727.000 99571
2728.000 100229
2729.000 99900
2730.000 99242
2731.000 100558
2732.000 99900
2733.000 99900
2734.000 99571
2735.000 99230
2736.000 100899
2737.000 99900
2738.000 99900
2739.000 99900
2740.000 99900
2741.000 99242
2742.000 99900
2743.000 100558
2744.000 99900
2745.000 99242
2746.000 100558
2747.000 99900
2748.000 99242
2749.000 100558
2750.000 99900
2751.000 99900
2752.000 99900
2753.000 99900
2754.000 99900
2755.000 99900
2756.000 99242
2757.000 99900
2758.000 99900
2759.000 99900
2760.000 100558
2761.000 99242
2762.000 99900
2763.000 99900
2764.000 99900
2765.000 100558
2766.000 99900
2767.000 99242
2768.000 99900
2769.000 99900
2770.000 99900
2771.000 99900
2772.000 99900
2773.000 100558
2774.000 99242
2775.000 99900
2776.000 100558
2777.000 99242
2778.000 99900
2779.000 100558
2780.000 99242
2781.000 100558
2782.000 99242
2783.000 100558
2784.000 99900
2785.000 99900
2786.000 99242
2787.000 100558
2788.000 99242
2789.000 100558
2790.000 99900
2791.000 99900
2792.000 99900
2793.000 99242
2794.000 99900
2795.000 100558
2796.000 99242
2797.000 100558
2798.000 99242
2799.000 98560
2800.000 101898
2801.000 99900
2802.000 99900
2803.000 99900
2804.000 99900
2805.000 99900
2806.000 99900
2807.000 99900
2808.000 99900
2809.000 99900
2810.000 99242
2811.000 99900
2812.000 99900
2813.000 100558
2814.000 99900
2815.000 99900
2816.000 99242
2817.000 99900
2818.000 99900
2819.000 99900
2820.000 100558
2821.000 99900
2822.000 99900
2823.000 99900
2824.000 99900
2825.000 99900
2826.000 99242
2827.000 99900
2828.000 99900
2829.000 100558
2830.000 99900
2831.000 99242
2832.000 99900
2833.000 99900
2834.000 100558
2835.000 99242
2836.000 100558
2837.000 99242
2838.000 99900
2839.000 99900
2840.000 99900
2841.000 99900
2842.000 99900
2843.000 99900
2844.000 99900
2845.000 100558
2846.000 99900
2847.000 99900
2848.000 99900
2849.000 99242
2850.000 99900
2851.000 99900
2852.000 100558
2853.000 99900
2854.000 99242
2855.000 99900
2856.000 100558
2857.000 99900
2858.000 99242
2859.000 99900
2860.000 100558
2861.000 99900
2862.000 99242
2863.000 99900
2864.000 99900
2865.000 100558
2866.000 99900
2867.000 99242
2868.000 99900
2869.000 100558
2870.000 99242
2871.000 100558
2872.000 99242
2873.000 99900
2874.000 99900
2875.000 99900
2876.000 99900
2877.000 99900
2878.000 99900
2879.000 100558
2880.000 99900
2881.000 99571
2882.000 99571
2883.000 100558
2884.000 99242
2885.000 100229
2886.000 98231
2887.000 101898
2888.000 99242
2889.000 99900
2890.000 100558
2891.000 99242
2892.000 100558
2893.000 99242
2894.000 100558
2895.000 99242
2896.000 100558
2897.000 99242
2898.000 99900
2899.000 100558
2900.000 99242
2901.000 100558
2902.000 99900
2903.000 99242
2904.000 99900
2905.000 100229
2906.000 100229
2907.000 99900
2908.000 99242
2909.000 100558
2910.000 99242
2911.000 99900
2912.000 99900
2913.000 99900
2914.000 99900
2915.000 100558
2916.000 99900
2917.000 99900
2918.000 99242
2919.000 100558
2920.000 99242
2921.000 99900
2922.000 99900
2923.000 99900
2924.000 99900
2925.000 99900
2926.000 100558
2927.000 99242
2928.000 100229
2929.000 100229
2930.000 99242
2931.000 99900
2932.000 99900
2933.000 99900
2934.000 100558
2935.000 99242
2936.000 100558
2937.000 99900
2938.000 99242
2939.000 99900
2940.000 99218
2941.000 100582
2942.000 99900
2943.000 99900
2944.000 99900
2945.000 99900
2946.000 99900
2947.000 99900
2948.000 100558
2949.000 99242
2950.000 99900
2951.000 99900
2952.000 99900
2953.000 99900
2954.000 99900
2955.000 99900
2956.000 99900
2957.000 99900
2958.000 98560
2959.000 101240
2960.000 99900
2961.000 99900
2962.000 99900
2963.000 99559
2964.000 100241
2965.000 99900
2966.000 99900
2967.000 99900
2968.000 99900
2969.000 99900
2970.000 99900
2971.000 99900
2972.000 99900
2973.000 99900
2974.000 99900
2975.000 99900
2976.000 99900
2977.000 99900
2978.000 98560
2979.000 99900
2980.000 101240
2981.000 99900
2982.000 99900
2983.000 99900
2984.000 99900
2985.000 99900
2986.000 99900
2987.000 99900
2988.000 98560
2989.000 101240
2990.000 99900
2991.000 99900
2992.000 99900
2993.000 99900
2994.000 99559
2995.000 100241
2996.000 99900
2997.000 98560
2998.000 101240
2999.000 99900
3000.000 99900
3001.000 99900
3002.000 99900
3003.000 99900
3004.000 98560
3005.000 99900
3006.000 101240
3007.000 98560
3008.000 101240
3009.000 99900
3010.000 99900
3011.000 99900
3012.000 99900
3013.000 98560
3014.000 101240
3015.000 98889
3016.000 100911
3017.000 99900
3018.000 99900
3019.000 99900
3020.000 99900
3021.000 99900
3022.000 98560
3023.000 101240
3024.000 99900
3025.000 99900
3026.000 98560
3027.000 100229
3028.000 100911
3029.000 98560
3030.000 101240
3031.000 99900
3032.000 99900
3033.000 99900
3034.000 98889
3035.000 99900
3036.000 99571
3037.000 99900
3038.000 100229
3039.000 99571
3040.000 99900
3041.000 99900
3042.000 99900
3043.000 101240
3044.000 99900
3045.000 98560
3046.000 99900
3047.000 99900
3048.000 99900
3049.000 100229
3050.000 98913
3051.000 99900
3052.000 101898
3053.000 98560
3054.000 99900
3055.000 101240
3056.000 98560
3057.000 99900
3058.000 99900
3059.000 99900
3060.000 99900
3061.000 99900
3062.000 99242
3063.000 100558
3064.000 99900
3065.000 99900
3066.000 99900
3067.000 99900
3068.000 99900
3069.000 100229
3070.000 98913
3071.000 99900
3072.000 99900
3073.000 101898
3074.000 97902
3075.000 100558
3076.000 99900
3077.000 99900
3078.000 99900
3079.000 99571
3080.000 100229
3081.000 99900
3082.000 99900
3083.000 99242
3084.000 100558
3085.000 99900
3086.000 99900
3087.000 99242
3088.000 98560
3089.000 101898
3090.000 99242
3091.000 100558
3092.000 99571
3093.000 100229
3094.000 99242
3095.000 99900
3096.000 100558
3097.000 99900
3098.000 99900
3099.000 99242
3100.000 100558
3101.000 99900
3102.000 99900
3103.000 99900
3104.000 99900
3105.000 99900
3106.000 99900
3107.000 99900
3108.000 101240
3109.000 98560
3110.000 99900
3111.000 99900
3112.000 99900
3113.000 99900
3114.000 99900
3115.000 99900
3116.000 99242
3117.000 100558
3118.000 99900
3119.000 99900
3120.000 99900
3121.000 99900
3122.000 99242
3123.000 99900
3124.000 100558
3125.000 99242
3126.000 99900
3127.000 99900
3128.000 100558
3129.000 99242
3130.000 98560
3131.000 101240
3132.000 99900
3133.000 100558
3134.000 99571
3135.000 99900
3136.000 99571
3137.000 100558
3138.000 99900
3139.000 99900
3140.000 99900
3141.000 99900
3142.000 99900
3143.000 99900
3144.000 99900
3145.000 99900
3146.000 99900
3147.000 99900
3148.000 99242
3149.000 99900
3150.000 100558
3151.000 99900
3152.000 99242
3153.000 99900
3154.000 99900
3155.000 100558
3156.000 99900
3157.000 99900
3158.000 99900
3159.000 99900
3160.000 99900
3161.000 99242
3162.000 99900
3163.000 99900
3164.000 100887
3165.000 98913
3166.000 100558
3167.000 99900
3168.000 99900
3169.000 97902
3170.000 101240
3171.000 99900
3172.000 99900
3173.000 100558
3174.000 97902
3175.000 101898
3176.000 99242
3177.000 99900
3178.000 100558
3179.000 99242
3180.000 99900
3181.000 99900
3182.000 100558
3183.000 99900
3184.000 99242
3185.000 100558
3186.000 99900
3187.000 99900
3188.000 99242
3189.000 99900
3190.000 100558
3191.000 99242
3192.000 100558
3193.000 99900
3194.000 99242
3195.000 100558
3196.000 99242
3197.000 99900
3198.000 100558
3199.000 99242
3200.000 99900
3201.000 99900
3202.000 100558
3203.000 99900
3204.000 99242
3205.000 99900
3206.000 99900
3207.000 99900
3208.000 99218
3209.000 100582
3210.000 99900
3211.000 100558
3212.000 99242
3213.000 99900
3214.000 99900
3215.000 99900
3216.000 99900
3217.000 100558
3218.000 99242
3219.000 99900
3220.000 98889
3221.000 100911
3222.000 98889
3223.000 99571
3224.000 101240
3225.000 99900
3226.000 99900
3227.000 99900
3228.000 100558
3229.000 99242
3230.000 99900
3231.000 98560
3232.000 101240
3233.000 99900
3234.000 100558
3235.000 97902
3236.000 101240
3237.000 99900
3238.000 100558
3239.000 99242
3240.000 99900
3241.000 99900
3242.000 99900
3243.000 99900
3244.000 99900
3245.000 99900
3246.000 100558
3247.000 99242
3248.000 99900
3249.000 99900
3250.000 98560
3251.000 99900
3252.000 99900
3253.000 101240
3254.000 98560
3255.000 101240
3256.000 98560
3257.000 99900
3258.000 99571
3259.000 100229
3260.000 99242
3261.000 100558
3262.000 99900
3263.000 99900
3264.000 99900
3265.000 99242
3266.000 100558
3267.000 98231
3268.000 101569
3269.000 99900
3270.000 99900
3271.000 99900
3272.000 99242
3273.000 100558
3274.000 99900
3275.000 99900
3276.000 100229
3277.000 99571
3278.000 99900
3279.000 99900
3280.000 99900
3281.000 99571
3282.000 100229
3283.000 99571
3284.000 100229
3285.000 99900
3286.000 99900
3287.000 99900
3288.000 99900
3289.000 99242
3290.000 100558
3291.000 99900
3292.000 99900
3293.000 99900
3294.000 99242
3295.000 99900
3296.000 100558
3297.000 99900
3298.000 99242
3299.000 99900
3300.000 100558
3301.000 99900
3302.000 99900
3303.000 99900
3304.000 99242
3305.000 100558
3306.000 99242
3307.000 100558
3308.000 99900
3309.000 99900
3310.000 99900
3311.000 99900
3312.000 99900
3313.000 99900
3314.000 99242
3315.000 100558
3316.000 99900
3317.000 99900
3318.000 99571
3319.000 100229
3320.000 99242
3321.000 100558
3322.000 99900
3323.000 99242
3324.000 100558
3325.000 99242
3326.000 100558
3327.000 97902
3328.000 101898
3329.000 99900
3330.000 99900
3331.000 99900
3332.000 99900
3333.000 99900
3334.000 99900
3335.000 99242
3336.000 100229
3337.000 99571
3338.000 99900
3339.000 100558
3340.000 99242
3341.000 98889
3342.000 99900
3343.000 100558
3344.000 99242
3345.000 99900
3346.000 99900
3347.000 99900
3348.000 100558
3349.000 99242
3350.000 100558
3351.000 99242
3352.000 100558
3353.000 99242
3354.000 99900
3355.000 99900
3356.000 99900
3357.000 99900
3358.000 100229
3359.000 100229
3360.000 99571
3361.000 98231
3362.000 101240
3363.000 100558
3364.000 99900
3365.000 99242
3366.000 100558
3367.000 99900
3368.000 99900
3369.000 99900
3370.000 99571
3371.000 98560
3372.000 100911
3373.000 100558
3374.000 99242
3375.000 99900
3376.000 100558
3377.000 99900
3378.000 99242
3379.000 100558
3380.000 99900
3381.000 99242
3382.000 99900
3383.000 99900
3384.000 98560
3385.000 101240
3386.000 98560
3387.000 101240
3388.000 99900
3389.000 99900
3390.000 100229
3391.000 99571
3392.000 100558
3393.000 99242
3394.000 99900
3395.000 99900
3396.000 100558
3397.000 99242
3398.000 99900
3399.000 99900
3400.000 98560
3401.000 101240
3402.000 99559
3403.000 100241
3404.000 99900
3405.000 100558
3406.000 97902
3407.000 100229
3408.000 100911
3409.000 98560
3410.000 101240
3411.000 100558
3412.000 99242
3413.000 99900
3414.000 99218
3415.000 100582
3416.000 98560
3417.000 99900
3418.000 100229
3419.000 100911
3420.000 100229
3421.000 99571
3422.000 99900
3423.000 99900
3424.000 99900
3425.000 99900
3426.000 100558
3427.000 99242
3428.000 99900
3429.000 99900
3430.000 99900
3431.000 100558
3432.000 99242
3433.000 99900
3434.000 99900
3435.000 99900
3436.000 99900
3437.000 100558
3438.000 99242
3439.000 99900
3440.000 99900
3441.000 99900
3442.000 99218
3443.000 100582
3444.000 99900
3445.000 99900
3446.000 99900
3447.000 99900
3448.000 99900
3449.000 98560
3450.000 101240
3451.000 99900
3452.000 98560
3453.000 101240
3454.000 100558
3455.000 99242
3456.000 99900
3457.000 99900
3458.000 100229
3459.000 99571
3460.000 98889
3461.000 100911
3462.000 99900
3463.000 99900
3464.000 98889
3465.000 100911
3466.000 99900
3467.000 99900
3468.000 99900
3469.000 99900
3470.000 99900
3471.000 99900
3472.000 99900
3473.000 99900
3474.000 99900
3475.000 99900
3476.000 99900
3477.000 99900
3478.000 99900
3479.000 99900
3480.000 99900
3481.000 99900
3482.000 99900
3483.000 99900
3484.000 99900
3485.000 98560
3486.000 101240
3487.000 98560
3488.000 99900
3489.000 101240
3490.000 98560
3491.000 101240
3492.000 98560
3493.000 99900
3494.000 101240
3495.000 99900
3496.000 98889
3497.000 100911
3498.000 99900
3499.000 99900
3500.000 98560
3501.000 99900
3502.000 101240
3503.000 99900
3504.000 98560
3505.000 99900
3506.000 99900
3507.000 101240
3508.000 98560
3509.000 101240
3510.000 99900
3511.000 99900
3512.000 99900
3513.000 98560
3514.000 101240
3515.000 98560
3516.000 101240
3517.000 98560
3518.000 101240
3519.000 99900
3520.000 99900
3521.000 99900
3522.000 98889
3523.000 98913
3524.000 101898
3525.000 98560
3526.000 101240
3527.000 99900
3528.000 99900
3529.000 99900
3530.000 99900
3531.000 99900
3532.000 98889
3533.000 99571
3534.000 99900
3535.000 101240
3536.000 98889
3537.000 99571
3538.000 100229
3539.000 100911
3540.000 98560
3541.000 100229
3542.000 99900
3543.000 99571
3544.000 100558
3545.000 99242
3546.000 99900
3547.000 99900
3548.000 99900
3549.000 101240
3550.000 99900
3551.000 98560
3552.000 101240
3553.000 98560
3554.000 101240
3555.000 98560
3556.000 101240
3557.000 98889
3558.000 99571
3559.000 101240
3560.000 98560
3561.000 101240
3562.000 98560
3563.000 99900
3564.000 99900
3565.000 99900
3566.000 99900
3567.000 99900
3568.000 101240
3569.000 98560
3570.000 101240
3571.000 98560
3572.000 99900
3573.000 99900
3574.000 100558
3575.000 99571
3576.000 99571
3577.000 100229
3578.000 99571
3579.000 101240
3580.000 99900
3581.000 98560
3582.000 101240
3583.000 98560
3584.000 99900
3585.000 99900
3586.000 99900
3587.000 99900
3588.000 99900
3589.000 99900
3590.000 101240
3591.000 98889
3592.000 99571
3593.000 101240
3594.000 99900
3595.000 99559
3596.000 98901
3597.000 101240
3598.000 99900
3599.000 99900
3600.000 99900
3601.000 97902
3602.000 100558
3603.000 99900
3604.000 99900
3605.000 99900
3606.000 99900
3607.000 99900
3608.000 99900
3609.000 99900
3610.000 99900
3611.000 101240
3612.000 98560
3613.000 99900
3614.000 99900
3615.000 99242
3616.000 100558
3617.000 99900
3618.000 99900
3619.000 99900
3620.000 99900
3621.000 101240
3622.000 98560
3623.000 99900
3624.000 99900
3625.000 99900
3626.000 99900
3627.000 99900
3628.000 99900
3629.000 99900
3630.000 99900
3631.000 99242
3632.000 100558
3633.000 99242
3634.000 100558
3635.000 99242
3636.000 100558
3637.000 99900
3638.000 99571
3639.000 100229
3640.000 99900
3641.000 99900
3642.000 99900
3643.000 99900
3644.000 99900
3645.000 99900
3646.000 99242
3647.000 100558
3648.000 99900
3649.000 99900
3650.000 99900
3651.000 99900
3652.000 99900
3653.000 99242
3654.000 100558
3655.000 99900
3656.000 99900
3657.000 99900
3658.000 99242
3659.000 100558
3660.000 99900
3661.000 99242
3662.000 100558
3663.000 99900
3664.000 99900
3665.000 99900
3666.000 99900
3667.000 99900
3668.000 99242
3669.000 100558
3670.000 99242
3671.000 100558
3672.000 99900
3673.000 99900
3674.000 99242
3675.000 99900
3676.000 99900
3677.000 100558
3678.000 99900
3679.000 99900
3680.000 99900
3681.000 99900
3682.000 99900
3683.000 99900
3684.000 99900
3685.000 99900
3686.000 99900
3687.000 99900
3688.000 99900
3689.000 99571
3690.000 100229
3691.000 99900
3692.000 99900
3693.000 99900
3694.000 99571
3695.000 100229
3696.000 99900
3697.000 99900
3698.000 99900
3699.000 99900
3700.000 99900
3701.000 99242
3702.000 99900
3703.000 99900
3704.000 100558
3705.000 99242
3706.000 99900
3707.000 99900
3708.000 100558
3709.000 99900
3710.000 99242
3711.000 99900
3712.000 100558
3713.000 99900
3714.000 99900
3715.000 99242
3716.000 100558
3717.000 99571
3718.000 100229
3719.000 99242
3720.000 100558
3721.000 99900
3722.000 99242
3723.000 99900
3724.000 100558
3725.000 99242
3726.000 99900
3727.000 100558
3728.000 99900
3729.000 99242
3730.000 100558
3731.000 99242
3732.000 100558
3733.000 99242
3734.000 99900
3735.000 100229
3736.000 99571
3737.000 99900
3738.000 99900
3739.000 99900
3740.000 99900
3741.000 99900
3742.000 99900
3743.000 99900
3744.000 100229
3745.000 99571
3746.000 99900
3747.000 99900
3748.000 99900
3749.000 100558
3750.000 99242
3751.000 100558
3752.000 99242
3753.000 99900
3754.000 99900
3755.000 100558
3756.000 99900
3757.000 99900
3758.000 99900
3759.000 99242
3760.000 99900
3761.000 100558
3762.000 99900
3763.000 99242
3764.000 98889
3765.000 101569
3766.000 99242
3767.000 100558
3768.000 98231
3769.000 100911
3770.000 98560
3771.000 101240
3772.000 99900
3773.000 100558
3774.000 99242
3775.000 99900
3776.000 99900
3777.000 99900
3778.000 98560
3779.000 101240
3780.000 99900
3781.000 99900
3782.000 99900
3783.000 99900
3784.000 99900
3785.000 99900
3786.000 99900
3787.000 99900
3788.000 99900
3789.000 99900
3790.000 99900
3791.000 98560
3792.000 101240
3793.000 98560
3794.000 101240
3795.000 99900
3796.000 99900
3797.000 98560
3798.000 101240
3799.000 99900
3800.000 99900
3801.000 99900
3802.000 99900
3803.000 99900
3804.000 99900
3805.000 99900
3806.000 99900
3807.000 99900
3808.000 100558
3809.000 99242
3810.000 100558
3811.000 99242
3812.000 99900
3813.000 99900
3814.000 99900
3815.000 99900
3816.000 98889
3817.000 100911
3818.000 99900
3819.000 98560
3820.000 101240
3821.000 99900
3822.000 99900
3823.000 99900
3824.000 99900
3825.000 99900
3826.000 99900
3827.000 99900
3828.000 99900
3829.000 98889
3830.000 100911
3831.000 99900
3832.000 99900
3833.000 99900
3834.000 99900
3835.000 99900
3836.000 99900
3837.000 99900
3838.000 99900
3839.000 99900
3840.000 99900
3841.000 99900
3842.000 98560
3843.000 101240
3844.000 99900
3845.000 99900
3846.000 99900
3847.000 99900
3848.000 98560
3849.000 101240
3850.000 99900
3851.000 99900
3852.000 99900
3853.000 99900
3854.000 99900
3855.000 99900
3856.000 98560
3857.000 101240
3858.000 99900
3859.000 99900
3860.000 99900
3861.000 98560
3862.000 100899
3863.000 100241
3864.000 99900
3865.000 99900
3866.000 99900
3867.000 99900
3868.000 98889
3869.000 99571
3870.000 99900
3871.000 99900
3872.000 100899
3873.000 100241
3874.000 98560
3875.000 99900
3876.000 100899
3877.000 99230
3878.000 99571
3879.000 101240
3880.000 99900
3881.000 99900
3882.000 99900
3883.000 98560
3884.000 99900
3885.000 101240
3886.000 99900
3887.000 98560
3888.000 99900
3889.000 99900
3890.000 101240
3891.000 99218
3892.000 99242
3893.000 99900
3894.000 101240
3895.000 98560
3896.000 101240
3897.000 97902
3898.000 100558
3899.000 99900
3900.000 99900
3901.000 99900
3902.000 99900
3903.000 99900
3904.000 101240
3905.000 98560
3906.000 101240
3907.000 98560
3908.000 99900
3909.000 99900
3910.000 99900
3911.000 99900
3912.000 99900
3913.000 100229
3914.000 99571
3915.000 99900
3916.000 99900
3917.000 99900
3918.000 101240
3919.000 98560
3920.000 99900
3921.000 99900
3922.000 99900
3923.000 101240
3924.000 99900
3925.000 99900
3926.000 98560
3927.000 99900
3928.000 101240
3929.000 98560
3930.000 99900
3931.000 100229
3932.000 100911
3933.000 98560
3934.000 101240
3935.000 98560
3936.000 99900
3937.000 99900
3938.000 101240
3939.000 98560
3940.000 101240
3941.000 99900
3942.000 98560
3943.000 99900
3944.000 99900
3945.000 99900
3946.000 99900
3947.000 101240
3948.000 97902
3949.000 100558
3950.000 99900
3951.000 99900
3952.000 101240
3953.000 98560
3954.000 99900
3955.000 99900
3956.000 99900
3957.000 99900
3958.000 101240
3959.000 98560
3960.000 101240
3961.000 97902
3962.000 100558
3963.000 99900
3964.000 99900
3965.000 99900
3966.000 99900
3967.000 99900
3968.000 99900
3969.000 99900
3970.000 101240
3971.000 98560
3972.000 99900
3973.000 99242
3974.000 100558
3975.000 99900
3976.000 99900
3977.000 99900
3978.000 99900
3979.000 99900
3980.000 99900
3981.000 99900
3982.000 99900
3983.000 99900
3984.000 99900
3985.000 99900
3986.000 99900
3987.000 100229
3988.000 98913
3989.000 100558
3990.000 99900
3991.000 99900
3992.000 99900
3993.000 99900
3994.000 99900
3995.000 99242
3996.000 100558
3997.000 99900
3998.000 99900
3999.000 99900
4000.000 99900
4001.000 99900
4002.000 99900
4003.000 99900
4004.000 99242
4005.000 100558
4006.000 101240
4007.000 97902
4008.000 100558
4009.000 99242
4010.000 100558
4011.000 99571
4012.000 100229
4013.000 99900
4014.000 99242
4015.000 100558
4016.000 99900
4017.000 99900
4018.000 99900
4019.000 99242
4020.000 100558
4021.000 99900
4022.000 101240
4023.000 98560
4024.000 99900
4025.000 99900
4026.000 99900
4027.000 100229
4028.000 99571
4029.000 99900
4030.000 99900
4031.000 99242
4032.000 100558
4033.000 99900
4034.000 99900
4035.000 99242
4036.000 100558
4037.000 99900
4038.000 99242
4039.000 100229
4040.000 100229
4041.000 99900
4042.000 99900
4043.000 99900
4044.000 99242
4045.000 100558
4046.000 99571
4047.000 99571
4048.000 99900
4049.000 100558
4050.000 99900
4051.000 99900
4052.000 99900
4053.000 99900
4054.000 99900
4055.000 99242
4056.000 100558
4057.000 99571
4058.000 100229
4059.000 99900
4060.000 99900
4061.000 99571
4062.000 99571
4063.000 99900
4064.000 99900
4065.000 100558
4066.000 99242
4067.000 100558
4068.000 99900
4069.000 99242
4070.000 100558
4071.000 99900
4072.000 99900
4073.000 99900
4074.000 99242
4075.000 100558
4076.000 99900
4077.000 99242
4078.000 99900
4079.000 99900
4080.000 100558
4081.000 99242
4082.000 100558
4083.000 99900
4084.000 99900
4085.000 99242
4086.000 99900
4087.000 100558
4088.000 99900
4089.000 99900
4090.000 99900
4091.000 99900
4092.000 99900
4093.000 99900
4094.000 99242
4095.000 100558
4096.000 99900
4097.000 99242
4098.000 99900
4099.000 100558
4100.000 99242
4101.000 99900
4102.000 100558
4103.000 99242
4104.000 100558
4105.000 99242
4106.000 99900
4107.000 100558
4108.000 99900
4109.000 97902
4110.000 101240
4111.000 99900
4112.000 100558
4113.000 99242
4114.000 100558
4115.000 99242
4116.000 99900
4117.000 100229
4118.000 100229
4119.000 99571
4120.000 99571
4121.000 99900
4122.000 100558
4123.000 99571
4124.000 99571
4125.000 100558
4126.000 99900
4127.000 99242
4128.000 99900
4129.000 99900
4130.000 100229
4131.000 99571
4132.000 99900
4133.000 98560
4134.000 101240
4135.000 99900
4136.000 100558
4137.000 99242
4138.000 98560
4139.000 101240
4140.000 99900
4141.000 99900
4142.000 99900
4143.000 99900
4144.000 99900
4145.000 100558
4146.000 99900
4147.000 99242
4148.000 98560
4149.000 101240
4150.000 98560
4151.000 99900
4152.000 101240
4153.000 98560
4154.000 101240
4155.000 99900
4156.000 99900
4157.000 98560
4158.000 99900
4159.000 101240
4160.000 99900
4161.000 100558
4162.000 99242
4163.000 99900
4164.000 98560
4165.000 101240
4166.000 99900
4167.000 99900
4168.000 98889
4169.000 100911
4170.000 99900
4171.000 98560
4172.000 101240
4173.000 99900
4174.000 99900
4175.000 99900
4176.000 99900
4177.000 99900
4178.000 98560
4179.000 101240
4180.000 99900
4181.000 98560
4182.000 101240
4183.000 99900
4184.000 99900
4185.000 99900
4186.000 99900
4187.000 100558
4188.000 99242
4189.000 99900
4190.000 100229
4191.000 98231
4192.000 101240
4193.000 99900
4194.000 99900
4195.000 99900
4196.000 98889
4197.000 100911
4198.000 98560
4199.000 101240
4200.000 99900
4201.000 99900
4202.000 99900
4203.000 98889
4204.000 100911
4205.000 99900
4206.000 99900
4207.000 99900
4208.000 99900
4209.000 99900
4210.000 99900
4211.000 99900
4212.000 99900
4213.000 98560
4214.000 99900
4215.000 100899
4216.000 100241
4217.000 98560
4218.000 99900
4219.000 100899
4220.000 100241
4221.000 98560
4222.000 99900
4223.000 99900
4224.000 101240
4225.000 99900
4226.000 99900
4227.000 98560
4228.000 101240
4229.000 98560
4230.000 100229
4231.000 100911
4232.000 99900
4233.000 98560
4234.000 100558
4235.000 99242
4236.000 99900
4237.000 101240
4238.000 98889
4239.000 99571
4240.000 101240
4241.000 99900
4242.000 99900
4243.000 98560
4244.000 101240
4245.000 99900
4246.000 98560
4247.000 99900
4248.000 101240
4249.000 98889
4250.000 99571
4251.000 101240
4252.000 98560
4253.000 99900
4254.000 99900
4255.000 99900
4256.000 99900
4257.000 99900
4258.000 101240
4259.000 98560
4260.000 101240
4261.000 98560
4262.000 99900
4263.000 101240
4264.000 99900
4265.000 98560
4266.000 100229
4267.000 99571
4268.000 100229
4269.000 99571
4270.000 101240
4271.000 98560
4272.000 101240
4273.000 99900
4274.000 99900
4275.000 98560
4276.000 99900
4277.000 99900
4278.000 99900
4279.000 99900
4280.000 101240
4281.000 98560
4282.000 101240
4283.000 98889
4284.000 100911
4285.000 98231
4286.000 100229
4287.000 99900
4288.000 99242
4289.000 101898
4290.000 98560
4291.000 99900
4292.000 99900
4293.000 100899
4294.000 99230
4295.000 99571
4296.000 99900
4297.000 99900
4298.000 100229
4299.000 99571
4300.000 99900
4301.000 99900
4302.000 101240
4303.000 98560
4304.000 99900
4305.000 99900
4306.000 99571
4307.000 100229
4308.000 99242
4309.000 100558
4310.000 99900
4311.000 99242
4312.000 100558
4313.000 99900
4314.000 99900
4315.000 99900
4316.000 99900
4317.000 99900
4318.000 100558
4319.000 99242
4320.000 99900
4321.000 99900
4322.000 99900
4323.000 99900
4324.000 99242
4325.000 100558
4326.000 99900
4327.000 99900
4328.000 99900
4329.000 99900
4330.000 99900
4331.000 99900
4332.000 99900
4333.000 99900
4334.000 99900
4335.000 99900
4336.000 99900
4337.000 99900
4338.000 99900
4339.000 99900
4340.000 99900
4341.000 101240
4342.000 98560
4343.000 99900
4344.000 101240
4345.000 98560
4346.000 99900
4347.000 99242
4348.000 100558
4349.000 99900
4350.000 99900
4351.000 99900
4352.000 99900
4353.000 101240
4354.000 99900
4355.000 98560
4356.000 99900
4357.000 99900
4358.000 99900
4359.000 99571
4360.000 100229
4361.000 99900
4362.000 99900
4363.000 99571
4364.000 100229
4365.000 99571
4366.000 99900
4367.000 100229
4368.000 99900
4369.000 99900
4370.000 99900
4371.000 99900
4372.000 99900
4373.000 99900
4374.000 99242
4375.000 100558
4376.000 99242
4377.000 101898
4378.000 98560
4379.000 99900
4380.000 99242
4381.000 99900
4382.000 100558
4383.000 99900
4384.000 99242
4385.000 100558
4386.000 99900
4387.000 99900
4388.000 99242
4389.000 100558
4390.000 99900
4391.000 99900
4392.000 99242
4393.000 100558
4394.000 99900
4395.000 99900
4396.000 100229
4397.000 99571
4398.000 99242
4399.000 99900
4400.000 99900
4401.000 100558
4402.000 99900
4403.000 99900
4404.000 99900
4405.000 99900
4406.000 99900
4407.000 99900
4408.000 99900
4409.000 99900
4410.000 99900
4411.000 99242
4412.000 99900
4413.000 100558
4414.000 99900
4415.000 99571
4416.000 100229
4417.000 99242
4418.000 100558
4419.000 99242
4420.000 99900
4421.000 99900
4422.000 100558
4423.000 99900
4424.000 99900
4425.000 99900
4426.000 99242
4427.000 99900
4428.000 99900
4429.000 99900
4430.000 100558
4431.000 99242
4432.000 99900
4433.000 99900
4434.000 99900
4435.000 100558
4436.000 99900
4437.000 99900
4438.000 99900
4439.000 99242
4440.000 100558
4441.000 99242
4442.000 100558
4443.000 99242
4444.000 100558
4445.000 99900
4446.000 99900
4447.000 99242
4448.000 99900
4449.000 99900
4450.000 99900
4451.000 100558
4452.000 99242
4453.000 99900
4454.000 100558
4455.000 99242
4456.000 99559
4457.000 100241
4458.000 100558
4459.000 99900
4460.000 99242
4461.000 100558
4462.000 98231
4463.000 100911
4464.000 100558
4465.000 99900
4466.000 99900
4467.000 99242
4468.000 100558
4469.000 99900
4470.000 99242
4471.000 99900
4472.000 100558
4473.000 99242
4474.000 99900
4475.000 98560
4476.000 101898
4477.000 99242
4478.000 99900
4479.000 99900
4480.000 99900
4481.000 99900
4482.000 100558
4483.000 99900
4484.000 99242
4485.000 100558
4486.000 99242
4487.000 98560
4488.000 101898
4489.000 99242
4490.000 98560
4491.000 99900
4492.000 100558
4493.000 99242
4494.000 101569
4495.000 100229
4496.000 99900
4497.000 99242
4498.000 99900
4499.000 99900
4500.000 99900
4501.000 99900
4502.000 99900
4503.000 99900
4504.000 99900
4505.000 99900
4506.000 99900
4507.000 99900
4508.000 99900
4509.000 99900
4510.000 100558
4511.000 99242
4512.000 100558
4513.000 97902
4514.000 101569
4515.000 99571
4516.000 99900
4517.000 99900
4518.000 99900
4519.000 99900
4520.000 99900
4521.000 99900
4522.000 99900
4523.000 99900
4524.000 100558
4525.000 99242
4526.000 98560
4527.000 101240
4528.000 99900
4529.000 99900
4530.000 99900
4531.000 100558
4532.000 99242
4533.000 99900
4534.000 99900
4535.000 99900
4536.000 98560
4537.000 101240
4538.000 98889
4539.000 100911
4540.000 99900
4541.000 99900
4542.000 99900
4543.000 99900
4544.000 99900
4545.000 98560
4546.000 99900
4547.000 101240
4548.000 100558
4549.000 99242
4550.000 99900
4551.000 99900
4552.000 99559
4553.000 100241
4554.000 98560
4555.000 101240
4556.000 98560
4557.000 101240
4558.000 98889
4559.000 100911
4560.000 99900
4561.000 98560
4562.000 101240
4563.000 98560
4564.000 101240
4565.000 98560
4566.000 101240
4567.000 99900
4568.000 98560
4569.000 99900
4570.000 101240
4571.000 99900
4572.000 99900
4573.000 98560
4574.000 101240
4575.000 98889
4576.000 99571
4577.000 101240
4578.000 98560
4579.000 99900
4580.000 101240
4581.000 99900
4582.000 98889
4583.000 99571
4584.000 99900
4585.000 101240
4586.000 99900
4587.000 99900
4588.000 99900
4589.000 99900
4590.000 99900
4591.000 99900
4592.000 98560
4593.000 101240
4594.000 99900
4595.000 99900
4596.000 99900
4597.000 99900
4598.000 98889
4599.000 100911
4600.000 98560
4601.000 101240
4602.000 99900
4603.000 99900
4604.000 99900
4605.000 98560
4606.000 101240
4607.000 99900
4608.000 98560
4609.000 101240
4610.000 99900
4611.000 99900
4612.000 98560
4613.000 101240
4614.000 99900
4615.000 99900
4616.000 98560
4617.000 101240
4618.000 99900
4619.000 98560
4620.000 101240
4621.000 98560
4622.000 99900
4623.000 99900
4624.000 101240
4625.000 99900
4626.000 98560
4627.000 101240
4628.000 99900
4629.000 99900
4630.000 98560
4631.000 101240
4632.000 99900
4633.000 99900
4634.000 99900
4635.000 98560
4636.000 99900
4637.000 99900
4638.000 101240
4639.000 100229
4640.000 99571
4641.000 98560
4642.000 99900
4643.000 100229
4644.000 99571
4645.000 99900
4646.000 99900
4647.000 101240
4648.000 99900
4649.000 98560
4650.000 99900
4651.000 101240
4652.000 99900
4653.000 99900
4654.000 98560
4655.000 99900
4656.000 99900
4657.000 100558
4658.000 99571
4659.000 100911
4660.000 99900
4661.000 98560
4662.000 101240
4663.000 98560
4664.000 99900
4665.000 101240
4666.000 99900
4667.000 98560
4668.000 100229
4669.000 99571
4670.000 99900
4671.000 100229
4672.000 99571
4673.000 99900
4674.000 101240
4675.000 98560
4676.000 99900
4677.000 99900
4678.000 99900
4679.000 101240
4680.000 99900
4681.000 98889
4682.000 100911
4683.000 99900
4684.000 98560
4685.000 99900
4686.000 99900
4687.000 99900
4688.000 99900
4689.000 99900
4690.000 99900
4691.000 99900
4692.000 99900
4693.000 100229
4694.000 99571
4695.000 99900
4696.000 99900
4697.000 101240
4698.000 98560
4699.000 99900
4700.000 99900
4701.000 99900
4702.000 99900
4703.000 99900
4704.000 99900
4705.000 99571
4706.000 100229
4707.000 99900
4708.000 99571
4709.000 100229
4710.000 99900
4711.000 99900
4712.000 99900
4713.000 99900
4714.000 99242
4715.000 100558
4716.000 99900
4717.000 99900
4718.000 99900
4719.000 99900
4720.000 99900
4721.000 99900
4722.000 99900
4723.000 99900
4724.000 99900
4725.000 99900
4726.000 99571
4727.000 100229
4728.000 99900
4729.000 99242
4730.000 100558
4731.000 99900
4732.000 99900
4733.000 99242
4734.000 99900
4735.000 100558
4736.000 99900
4737.000 99900
4738.000 99242
4739.000 99900
4740.000 100558
4741.000 99900
4742.000 99900
4743.000 99900
4744.000 99242
4745.000 100558
4746.000 99900
4747.000 99242
4748.000 99900
4749.000 100558
4750.000 99242
4751.000 99900
4752.000 100558
4753.000 99900
4754.000 99900
4755.000 99900
4756.000 99900
4757.000 99900
4758.000 99900
4759.000 99900
4760.000 99900
4761.000 99900
4762.000 99900
4763.000 99900
4764.000 99900
4765.000 99900
4766.000 99900
4767.000 99900
4768.000 99900
4769.000 31968
