# Slice: URLLC | 112.217.128.202:17028 -> 10.215.173.1:49003 (UDP)
# offset_sec  packet_size_bytes
0.000 21978
1.000 99900
2.000 98889
3.000 100911
4.000 99218
5.000 100582
6.000 98560
7.000 101240
8.000 98560
9.000 99900
10.000 100229
11.000 99571
12.000 101240
13.000 99559
14.000 98901
15.000 99900
16.000 101240
17.000 98889
18.000 100911
19.000 98560
20.000 101240
21.000 99900
22.000 99900
23.000 98560
24.000 100558
25.000 100582
26.000 99900
27.000 98889
28.000 100911
29.000 99900
30.000 99900
31.000 99900
32.000 99900
33.000 98560
34.000 99900
35.000 101240
36.000 98560
37.000 101240
38.000 98560
39.000 101240
40.000 98560
41.000 101240
42.000 98560
43.000 101240
44.000 99900
45.000 98560
46.000 99900
47.000 101240
48.000 98889
49.000 99900
50.000 99571
51.000 99900
52.000 101240
53.000 99218
54.000 99242
55.000 99900
56.000 99900
57.000 99900
58.000 99900
59.000 99900
60.000 99900
61.000 101240
62.000 98560
63.000 99900
64.000 100558
65.000 100582
66.000 98560
67.000 99900
68.000 99900
69.000 99900
70.000 99900
71.000 99900
72.000 99900
73.000 99900
74.000 99900
75.000 101240
76.000 98560
77.000 100229
78.000 99571
79.000 99900
80.000 99900
81.000 100229
82.000 99900
83.000 99571
84.000 99900
85.000 100229
86.000 99571
87.000 99242
88.000 100558
89.000 99900
90.000 99900
91.000 99900
92.000 101240
93.000 98560
94.000 99900
95.000 99900
96.000 99900
97.000 100229
98.000 99571
99.000 99900
100.000 99900
101.000 99900
102.000 99900
103.000 99900
104.000 99900
105.000 99900
106.000 99900
107.000 99900
108.000 99900
109.000 99900
110.000 99900
111.000 99900
112.000 99900
113.000 99900
114.000 99900
115.000 99900
116.000 99900
117.000 99900
118.000 99900
119.000 99900
120.000 99900
121.000 99900
122.000 99900
123.000 99900
124.000 99900
125.000 99900
126.000 99900
127.000 99900
128.000 99900
129.000 99900
130.000 99900
131.000 99900
132.000 99900
133.000 99900
134.000 99900
135.000 99900
136.000 99900
137.000 99900
138.000 99900
139.000 99900
140.000 99900
141.000 99242
142.000 100558
143.000 99900
144.000 99900
145.000 99900
146.000 99900
147.000 99900
148.000 99900
149.000 99900
150.000 99900
151.000 97902
152.000 101898
153.000 99900
154.000 99900
155.000 99900
156.000 99900
157.000 99242
158.000 100558
159.000 99900
160.000 99900
161.000 99242
162.000 100558
163.000 99900
164.000 99900
165.000 99900
166.000 99900
167.000 97902
168.000 101898
169.000 99900
170.000 99242
171.000 100558
172.000 99242
173.000 99900
174.000 100558
175.000 99900
176.000 99900
177.000 99900
178.000 99900
179.000 99900
180.000 99900
181.000 99900
182.000 98231
183.000 101569
184.000 99242
185.000 100558
186.000 99242
187.000 98560
188.000 101240
189.000 99900
190.000 100558
191.000 99900
192.000 99242
193.000 100558
194.000 99900
195.000 99900
196.000 99242
197.000 100558
198.000 99900
199.000 99900
200.000 99900
201.000 99900
202.000 99900
203.000 99571
204.000 100229
205.000 99900
206.000 99571
207.000 100229
208.000 99900
209.000 99900
210.000 99242
211.000 100558
212.000 99242
213.000 100558
214.000 99242
215.000 100558
216.000 99242
217.000 99900
218.000 100229
219.000 100229
220.000 99571
221.000 99571
222.000 99218
223.000 100582
224.000 99900
225.000 99900
226.000 99900
227.000 100229
228.000 99571
229.000 99900
230.000 99900
231.000 99900
232.000 99559
233.000 98901
234.000 101240
235.000 99900
236.000 99900
237.000 99900
238.000 99900
239.000 99900
240.000 99900
241.000 99900
242.000 100558
243.000 99900
244.000 99242
245.000 99900
246.000 99900
247.000 99900
248.000 99900
249.000 99900
250.000 99900
251.000 98560
252.000 101898
253.000 99242
254.000 99900
255.000 99900
256.000 99900
257.000 99900
258.000 99900
259.000 100558
260.000 99242
261.000 99900
262.000 99900
263.000 100229
264.000 99571
265.000 99900
266.000 100558
267.000 99900
268.000 99242
269.000 99900
270.000 99900
271.000 99900
272.000 100229
273.000 99571
274.000 98889
275.000 100229
276.000 100582
277.000 99900
278.000 99900
279.000 99900
280.000 99900
281.000 99900
282.000 99900
283.000 99900
284.000 99900
285.000 98560
286.000 101240
287.000 99900
288.000 99900
289.000 98560
290.000 99900
291.000 99900
292.000 101240
293.000 99900
294.000 99900
295.000 99900
296.000 98560
297.000 101240
298.000 99900
299.000 99900
300.000 98889
301.000 99571
302.000 101240
303.000 99900
304.000 98560
305.000 100229
306.000 100911
307.000 99900
308.000 98560
309.000 101240
310.000 99559
311.000 98901
312.000 99900
313.000 99900
314.000 99900
315.000 99900
316.000 101240
317.000 98560
318.000 99900
319.000 101240
320.000 98560
321.000 99900
322.000 101240
323.000 99900
324.000 98560
325.000 101240
326.000 99900
327.000 99900
328.000 99900
329.000 99900
330.000 99900
331.000 99900
332.000 98560
333.000 99900
334.000 99900
335.000 100899
336.000 98901
337.000 99900
338.000 99900
339.000 100558
340.000 100582
341.000 99900
342.000 99900
343.000 98560
344.000 101240
345.000 99900
346.000 98560
347.000 101240
348.000 98560
349.000 101240
350.000 98560
351.000 99900
352.000 101240
353.000 99900
354.000 98560
355.000 99900
356.000 99900
357.000 101240
358.000 98560
359.000 99900
360.000 99900
361.000 100229
362.000 99900
363.000 99571
364.000 101240
365.000 98560
366.000 99900
367.000 99900
368.000 99900
369.000 99900
370.000 99900
371.000 101240
372.000 98560
373.000 99900
374.000 99900
375.000 99900
376.000 101240
377.000 98889
378.000 99571
379.000 99900
380.000 101240
381.000 98231
382.000 100229
383.000 101240
384.000 98560
385.000 99900
386.000 99900
387.000 99900
388.000 99900
389.000 99900
390.000 99900
391.000 99900
392.000 99900
393.000 99900
394.000 99900
395.000 99900
396.000 99900
397.000 99900
398.000 101240
399.000 98560
400.000 99900
401.000 99900
402.000 99900
403.000 99900
404.000 99900
405.000 101240
406.000 98560
407.000 98231
408.000 101569
409.000 99900
410.000 99900
411.000 99900
412.000 99900
413.000 99900
414.000 99900
415.000 99900
416.000 99900
417.000 99900
418.000 99900
419.000 99900
420.000 99900
421.000 99900
422.000 99900
423.000 99900
424.000 99900
425.000 99900
426.000 99900
427.000 99900
428.000 99900
429.000 99900
430.000 99242
431.000 100558
432.000 99242
433.000 100229
434.000 100229
435.000 100229
436.000 99571
437.000 99900
438.000 99900
439.000 99900
440.000 99900
441.000 99900
442.000 99900
443.000 99900
444.000 99900
445.000 99900
446.000 99900
447.000 99900
448.000 99900
449.000 99900
450.000 99900
451.000 99900
452.000 99900
453.000 99900
454.000 99900
455.000 99900
456.000 99900
457.000 99900
458.000 99900
459.000 99900
460.000 99900
461.000 99900
462.000 99900
463.000 99900
464.000 99900
465.000 99900
466.000 99900
467.000 99900
468.000 99900
469.000 99900
470.000 99571
471.000 99900
472.000 100229
473.000 99900
474.000 99900
475.000 99900
476.000 99900
477.000 99900
478.000 99242
479.000 100558
480.000 99900
481.000 99242
482.000 100558
483.000 99900
484.000 99900
485.000 99242
486.000 99900
487.000 100558
488.000 99900
489.000 98231
490.000 100911
491.000 100229
492.000 99571
493.000 100558
494.000 99900
495.000 99900
496.000 99242
497.000 99218
498.000 100582
499.000 99900
500.000 99900
501.000 100558
502.000 99242
503.000 100229
504.000 99571
505.000 100229
506.000 100229
507.000 99900
508.000 99242
509.000 100558
510.000 99900
511.000 99242
512.000 100229
513.000 99571
514.000 100558
515.000 99242
516.000 99900
517.000 100558
518.000 99571
519.000 99571
520.000 99900
521.000 100558
522.000 99900
523.000 99242
524.000 99900
525.000 100558
526.000 99900
527.000 99900
528.000 99242
529.000 98560
530.000 101898
531.000 99242
532.000 99900
533.000 98889
534.000 101569
535.000 99900
536.000 99900
537.000 97902
538.000 101898
539.000 99900
540.000 99242
541.000 100558
542.000 99242
543.000 99900
544.000 99900
545.000 99900
546.000 100558
547.000 99242
548.000 100558
549.000 99900
550.000 99900
551.000 99242
552.000 99900
553.000 99900
554.000 99900
555.000 99900
556.000 99900
557.000 99900
558.000 99900
559.000 99900
560.000 99900
561.000 99900
562.000 99900
563.000 99900
564.000 100558
565.000 99242
566.000 99900
567.000 99900
568.000 99900
569.000 99900
570.000 99900
571.000 99900
572.000 99900
573.000 99900
574.000 99900
575.000 99559
576.000 100241
577.000 99900
578.000 99900
579.000 99900
580.000 98560
581.000 99900
582.000 101240
583.000 100558
584.000 99242
585.000 99900
586.000 99900
587.000 99900
588.000 99900
589.000 99900
590.000 99900
591.000 99900
592.000 99900
593.000 99900
594.000 99900
595.000 99900
596.000 98889
597.000 99571
598.000 101240
599.000 99900
600.000 99900
601.000 99900
602.000 98889
603.000 100911
604.000 98560
605.000 101240
606.000 98560
607.000 101240
608.000 99900
609.000 99900
610.000 99900
611.000 99900
612.000 99900
613.000 99900
614.000 99900
615.000 98560
616.000 99900
617.000 101240
618.000 99900
619.000 99900
620.000 99900
621.000 99900
622.000 99900
623.000 99900
624.000 99900
625.000 99900
626.000 99900
627.000 99900
628.000 98560
629.000 101240
630.000 98560
631.000 99900
632.000 101240
633.000 99900
634.000 98560
635.000 101240
636.000 99900
637.000 99900
638.000 98560
639.000 101240
640.000 98560
641.000 101240
642.000 98560
643.000 100229
644.000 100911
645.000 98560
646.000 101240
647.000 99900
648.000 98560
649.000 99242
650.000 100887
651.000 99571
652.000 101240
653.000 97902
654.000 100558
655.000 99900
656.000 99900
657.000 100229
658.000 99571
659.000 101240
660.000 98560
661.000 101240
662.000 98560
663.000 100229
664.000 99571
665.000 100229
666.000 99571
667.000 100899
668.000 98901
669.000 101240
670.000 98889
671.000 100911
672.000 99559
673.000 98901
674.000 99900
675.000 99900
676.000 100229
677.000 99571
678.000 99900
679.000 99900
680.000 100229
681.000 98913
682.000 100558
683.000 99242
684.000 100229
685.000 100229
686.000 101240
687.000 98889
688.000 99571
689.000 98901
690.000 102239
691.000 98560
692.000 99900
693.000 99900
694.000 101240
695.000 98560
696.000 99900
697.000 100899
698.000 98901
699.000 99900
700.000 99242
701.000 99900
702.000 100887
703.000 98572
704.000 102239
705.000 98560
706.000 99900
707.000 99900
708.000 99242
709.000 100558
710.000 99571
711.000 100229
712.000 99900
713.000 99900
714.000 99900
715.000 99900
716.000 100229
717.000 100911
718.000 98560
719.000 99900
720.000 99900
721.000 99242
722.000 100887
723.000 99571
724.000 99900
725.000 99900
726.000 99900
727.000 99571
728.000 100229
729.000 99242
730.000 100558
731.000 99900
732.000 99900
733.000 99900
734.000 99242
735.000 100558
736.000 99900
737.000 99900
738.000 99900
739.000 99900
740.000 99242
741.000 100558
742.000 99900
743.000 99242
744.000 100558
745.000 99900
746.000 99242
747.000 99900
748.000 100558
749.000 99900
750.000 99900
751.000 99242
752.000 100558
753.000 99900
754.000 99242
755.000 99900
756.000 100558
757.000 99242
758.000 99900
759.000 99900
760.000 100229
761.000 99571
762.000 99900
763.000 99900
764.000 100558
765.000 99242
766.000 100558
767.000 99242
768.000 100558
769.000 99900
770.000 99900
771.000 99242
772.000 100558
773.000 99900
774.000 99900
775.000 99900
776.000 99900
777.000 99242
778.000 99900
779.000 100558
780.000 99900
781.000 99242
782.000 100558
783.000 99242
784.000 100558
785.000 99242
786.000 100558
787.000 99242
788.000 100558
789.000 99900
790.000 99242
791.000 99900
792.000 100558
793.000 99900
794.000 99242
795.000 99900
796.000 100558
797.000 99242
798.000 98560
799.000 101240
800.000 99900
801.000 99900
802.000 100558
803.000 99242
804.000 97902
805.000 101898
806.000 99900
807.000 99900
808.000 99900
809.000 99900
810.000 99900
811.000 99900
812.000 99900
813.000 99900
814.000 99900
815.000 99900
816.000 99900
817.000 99900
818.000 99900
819.000 99900
820.000 100229
821.000 99571
822.000 99900
823.000 99900
824.000 99900
825.000 99900
826.000 99900
827.000 99900
828.000 99900
829.000 99900
830.000 99900
831.000 99900
832.000 99900
833.000 99900
834.000 100558
835.000 99242
836.000 99900
837.000 99900
838.000 99900
839.000 99900
840.000 98560
841.000 101240
842.000 99900
843.000 99900
844.000 99900
845.000 99900
846.000 99900
847.000 99900
848.000 99900
849.000 99900
850.000 99900
851.000 99900
852.000 99900
853.000 99900
854.000 99900
855.000 99900
856.000 99900
857.000 99900
858.000 99900
859.000 99900
860.000 99900
861.000 99900
862.000 99900
863.000 99900
864.000 98560
865.000 101240
866.000 99900
867.000 97902
868.000 100558
869.000 100229
870.000 99571
871.000 101240
872.000 99900
873.000 99900
874.000 99900
875.000 99900
876.000 99900
877.000 99900
878.000 99900
879.000 99900
880.000 99900
881.000 99900
882.000 98560
883.000 99900
884.000 99900
885.000 99900
886.000 99900
887.000 101240
888.000 99900
889.000 99900
890.000 100558
891.000 97902
892.000 101240
893.000 99559
894.000 100241
895.000 99900
896.000 99900
897.000 99900
898.000 98560
899.000 101240
900.000 99218
901.000 99242
902.000 99900
903.000 99900
904.000 99900
905.000 99900
906.000 99900
907.000 101240
908.000 98560
909.000 99900
910.000 101240
911.000 99900
912.000 99900
913.000 98889
914.000 100911
915.000 99900
916.000 99900
917.000 99218
918.000 99242
919.000 99900
920.000 99900
921.000 99900
922.000 99900
923.000 100229
924.000 100229
925.000 99242
926.000 100558
927.000 99571
928.000 99571
929.000 99900
930.000 99900
931.000 99900
932.000 99900
933.000 99900
934.000 101240
935.000 98560
936.000 99900
937.000 101240
938.000 99900
939.000 98560
940.000 99900
941.000 99900
942.000 100229
943.000 99571
944.000 99900
945.000 100229
946.000 100911
947.000 98560
948.000 99900
949.000 99900
950.000 99900
951.000 99900
952.000 99900
953.000 99900
954.000 99900
955.000 99900
956.000 99900
957.000 99900
958.000 99900
959.000 99900
960.000 100229
961.000 99242
962.000 100229
963.000 99900
964.000 99900
965.000 99900
966.000 99900
967.000 99900
968.000 99900
969.000 99900
970.000 99900
971.000 99900
972.000 99900
973.000 99900
974.000 99900
975.000 99900
976.000 99900
977.000 99900
978.000 99900
979.000 99900
980.000 99242
981.000 100558
982.000 99900
983.000 99900
984.000 99900
985.000 99900
986.000 99900
987.000 99900
988.000 99900
989.000 99900
990.000 99900
991.000 99900
992.000 99900
993.000 99900
994.000 99900
995.000 99900
996.000 99900
997.000 99900
998.000 99900
999.000 99900
1000.000 99900
1001.000 99900
1002.000 100229
1003.000 99571
1004.000 99242
1005.000 100558
1006.000 99900
1007.000 99242
1008.000 100558
1009.000 99900
1010.000 99900
1011.000 99900
1012.000 99900
1013.000 99900
1014.000 99900
1015.000 99900
1016.000 99900
1017.000 99900
1018.000 99900
1019.000 99900
1020.000 99900
1021.000 100229
1022.000 100911
1023.000 98560
1024.000 99900
1025.000 99900
1026.000 99900
1027.000 99242
1028.000 100558
1029.000 99900
1030.000 99900
1031.000 99900
1032.000 99900
1033.000 99900
1034.000 99900
1035.000 99900
1036.000 99900
1037.000 99900
1038.000 99900
1039.000 99242
1040.000 100558
1041.000 99900
1042.000 99900
1043.000 99242
1044.000 100558
1045.000 99242
1046.000 100558
1047.000 99900
1048.000 99900
1049.000 99900
1050.000 99900
1051.000 99900
1052.000 99900
1053.000 99900
1054.000 99900
1055.000 99900
1056.000 99242
1057.000 100558
1058.000 99900
1059.000 99900
1060.000 99900
1061.000 99900
1062.000 99900
1063.000 99900
1064.000 99900
1065.000 99242
1066.000 100558
1067.000 99242
1068.000 100558
1069.000 99900
1070.000 99900
1071.000 99242
1072.000 100558
1073.000 99900
1074.000 99900
1075.000 99900
1076.000 99900
1077.000 99242
1078.000 100558
1079.000 99242
1080.000 100558
1081.000 98901
1082.000 100899
1083.000 99242
1084.000 100558
1085.000 99242
1086.000 100558
1087.000 98901
1088.000 100899
1089.000 99242
1090.000 100558
1091.000 99900
1092.000 99900
1093.000 99242
1094.000 99900
1095.000 100558
1096.000 99900
1097.000 99900
1098.000 99900
1099.000 99242
1100.000 100558
1101.000 99900
1102.000 99242
1103.000 100558
1104.000 99900
1105.000 99900
1106.000 99900
1107.000 99242
1108.000 100558
1109.000 99900
1110.000 99900
1111.000 99900
1112.000 99900
1113.000 99900
1114.000 99571
1115.000 99571
1116.000 99900
1117.000 100558
1118.000 99242
1119.000 99900
1120.000 99900
1121.000 99900
1122.000 99900
1123.000 99900
1124.000 99900
1125.000 99900
1126.000 99900
1127.000 99900
1128.000 99900
1129.000 100558
1130.000 99900
1131.000 99242
1132.000 100558
1133.000 99242
1134.000 99218
1135.000 100582
1136.000 99900
1137.000 99900
1138.000 99900
1139.000 98560
1140.000 99900
1141.000 101240
1142.000 99900
1143.000 99900
1144.000 99900
1145.000 99900
1146.000 99900
1147.000 99900
1148.000 100229
1149.000 99571
1150.000 99900
1151.000 99900
1152.000 99900
1153.000 99900
1154.000 99900
1155.000 99900
1156.000 98560
1157.000 99900
1158.000 99900
1159.000 101240
1160.000 100558
1161.000 99242
1162.000 99900
1163.000 99900
1164.000 99900
1165.000 99559
1166.000 100241
1167.000 99900
1168.000 99900
1169.000 99900
1170.000 99218
1171.000 100582
1172.000 99900
1173.000 98560
1174.000 101240
1175.000 99900
1176.000 99900
1177.000 99900
1178.000 99900
1179.000 100558
1180.000 99242
1181.000 98889
1182.000 100911
1183.000 99900
1184.000 99900
1185.000 99900
1186.000 99900
1187.000 99900
1188.000 99900
1189.000 99900
1190.000 99218
1191.000 99242
1192.000 99900
1193.000 101240
1194.000 99559
1195.000 98901
1196.000 101240
1197.000 98889
1198.000 100911
1199.000 99218
1200.000 100241
1201.000 99230
1202.000 100911
1203.000 98560
1204.000 101240
1205.000 98889
1206.000 99571
1207.000 101240
1208.000 98560
1209.000 101240
1210.000 99900
1211.000 99900
1212.000 99900
1213.000 98560
1214.000 101240
1215.000 99900
1216.000 99900
1217.000 98560
1218.000 99900
1219.000 99900
1220.000 99900
1221.000 99900
1222.000 99900
1223.000 99900
1224.000 100229
1225.000 99900
1226.000 98913
1227.000 100558
1228.000 101240
1229.000 99900
1230.000 99900
1231.000 99900
1232.000 99900
1233.000 99900
1234.000 99900
1235.000 98560
1236.000 99900
1237.000 101240
1238.000 98560
1239.000 99900
1240.000 101240
1241.000 99900
1242.000 98560
1243.000 101240
1244.000 98560
1245.000 99900
1246.000 99900
1247.000 99900
1248.000 101240
1249.000 99900
1250.000 98560
1251.000 99900
1252.000 100229
1253.000 99571
1254.000 99900
1255.000 99900
1256.000 101240
1257.000 98560
1258.000 100558
1259.000 99242
1260.000 100229
1261.000 99571
1262.000 99900
1263.000 101240
1264.000 99559
1265.000 98901
1266.000 99900
1267.000 99900
1268.000 99900
1269.000 99900
1270.000 100229
1271.000 99571
1272.000 99900
1273.000 99900
1274.000 101240
1275.000 98560
1276.000 99900
1277.000 99900
1278.000 99900
1279.000 99900
1280.000 99900
1281.000 99900
1282.000 99900
1283.000 100558
1284.000 99242
1285.000 101240
1286.000 98560
1287.000 99900
1288.000 100229
1289.000 99571
1290.000 99900
1291.000 99900
1292.000 99900
1293.000 99900
1294.000 99900
1295.000 99900
1296.000 101240
1297.000 98560
1298.000 99900
1299.000 101240
1300.000 98560
1301.000 99900
1302.000 100558
1303.000 99242
1304.000 99900
1305.000 99900
1306.000 99900
1307.000 100229
1308.000 100911
1309.000 98560
1310.000 99900
1311.000 99900
1312.000 99900
1313.000 99900
1314.000 99900
1315.000 99900
1316.000 99900
1317.000 100558
1318.000 99242
1319.000 99900
1320.000 101240
1321.000 98560
1322.000 99242
1323.000 100558
1324.000 99900
1325.000 100229
1326.000 99900
1327.000 99571
1328.000 99900
1329.000 99900
1330.000 99900
1331.000 99242
1332.000 100558
1333.000 99900
1334.000 99242
1335.000 100229
1336.000 100229
1337.000 99242
1338.000 100558
1339.000 99900
1340.000 99900
1341.000 99900
1342.000 99900
1343.000 99900
1344.000 99242
1345.000 100558
1346.000 99900
1347.000 99900
1348.000 99900
1349.000 99900
1350.000 99900
1351.000 99900
1352.000 99900
1353.000 99242
1354.000 100558
1355.000 99242
1356.000 100558
1357.000 99242
1358.000 100558
1359.000 99900
1360.000 99571
1361.000 99571
1362.000 101898
1363.000 98231
1364.000 100229
1365.000 99900
1366.000 99900
1367.000 99900
1368.000 99900
1369.000 99900
1370.000 99900
1371.000 99242
1372.000 99900
1373.000 99559
1374.000 100570
1375.000 100229
1376.000 99900
1377.000 99900
1378.000 99900
1379.000 99900
1380.000 99242
1381.000 100558
1382.000 99900
1383.000 97902
1384.000 101240
1385.000 100558
1386.000 99242
1387.000 100558
1388.000 99900
1389.000 99242
1390.000 100558
1391.000 99242
1392.000 99900
1393.000 99900
1394.000 99900
1395.000 99900
1396.000 100558
1397.000 99900
1398.000 99571
1399.000 99900
1400.000 99571
1401.000 99900
1402.000 99900
1403.000 99900
1404.000 99900
1405.000 100558
1406.000 99242
1407.000 99900
1408.000 99900
1409.000 99900
1410.000 99900
1411.000 99900
1412.000 99900
1413.000 100558
1414.000 99242
1415.000 99900
1416.000 99900
1417.000 99900
1418.000 100558
1419.000 98231
1420.000 100911
1421.000 100558
1422.000 99242
1423.000 99900
1424.000 99218
1425.000 100582
1426.000 99900
1427.000 99900
1428.000 100558
1429.000 99900
1430.000 99242
1431.000 100558
1432.000 99900
1433.000 99242
1434.000 99900
1435.000 100558
1436.000 99242
1437.000 100229
1438.000 100229
1439.000 99242
1440.000 100558
1441.000 99900
1442.000 99242
1443.000 99900
1444.000 98231
1445.000 101569
1446.000 99900
1447.000 99900
1448.000 99900
1449.000 99900
1450.000 100558
1451.000 99900
1452.000 99242
1453.000 100229
1454.000 99571
1455.000 99900
1456.000 100558
1457.000 99242
1458.000 99900
1459.000 99900
1460.000 99900
1461.000 100558
1462.000 99242
1463.000 99900
1464.000 99900
1465.000 99900
1466.000 99900
1467.000 99900
1468.000 99900
1469.000 99559
1470.000 100241
1471.000 99900
1472.000 99900
1473.000 99900
1474.000 100558
1475.000 99242
1476.000 99900
1477.000 99900
1478.000 98560
1479.000 101240
1480.000 99900
1481.000 99900
1482.000 99559
1483.000 100241
1484.000 99559
1485.000 100241
1486.000 99900
1487.000 99900
1488.000 99900
1489.000 99900
1490.000 98889
1491.000 100911
1492.000 99900
1493.000 99900
1494.000 97902
1495.000 101898
1496.000 98560
1497.000 100899
1498.000 100241
1499.000 99218
1500.000 100582
1501.000 98560
1502.000 101240
1503.000 99218
1504.000 100582
1505.000 99900
1506.000 99900
1507.000 99900
1508.000 98560
1509.000 101240
1510.000 99900
1511.000 99900
1512.000 98889
1513.000 100911
1514.000 99900
1515.000 99900
1516.000 99900
1517.000 99900
1518.000 99900
1519.000 99900
1520.000 99900
1521.000 99218
1522.000 99242
1523.000 99900
1524.000 101240
1525.000 99900
1526.000 99900
1527.000 99900
1528.000 99900
1529.000 99900
1530.000 99900
1531.000 99559
1532.000 100241
1533.000 99900
1534.000 99900
1535.000 98231
1536.000 99900
1537.000 101569
1538.000 99900
1539.000 98889
1540.000 100911
1541.000 99900
1542.000 99559
1543.000 100241
1544.000 99900
1545.000 99900
1546.000 99900
1547.000 98560
1548.000 101240
1549.000 98560
1550.000 101240
1551.000 99900
1552.000 99900
1553.000 98560
1554.000 100229
1555.000 100911
1556.000 99900
1557.000 99900
1558.000 99900
1559.000 99900
1560.000 99900
1561.000 99900
1562.000 98560
1563.000 101240
1564.000 98889
1565.000 100911
1566.000 99900
1567.000 99900
1568.000 99559
1569.000 98243
1570.000 101216
1571.000 99242
1572.000 99900
1573.000 100229
1574.000 99571
1575.000 100229
1576.000 99571
1577.000 99900
1578.000 99900
1579.000 99900
1580.000 99900
1581.000 99900
1582.000 99900
1583.000 99900
1584.000 99900
1585.000 99900
1586.000 100229
1587.000 99571
1588.000 99900
1589.000 101240
1590.000 97902
1591.000 100558
1592.000 99900
1593.000 99900
1594.000 99900
1595.000 99900
1596.000 99900
1597.000 99900
1598.000 99900
1599.000 99900
1600.000 99900
1601.000 101240
1602.000 98560
1603.000 99900
1604.000 99900
1605.000 99900
1606.000 99900
1607.000 99900
1608.000 99900
1609.000 99900
1610.000 99571
1611.000 100229
1612.000 99900
1613.000 99900
1614.000 99900
1615.000 100229
1616.000 99571
1617.000 99900
1618.000 99900
1619.000 100558
1620.000 99242
1621.000 100229
1622.000 98913
1623.000 100558
1624.000 99242
1625.000 99900
1626.000 100558
1627.000 99900
1628.000 99242
1629.000 100229
1630.000 100558
1631.000 99571
1632.000 99900
1633.000 101240
1634.000 97902
1635.000 100229
1636.000 100229
1637.000 99900
1638.000 99900
1639.000 99900
1640.000 99900
1641.000 99242
1642.000 100558
1643.000 99571
1644.000 100229
1645.000 99900
1646.000 99242
1647.000 100558
1648.000 99242
1649.000 100558
1650.000 99242
1651.000 100229
1652.000 100229
1653.000 99242
1654.000 100558
1655.000 99242
1656.000 100558
1657.000 99900
1658.000 99242
1659.000 100229
1660.000 99571
1661.000 100229
1662.000 99571
1663.000 99900
1664.000 99900
1665.000 100229
1666.000 99571
1667.000 100558
1668.000 99900
1669.000 99242
1670.000 100558
1671.000 99900
1672.000 99900
1673.000 99242
1674.000 99900
1675.000 100558
1676.000 99900
1677.000 99900
1678.000 99242
1679.000 100558
1680.000 99900
1681.000 99242
1682.000 99900
1683.000 99900
1684.000 100558
1685.000 99900
1686.000 99900
1687.000 99900
1688.000 99242
1689.000 100558
1690.000 99900
1691.000 99900
1692.000 99900
1693.000 99900
1694.000 99242
1695.000 99900
1696.000 100558
1697.000 99900
1698.000 99900
1699.000 99571
1700.000 100229
1701.000 99242
1702.000 100229
1703.000 99571
1704.000 99900
1705.000 99900
1706.000 100229
1707.000 99571
1708.000 100558
1709.000 99900
1710.000 99900
1711.000 99242
1712.000 100558
1713.000 99242
1714.000 100558
1715.000 99242
1716.000 99900
1717.000 99900
1718.000 99900
1719.000 99900
1720.000 100558
1721.000 99242
1722.000 100229
1723.000 100229
1724.000 99242
1725.000 99900
1726.000 99900
1727.000 99900
1728.000 99900
1729.000 99900
1730.000 99900
1731.000 99900
1732.000 99900
1733.000 100558
1734.000 99242
1735.000 99559
1736.000 100241
1737.000 100558
1738.000 99242
1739.000 99900
1740.000 100558
1741.000 99242
1742.000 100558
1743.000 99242
1744.000 100558
1745.000 99900
1746.000 98560
1747.000 101240
1748.000 99242
1749.000 100558
1750.000 99900
1751.000 99900
1752.000 99900
1753.000 99900
1754.000 99242
1755.000 99900
1756.000 99900
1757.000 100558
1758.000 99242
1759.000 99900
1760.000 99900
1761.000 100558
1762.000 99242
1763.000 99900
1764.000 99900
1765.000 99900
1766.000 99900
1767.000 99900
1768.000 100558
1769.000 99242
1770.000 100558
1771.000 99242
1772.000 99900
1773.000 99900
1774.000 99900
1775.000 99900
1776.000 100558
1777.000 97902
1778.000 101240
1779.000 99900
1780.000 99900
1781.000 99218
1782.000 100582
1783.000 99900
1784.000 100558
1785.000 99242
1786.000 99900
1787.000 99900
1788.000 99900
1789.000 99900
1790.000 99900
1791.000 99900
1792.000 99900
1793.000 98560
1794.000 101240
1795.000 99900
1796.000 99900
1797.000 99900
1798.000 98889
1799.000 100911
1800.000 99900
1801.000 98560
1802.000 100558
1803.000 99571
1804.000 100911
1805.000 99900
1806.000 99900
1807.000 99900
1808.000 99900
1809.000 99900
1810.000 99900
1811.000 99900
1812.000 99218
1813.000 100582
1814.000 99900
1815.000 99900
1816.000 99900
1817.000 98560
1818.000 99900
1819.000 101240
1820.000 99559
1821.000 100241
1822.000 99218
1823.000 98913
1824.000 101569
1825.000 98560
1826.000 101240
1827.000 99900
1828.000 99900
1829.000 99900
1830.000 99900
1831.000 99900
1832.000 98560
1833.000 100229
1834.000 99900
1835.000 99571
1836.000 99900
1837.000 101240
1838.000 98560
1839.000 101240
1840.000 98560
1841.000 99900
1842.000 99900
1843.000 101240
1844.000 99559
1845.000 98901
1846.000 101240
1847.000 99218
1848.000 99242
1849.000 101240
1850.000 98560
1851.000 100558
1852.000 99242
1853.000 101240
1854.000 98560
1855.000 101240
1856.000 99900
1857.000 99900
1858.000 99900
1859.000 99900
1860.000 99900
1861.000 99900
1862.000 98560
1863.000 99900
1864.000 101240
1865.000 99900
1866.000 99900
1867.000 98560
1868.000 101240
1869.000 99900
1870.000 99900
1871.000 98560
1872.000 101240
1873.000 99900
1874.000 98560
1875.000 99900
1876.000 99900
1877.000 99900
1878.000 101240
1879.000 98560
1880.000 99900
1881.000 100558
1882.000 100241
1883.000 100241
1884.000 99559
1885.000 100241
1886.000 98560
1887.000 99900
1888.000 99900
1889.000 99900
1890.000 99900
1891.000 101240
1892.000 98560
1893.000 101240
1894.000 98560
1895.000 101240
1896.000 99900
1897.000 99900
1898.000 98560
1899.000 100558
1900.000 99242
1901.000 99900
1902.000 99900
1903.000 99900
1904.000 101240
1905.000 98560
1906.000 99900
1907.000 99900
1908.000 99900
1909.000 99900
1910.000 99900
1911.000 99900
1912.000 99900
1913.000 99900
1914.000 99242
1915.000 100558
1916.000 99900
1917.000 99900
1918.000 99900
1919.000 99900
1920.000 99900
1921.000 100229
1922.000 99571
1923.000 100229
1924.000 98231
1925.000 101240
1926.000 99900
1927.000 99900
1928.000 99900
1929.000 99900
1930.000 99900
1931.000 99242
1932.000 100558
1933.000 99900
1934.000 99900
1935.000 99900
1936.000 99900
1937.000 99900
1938.000 99900
1939.000 99900
1940.000 99900
1941.000 99900
1942.000 99900
1943.000 99242
1944.000 100558
1945.000 99900
1946.000 99900
1947.000 99900
1948.000 99900
1949.000 99900
1950.000 99900
1951.000 99900
1952.000 99900
1953.000 99571
1954.000 99900
1955.000 100229
1956.000 99900
1957.000 99900
1958.000 99900
1959.000 99900
1960.000 99900
1961.000 99900
1962.000 99900
1963.000 99900
1964.000 99900
1965.000 99900
1966.000 99900
1967.000 99900
1968.000 99900
1969.000 99900
1970.000 99900
1971.000 99900
1972.000 99571
1973.000 100229
1974.000 99900
1975.000 99900
1976.000 99900
1977.000 99900
1978.000 99900
1979.000 99900
1980.000 99900
1981.000 99242
1982.000 100558
1983.000 99900
1984.000 98231
1985.000 101569
1986.000 99242
1987.000 100558
1988.000 99242
1989.000 100558
1990.000 99900
1991.000 97902
1992.000 101898
1993.000 99900
1994.000 99900
1995.000 99242
1996.000 100558
1997.000 99900
1998.000 99900
1999.000 99242
2000.000 100558
2001.000 99900
2002.000 99242
2003.000 100558
2004.000 99242
2005.000 100229
2006.000 100229
2007.000 99900
2008.000 99242
2009.000 100558
2010.000 99242
2011.000 100558
2012.000 99242
2013.000 99900
2014.000 99900
2015.000 99900
2016.000 99559
2017.000 100570
2018.000 100229
2019.000 99242
2020.000 99900
2021.000 100558
2022.000 99242
2023.000 99900
2024.000 99900
2025.000 98889
2026.000 100911
2027.000 99900
2028.000 98560
2029.000 101240
2030.000 100558
2031.000 99900
2032.000 99242
2033.000 100558
2034.000 99242
2035.000 99900
2036.000 98560
2037.000 101569
2038.000 99571
2039.000 99900
2040.000 99900
2041.000 100229
2042.000 99900
2043.000 99230
2044.000 98901
2045.000 99900
2046.000 101240
2047.000 99900
2048.000 99900
2049.000 99900
2050.000 99900
2051.000 100558
2052.000 99242
2053.000 100558
2054.000 99242
2055.000 99900
2056.000 98560
2057.000 101898
2058.000 99242
2059.000 99900
2060.000 99900
2061.000 100558
2062.000 99242
2063.000 99900
2064.000 98560
2065.000 101240
2066.000 99900
2067.000 99559
2068.000 100241
2069.000 99900
2070.000 99900
2071.000 99218
2072.000 100582
2073.000 98560
2074.000 101240
2075.000 99900
2076.000 99900
2077.000 99900
2078.000 99900
2079.000 99900
2080.000 99218
2081.000 100582
2082.000 98560
2083.000 101240
2084.000 99900
2085.000 99559
2086.000 100241
2087.000 99900
2088.000 99900
2089.000 98560
2090.000 101240
2091.000 99900
2092.000 99900
2093.000 99900
2094.000 99900
2095.000 98560
2096.000 101240
2097.000 99900
2098.000 99900
2099.000 98560
2100.000 101240
2101.000 99900
2102.000 99900
2103.000 99900
2104.000 98889
2105.000 99571
2106.000 100558
2107.000 100582
2108.000 99900
2109.000 99900
2110.000 99900
2111.000 99218
2112.000 99242
2113.000 97902
2114.000 101898
2115.000 99900
2116.000 101240
2117.000 99900
2118.000 98560
2119.000 101240
2120.000 98560
2121.000 100558
2122.000 99242
2123.000 101240
2124.000 99900
2125.000 99900
2126.000 98889
2127.000 99571
2128.000 101240
2129.000 98560
2130.000 101240
2131.000 99900
2132.000 98560
2133.000 99900
2134.000 101240
2135.000 98560
2136.000 101240
2137.000 99900
2138.000 99900
2139.000 98560
2140.000 97902
2141.000 101898
2142.000 101240
2143.000 98560
2144.000 99900
2145.000 101240
2146.000 98560
2147.000 99900
2148.000 100558
2149.000 99242
2150.000 99900
2151.000 99900
2152.000 99900
2153.000 99900
2154.000 99900
2155.000 99900
2156.000 99900
2157.000 99900
2158.000 99900
2159.000 99900
2160.000 101240
2161.000 98560
2162.000 101240
2163.000 98560
2164.000 101240
2165.000 98560
2166.000 99900
2167.000 99900
2168.000 99900
2169.000 99900
2170.000 101240
2171.000 98560
2172.000 99900
2173.000 99900
2174.000 99900
2175.000 99900
2176.000 99900
2177.000 99900
2178.000 99900
2179.000 99900
2180.000 99900
2181.000 101240
2182.000 99900
2183.000 98560
2184.000 100229
2185.000 100570
2186.000 98901
2187.000 100229
2188.000 99571
2189.000 99900
2190.000 99900
2191.000 99900
2192.000 99900
2193.000 99900
2194.000 101240
2195.000 99900
2196.000 98560
2197.000 101240
2198.000 98560
2199.000 99900
2200.000 99900
2201.000 99900
2202.000 99900
2203.000 99900
2204.000 99900
2205.000 99900
2206.000 99242
2207.000 100558
2208.000 99900
2209.000 99900
2210.000 99900
2211.000 99900
2212.000 99900
2213.000 99900
2214.000 99900
2215.000 99900
2216.000 99900
2217.000 99900
2218.000 99900
2219.000 100229
2220.000 99571
2221.000 99900
2222.000 99242
2223.000 100558
2224.000 99242
2225.000 100558
2226.000 99900
2227.000 101240
2228.000 98560
2229.000 99900
2230.000 99900
2231.000 99900
2232.000 99900
2233.000 99900
2234.000 99900
2235.000 99900
2236.000 99900
2237.000 99900
2238.000 99900
2239.000 99900
2240.000 99900
2241.000 99900
2242.000 99900
2243.000 99242
2244.000 100558
2245.000 99900
2246.000 99900
2247.000 99900
2248.000 99571
2249.000 100229
2250.000 101240
2251.000 99559
2252.000 98901
2253.000 101240
2254.000 98560
2255.000 100229
2256.000 99571
2257.000 99900
2258.000 99900
2259.000 99900
2260.000 99242
2261.000 100558
2262.000 99900
2263.000 99900
2264.000 99900
2265.000 99571
2266.000 100229
2267.000 99900
2268.000 99900
2269.000 99900
2270.000 99900
2271.000 99242
2272.000 99900
2273.000 100558
2274.000 99242
2275.000 100558
2276.000 99242
2277.000 100558
2278.000 100229
2279.000 99571
2280.000 99900
2281.000 99242
2282.000 100558
2283.000 97902
2284.000 101898
2285.000 99900
2286.000 99900
2287.000 99242
2288.000 100558
2289.000 99900
2290.000 99900
2291.000 99242
2292.000 100558
2293.000 99900
2294.000 99900
2295.000 99571
2296.000 100229
2297.000 97902
2298.000 101898
2299.000 99242
2300.000 100558
2301.000 98901
2302.000 100899
2303.000 99242
2304.000 100558
2305.000 99242
2306.000 100558
2307.000 99900
2308.000 99900
2309.000 99900
2310.000 99242
2311.000 99900
2312.000 99900
2313.000 100558
2314.000 99900
2315.000 99900
2316.000 99242
2317.000 100558
2318.000 99900
2319.000 98560
2320.000 101240
2321.000 99242
2322.000 100558
2323.000 99242
2324.000 99900
2325.000 98560
2326.000 101240
2327.000 99900
2328.000 99900
2329.000 98889
2330.000 100911
2331.000 99900
2332.000 100558
2333.000 99900
2334.000 99242
2335.000 99559
2336.000 100241
2337.000 99218
2338.000 100582
2339.000 99900
2340.000 100558
2341.000 99242
2342.000 99900
2343.000 100558
2344.000 99242
2345.000 100558
2346.000 98560
2347.000 99242
2348.000 101240
2349.000 100558
2350.000 99900
2351.000 99242
2352.000 100558
2353.000 99242
2354.000 100558
2355.000 99242
2356.000 99900
2357.000 99900
2358.000 100558
2359.000 99242
2360.000 99900
2361.000 100558
2362.000 99242
2363.000 100558
2364.000 99242
2365.000 100558
2366.000 99242
2367.000 99900
2368.000 99900
2369.000 99900
2370.000 99900
2371.000 98889
2372.000 100911
2373.000 99900
2374.000 99900
2375.000 99900
2376.000 100558
2377.000 99242
2378.000 99900
2379.000 98560
2380.000 101240
2381.000 99900
2382.000 99900
2383.000 99900
2384.000 99900
2385.000 99900
2386.000 100558
2387.000 99242
2388.000 99900
2389.000 100558
2390.000 99242
2391.000 99900
2392.000 99900
2393.000 99900
2394.000 99218
2395.000 100582
2396.000 98560
2397.000 101240
2398.000 99900
2399.000 99900
2400.000 99218
2401.000 100582
2402.000 99900
2403.000 98560
2404.000 101240
2405.000 99559
2406.000 98901
2407.000 99900
2408.000 101240
2409.000 98560
2410.000 101240
2411.000 98560
2412.000 101240
2413.000 98560
2414.000 101240
2415.000 99900
2416.000 99900
2417.000 99900
2418.000 99900
2419.000 99900
2420.000 99900
2421.000 99900
2422.000 98560
2423.000 101240
2424.000 99900
2425.000 98560
2426.000 101240
2427.000 99900
2428.000 99900
2429.000 99900
2430.000 99900
2431.000 99559
2432.000 99230
2433.000 100911
2434.000 98560
2435.000 101240
2436.000 99218
2437.000 100582
2438.000 99900
2439.000 99900
2440.000 99900
2441.000 98560
2442.000 101240
2443.000 99900
2444.000 99900
2445.000 98560
2446.000 101240
2447.000 99900
2448.000 98560
2449.000 101240
2450.000 99900
2451.000 99218
2452.000 100582
2453.000 99900
2454.000 99900
2455.000 99900
2456.000 99900
2457.000 99900
2458.000 98560
2459.000 100229
2460.000 100911
2461.000 99218
2462.000 100582
2463.000 98889
2464.000 100911
2465.000 99900
2466.000 98560
2467.000 100899
2468.000 99230
2469.000 100911
2470.000 99900
2471.000 99900
2472.000 99900
2473.000 98560
2474.000 99900
2475.000 99900
2476.000 101240
2477.000 98560
2478.000 101240
2479.000 98560
2480.000 99900
2481.000 99900
2482.000 101240
2483.000 98560
2484.000 99900
2485.000 99900
2486.000 99900
2487.000 101240
2488.000 98560
2489.000 99900
2490.000 99900
2491.000 99900
2492.000 101240
2493.000 98560
2494.000 100229
2495.000 100911
2496.000 99559
2497.000 98901
2498.000 101240
2499.000 98560
2500.000 99900
2501.000 99571
2502.000 100558
2503.000 99571
2504.000 99900
2505.000 100229
2506.000 100570
2507.000 98901
2508.000 99571
2509.000 98560
2510.000 102909
2511.000 97902
2512.000 100229
2513.000 100229
2514.000 99900
2515.000 99900
2516.000 99900
2517.000 99900
2518.000 99900
2519.000 99900
2520.000 99242
2521.000 100558
2522.000 99900
2523.000 99900
2524.000 99900
2525.000 99900
2526.000 99900
2527.000 99900
2528.000 99900
2529.000 99900
2530.000 99900
2531.000 101240
2532.000 98560
2533.000 99571
2534.000 100229
2535.000 100229
2536.000 99900
2537.000 99571
2538.000 99242
2539.000 100558
2540.000 99242
2541.000 100558
2542.000 99900
2543.000 99900
2544.000 99900
2545.000 99900
2546.000 99242
2547.000 100558
2548.000 99900
2549.000 99900
2550.000 99900
2551.000 99900
2552.000 99900
2553.000 99900
2554.000 99900
2555.000 99900
2556.000 99900
2557.000 99900
2558.000 99900
2559.000 99242
2560.000 100558
2561.000 99900
2562.000 99900
2563.000 99900
2564.000 99242
2565.000 100558
2566.000 99242
2567.000 100558
2568.000 99571
2569.000 99900
2570.000 100229
2571.000 99571
2572.000 99571
2573.000 100558
2574.000 99900
2575.000 99900
2576.000 99242
2577.000 100229
2578.000 99900
2579.000 99571
2580.000 99900
2581.000 100558
2582.000 99900
2583.000 99900
2584.000 98560
2585.000 100582
2586.000 99900
2587.000 99900
2588.000 99900
2589.000 99900
2590.000 100558
2591.000 99242
2592.000 100558
2593.000 99242
2594.000 100558
2595.000 99900
2596.000 99242
2597.000 100558
2598.000 99242
2599.000 99900
2600.000 99900
2601.000 100558
2602.000 99900
2603.000 99900
2604.000 99242
2605.000 99900
2606.000 99900
2607.000 99900
2608.000 100558
2609.000 99900
2610.000 99900
2611.000 99242
2612.000 100558
2613.000 99242
2614.000 99900
2615.000 99900
2616.000 99900
2617.000 100558
2618.000 99900
2619.000 99571
2620.000 100229
2621.000 99900
2622.000 99900
2623.000 99242
2624.000 99900
2625.000 99900
2626.000 100558
2627.000 99242
2628.000 99900
2629.000 99900
2630.000 99900
2631.000 100558
2632.000 99242
2633.000 99900
2634.000 99900
2635.000 99900
2636.000 99900
2637.000 99900
2638.000 99900
2639.000 99900
2640.000 99900
2641.000 99900
2642.000 99900
2643.000 99900
2644.000 99900
2645.000 99900
2646.000 99900
2647.000 99900
2648.000 99900
2649.000 99900
2650.000 99559
2651.000 100241
2652.000 99900
2653.000 99900
2654.000 99900
2655.000 99900
2656.000 99900
2657.000 99900
2658.000 99900
2659.000 99900
2660.000 99218
2661.000 100582
2662.000 99900
2663.000 99900
2664.000 99900
2665.000 99900
2666.000 99900
2667.000 99900
2668.000 99900
2669.000 99900
2670.000 99900
2671.000 99900
2672.000 99900
2673.000 99900
2674.000 99900
2675.000 99900
2676.000 99900
2677.000 99900
2678.000 99900
2679.000 99900
2680.000 99900
2681.000 99900
2682.000 99900
2683.000 99900
2684.000 99900
2685.000 98560
2686.000 101240
2687.000 99900
2688.000 99900
2689.000 99900
2690.000 99900
2691.000 99900
2692.000 99559
2693.000 100241
2694.000 99900
2695.000 99900
2696.000 99900
2697.000 99900
2698.000 99900
2699.000 99900
2700.000 99900
2701.000 99900
2702.000 99900
2703.000 99900
2704.000 99900
2705.000 99900
2706.000 99900
2707.000 99900
2708.000 99900
2709.000 99900
2710.000 99900
2711.000 99900
2712.000 99900
2713.000 99900
2714.000 99900
2715.000 99900
2716.000 98560
2717.000 101240
2718.000 99900
2719.000 99900
2720.000 99900
2721.000 99900
2722.000 99900
2723.000 99900
2724.000 99900
2725.000 99900
2726.000 99900
2727.000 99900
2728.000 99900
2729.000 99900
2730.000 99900
2731.000 99900
2732.000 99900
2733.000 99900
2734.000 99900
2735.000 99900
2736.000 99900
2737.000 99218
2738.000 100582
2739.000 99900
2740.000 99900
2741.000 99900
2742.000 98560
2743.000 101240
2744.000 99900
2745.000 98560
2746.000 101240
2747.000 99900
2748.000 98889
2749.000 100911
2750.000 98560
2751.000 101240
2752.000 99900
2753.000 99900
2754.000 99900
2755.000 99900
2756.000 99900
2757.000 99900
2758.000 98560
2759.000 101240
2760.000 99900
2761.000 98889
2762.000 100911
2763.000 98560
2764.000 101240
2765.000 99900
2766.000 98560
2767.000 99900
2768.000 101240
2769.000 98560
2770.000 99900
2771.000 101240
2772.000 99900
2773.000 98560
2774.000 101240
2775.000 98560
2776.000 99900
2777.000 101240
2778.000 99900
2779.000 98889
2780.000 100911
2781.000 99900
2782.000 99900
2783.000 99900
2784.000 99900
2785.000 98560
2786.000 99900
2787.000 101240
2788.000 99900
2789.000 99900
2790.000 99900
2791.000 98560
2792.000 99900
2793.000 99900
2794.000 99900
2795.000 101240
2796.000 99900
2797.000 99900
2798.000 99900
2799.000 99900
2800.000 99900
2801.000 99900
2802.000 98889
2803.000 99571
2804.000 100558
2805.000 98913
2806.000 100229
2807.000 101240
2808.000 98560
2809.000 99900
2810.000 100558
2811.000 99242
2812.000 99900
2813.000 99900
2814.000 101240
2815.000 98560
2816.000 100229
2817.000 99571
2818.000 101240
2819.000 99900
2820.000 98560
2821.000 99900
2822.000 100899
2823.000 100241
2824.000 99900
2825.000 98560
2826.000 99900
2827.000 99900
2828.000 99571
2829.000 100229
2830.000 99900
2831.000 99900
2832.000 99900
2833.000 99900
2834.000 99900
2835.000 99900
2836.000 99900
2837.000 99900
2838.000 99900
2839.000 99900
2840.000 99900
2841.000 99900
2842.000 99900
2843.000 99900
2844.000 100899
2845.000 98901
2846.000 99900
2847.000 99900
2848.000 99900
2849.000 99900
2850.000 99900
2851.000 99242
2852.000 100558
2853.000 99571
2854.000 100229
2855.000 99900
2856.000 99242
2857.000 100558
2858.000 99900
2859.000 99900
2860.000 99900
2861.000 99900
2862.000 99900
2863.000 99900
2864.000 99900
2865.000 99900
2866.000 99900
2867.000 99900
2868.000 99242
2869.000 100558
2870.000 99900
2871.000 99900
2872.000 99900
2873.000 99900
2874.000 99900
2875.000 99900
2876.000 99242
2877.000 99900
2878.000 100558
2879.000 99900
2880.000 99900
2881.000 99900
2882.000 99900
2883.000 99900
2884.000 99900
2885.000 99900
2886.000 99900
2887.000 99900
2888.000 99900
2889.000 99900
2890.000 99900
2891.000 99900
2892.000 99242
2893.000 100558
2894.000 99900
2895.000 99571
2896.000 100229
2897.000 99900
2898.000 99900
2899.000 99900
2900.000 99571
2901.000 99571
2902.000 99900
2903.000 100229
2904.000 100229
2905.000 99242
2906.000 100558
2907.000 99900
2908.000 97902
2909.000 101898
2910.000 99900
2911.000 99242
2912.000 99900
2913.000 99900
2914.000 100558
2915.000 99900
2916.000 99242
2917.000 100558
2918.000 99571
2919.000 100229
2920.000 99242
2921.000 99900
2922.000 100229
2923.000 100229
2924.000 99900
2925.000 99242
2926.000 98560
2927.000 101240
2928.000 99900
2929.000 100229
2930.000 100229
2931.000 99571
2932.000 99571
2933.000 100558
2934.000 99571
2935.000 99571
2936.000 100229
2937.000 100229
2938.000 99242
2939.000 99900
2940.000 99900
2941.000 99900
2942.000 100558
2943.000 99900
2944.000 99900
2945.000 99242
2946.000 100558
2947.000 99900
2948.000 99242
2949.000 100558
2950.000 99900
2951.000 99900
2952.000 99900
2953.000 99900
2954.000 99900
2955.000 99242
2956.000 100558
2957.000 99242
2958.000 100558
2959.000 99900
2960.000 99242
2961.000 99900
2962.000 99900
2963.000 100229
2964.000 99571
2965.000 100558
2966.000 99900
2967.000 99242
2968.000 99900
2969.000 99900
2970.000 100558
2971.000 99242
2972.000 99900
2973.000 99900
2974.000 99900
2975.000 99900
2976.000 99900
2977.000 99900
2978.000 99900
2979.000 99900
2980.000 99900
2981.000 99900
2982.000 99900
2983.000 99900
2984.000 99900
2985.000 99900
2986.000 99900
2987.000 99900
2988.000 99900
2989.000 98560
2990.000 101240
2991.000 99900
2992.000 100558
2993.000 99242
2994.000 99218
2995.000 99242
2996.000 101240
2997.000 99900
2998.000 99900
2999.000 99900
3000.000 99900
3001.000 99559
3002.000 100241
3003.000 99218
3004.000 100582
3005.000 99900
3006.000 98889
3007.000 100911
3008.000 99900
3009.000 99900
3010.000 99900
3011.000 99900
3012.000 99900
3013.000 99900
3014.000 99900
3015.000 99900
3016.000 99900
3017.000 99900
3018.000 99900
3019.000 100229
3020.000 98231
3021.000 101240
3022.000 99900
3023.000 99900
3024.000 99900
3025.000 99900
3026.000 99900
3027.000 99900
3028.000 99900
3029.000 99900
3030.000 99900
3031.000 99900
3032.000 99900
3033.000 99900
3034.000 99900
3035.000 98560
3036.000 101240
3037.000 99218
3038.000 100582
3039.000 98560
3040.000 101240
3041.000 99900
3042.000 99900
3043.000 98560
3044.000 101240
3045.000 98560
3046.000 101240
3047.000 98560
3048.000 101240
3049.000 99900
3050.000 99900
3051.000 98560
3052.000 100558
3053.000 100582
3054.000 99900
3055.000 98889
3056.000 99571
3057.000 99900
3058.000 99900
3059.000 101240
3060.000 99900
3061.000 98889
3062.000 99571
3063.000 99900
3064.000 100229
3065.000 99571
3066.000 99900
3067.000 99900
3068.000 101240
3069.000 99900
3070.000 98560
3071.000 100558
3072.000 99242
3073.000 99900
3074.000 99900
3075.000 99900
3076.000 100899
3077.000 100241
3078.000 99900
3079.000 98560
3080.000 99900
3081.000 99900
3082.000 101240
3083.000 99900
3084.000 98560
3085.000 101240
3086.000 98560
3087.000 99900
3088.000 100229
3089.000 99571
3090.000 99900
3091.000 101240
3092.000 98231
3093.000 100229
3094.000 99900
3095.000 101240
3096.000 98560
3097.000 101240
3098.000 99900
3099.000 99900
3100.000 98560
3101.000 101240
3102.000 99900
3103.000 98560
3104.000 100558
3105.000 99242
3106.000 100899
3107.000 98901
3108.000 99900
3109.000 99900
3110.000 99900
3111.000 99900
3112.000 101240
3113.000 98560
3114.000 100229
3115.000 99571
3116.000 99900
3117.000 99900
3118.000 99242
3119.000 100558
3120.000 99900
3121.000 99900
3122.000 99900
3123.000 99900
3124.000 99900
3125.000 99900
3126.000 99900
3127.000 99900
3128.000 99900
3129.000 99900
3130.000 99900
3131.000 99900
3132.000 99900
3133.000 99900
3134.000 99900
3135.000 99900
3136.000 99900
3137.000 99900
3138.000 99900
3139.000 99900
3140.000 99900
3141.000 99900
3142.000 99900
3143.000 99900
3144.000 99900
3145.000 99900
3146.000 99900
3147.000 99900
3148.000 99900
3149.000 99900
3150.000 100558
3151.000 99242
3152.000 99900
3153.000 101240
3154.000 98560
3155.000 99242
3156.000 100558
3157.000 99900
3158.000 99900
3159.000 101240
3160.000 98560
3161.000 99571
3162.000 100229
3163.000 100229
3164.000 99571
3165.000 99900
3166.000 99242
3167.000 100887
3168.000 99900
3169.000 99571
3170.000 99900
3171.000 99900
3172.000 99900
3173.000 99900
3174.000 99900
3175.000 99900
3176.000 99900
3177.000 99242
3178.000 100558
3179.000 99900
3180.000 99900
3181.000 99900
3182.000 99900
3183.000 99900
3184.000 99571
3185.000 100229
3186.000 99900
3187.000 99571
3188.000 100229
3189.000 99900
3190.000 99242
3191.000 100558
3192.000 99242
3193.000 100558
3194.000 99900
3195.000 99900
3196.000 99900
3197.000 99900
3198.000 99900
3199.000 99900
3200.000 99242
3201.000 100558
3202.000 99900
3203.000 99242
3204.000 100558
3205.000 99900
3206.000 99900
3207.000 99900
3208.000 99242
3209.000 100558
3210.000 99900
3211.000 99900
3212.000 99900
3213.000 99242
3214.000 100558
3215.000 99900
3216.000 99242
3217.000 99900
3218.000 99900
3219.000 100558
3220.000 99900
3221.000 99571
3222.000 99571
3223.000 98560
3224.000 101898
3225.000 99900
3226.000 99242
3227.000 100558
3228.000 99242
3229.000 100558
3230.000 99242
3231.000 99900
3232.000 99242
3233.000 99900
3234.000 100558
3235.000 99571
3236.000 100229
3237.000 99900
3238.000 99571
3239.000 99900
3240.000 99571
3241.000 100229
3242.000 100229
3243.000 99242
3244.000 100558
3245.000 97902
3246.000 101240
3247.000 100558
3248.000 98231
3249.000 100911
3250.000 100229
3251.000 100229
3252.000 97902
3253.000 101898
3254.000 99242
3255.000 99900
3256.000 99900
3257.000 99900
3258.000 99900
3259.000 100558
3260.000 99242
3261.000 100229
3262.000 99571
3263.000 99900
3264.000 99900
3265.000 99900
3266.000 99900
3267.000 99900
3268.000 99900
3269.000 99900
3270.000 99900
3271.000 99900
3272.000 99900
3273.000 99900
3274.000 99900
3275.000 99900
3276.000 99900
3277.000 100558
3278.000 99242
3279.000 99900
3280.000 100558
3281.000 99242
3282.000 99900
3283.000 100558
3284.000 99242
3285.000 99900
3286.000 99218
3287.000 100582
3288.000 98560
3289.000 101240
3290.000 99900
3291.000 98560
3292.000 101240
3293.000 99900
3294.000 100558
3295.000 98231
3296.000 100911
3297.000 99900
3298.000 99900
3299.000 99559
3300.000 100241
3301.000 99900
3302.000 99900
3303.000 99900
3304.000 99900
3305.000 99900
3306.000 99900
3307.000 99900
3308.000 98560
3309.000 101240
3310.000 99900
3311.000 98889
3312.000 100911
3313.000 99900
3314.000 98560
3315.000 99900
3316.000 99900
3317.000 101240
3318.000 98560
3319.000 99900
3320.000 99900
3321.000 101240
3322.000 99900
3323.000 99900
3324.000 98560
3325.000 99900
3326.000 101240
3327.000 99900
3328.000 98560
3329.000 100558
3330.000 99242
3331.000 99900
3332.000 99900
3333.000 99900
3334.000 101240
3335.000 98560
3336.000 101240
3337.000 99900
3338.000 99900
3339.000 98889
3340.000 100911
3341.000 98560
3342.000 99900
3343.000 100229
3344.000 99571
3345.000 99900
3346.000 99900
3347.000 99900
3348.000 99900
3349.000 99900
3350.000 99900
3351.000 101240
3352.000 99900
3353.000 98560
3354.000 99900
3355.000 99900
3356.000 99900
3357.000 100899
3358.000 98901
3359.000 99900
3360.000 99900
3361.000 101240
3362.000 98560
3363.000 99900
3364.000 99900
3365.000 99900
3366.000 99900
3367.000 99900
3368.000 101240
3369.000 98560
3370.000 99900
3371.000 99900
3372.000 99900
3373.000 99900
3374.000 99900
3375.000 99900
3376.000 99900
3377.000 99900
3378.000 99900
3379.000 99900
3380.000 99900
3381.000 99900
3382.000 99900
3383.000 99900
3384.000 99900
3385.000 99900
3386.000 99900
3387.000 99900
3388.000 99900
3389.000 99900
3390.000 99900
3391.000 99900
3392.000 99900
3393.000 99900
3394.000 99900
3395.000 99900
3396.000 99900
3397.000 99900
3398.000 100558
3399.000 99242
3400.000 101240
3401.000 98231
3402.000 100229
3403.000 99900
3404.000 99900
3405.000 99900
3406.000 100229
3407.000 99571
3408.000 99900
3409.000 99900
3410.000 99900
3411.000 99900
3412.000 99900
3413.000 99900
3414.000 99900
3415.000 99900
3416.000 99900
3417.000 99900
3418.000 99900
3419.000 99900
3420.000 99900
3421.000 99900
3422.000 99900
3423.000 99900
3424.000 99900
3425.000 99900
3426.000 99900
3427.000 99900
3428.000 99900
3429.000 99900
3430.000 99900
3431.000 99900
3432.000 99900
3433.000 99900
3434.000 99900
3435.000 99900
3436.000 99900
3437.000 99900
3438.000 99900
3439.000 99900
3440.000 99900
3441.000 99900
3442.000 99242
3443.000 100558
3444.000 99900
3445.000 99900
3446.000 99900
3447.000 99900
3448.000 99900
3449.000 99900
3450.000 99900
3451.000 99900
3452.000 99900
3453.000 99900
3454.000 99900
3455.000 99900
3456.000 99900
3457.000 99900
3458.000 99900
3459.000 99900
3460.000 99900
3461.000 99900
3462.000 99900
3463.000 99242
3464.000 99900
3465.000 100558
3466.000 99900
3467.000 99900
3468.000 99900
3469.000 99242
3470.000 100558
3471.000 99900
3472.000 99900
3473.000 99900
3474.000 99900
3475.000 99242
3476.000 100558
3477.000 99900
3478.000 98560
3479.000 101240
3480.000 99900
3481.000 99242
3482.000 100558
3483.000 99900
3484.000 99900
3485.000 99242
3486.000 100558
3487.000 99900
3488.000 99900
3489.000 99242
3490.000 101898
3491.000 98560
3492.000 99900
3493.000 99900
3494.000 99900
3495.000 99900
3496.000 99900
3497.000 99242
3498.000 100558
3499.000 99900
3500.000 99900
3501.000 99900
3502.000 99900
3503.000 99900
3504.000 97902
3505.000 101898
3506.000 99900
3507.000 99900
3508.000 99242
3509.000 99900
3510.000 99218
3511.000 101240
3512.000 99900
3513.000 99900
3514.000 99242
3515.000 100558
3516.000 99242
3517.000 100558
3518.000 99242
3519.000 100558
3520.000 99900
3521.000 99900
3522.000 99900
3523.000 99900
3524.000 99900
3525.000 99900
3526.000 98901
3527.000 100899
3528.000 99900
3529.000 99242
3530.000 100558
3531.000 99900
3532.000 99900
3533.000 99900
3534.000 99242
3535.000 100558
3536.000 99242
3537.000 100558
3538.000 99900
3539.000 99900
3540.000 99900
3541.000 99900
3542.000 99242
3543.000 100558
3544.000 99900
3545.000 99900
3546.000 97902
3547.000 100229
3548.000 100911
3549.000 100558
3550.000 99900
3551.000 99242
3552.000 100558
3553.000 99242
3554.000 98889
3555.000 101569
3556.000 98231
3557.000 101240
3558.000 100229
3559.000 99242
3560.000 98560
3561.000 101898
3562.000 99571
3563.000 99571
3564.000 99900
3565.000 98560
3566.000 101240
3567.000 99900
3568.000 99900
3569.000 100229
3570.000 98560
3571.000 100911
3572.000 100558
3573.000 99242
3574.000 99900
3575.000 99900
3576.000 100558
3577.000 99900
3578.000 99900
3579.000 99242
3580.000 99900
3581.000 99900
3582.000 99900
3583.000 99900
3584.000 99900
3585.000 99900
3586.000 99900
3587.000 99900
3588.000 99900
3589.000 100558
3590.000 99900
3591.000 99242
3592.000 99900
3593.000 99900
3594.000 99900
3595.000 99900
3596.000 99900
3597.000 100558
3598.000 97902
3599.000 99900
3600.000 101240
3601.000 99900
3602.000 99900
3603.000 99900
3604.000 99900
3605.000 99900
3606.000 100558
3607.000 99242
3608.000 99900
3609.000 99900
3610.000 99900
3611.000 99900
3612.000 98560
3613.000 101240
3614.000 98560
3615.000 99900
3616.000 101240
3617.000 99900
3618.000 98889
3619.000 99571
3620.000 100229
3621.000 100911
3622.000 98889
3623.000 100911
3624.000 99900
3625.000 98560
3626.000 101240
3627.000 98560
3628.000 99900
3629.000 101240
3630.000 98560
3631.000 101240
3632.000 98889
3633.000 99571
3634.000 101240
3635.000 99900
3636.000 99900
3637.000 99900
3638.000 98560
3639.000 99900
3640.000 99900
3641.000 101240
3642.000 99900
3643.000 99900
3644.000 99900
3645.000 99900
3646.000 99900
3647.000 99218
3648.000 100582
3649.000 99900
3650.000 99900
3651.000 99218
3652.000 99242
3653.000 101240
3654.000 99900
3655.000 99900
3656.000 99900
3657.000 99900
3658.000 99900
3659.000 99900
3660.000 99900
3661.000 98560
3662.000 99900
3663.000 100558
3664.000 100582
3665.000 99900
3666.000 99900
3667.000 99900
3668.000 98560
3669.000 101240
3670.000 99900
3671.000 99900
3672.000 99900
3673.000 99900
3674.000 99900
3675.000 98560
3676.000 100229
3677.000 100911
3678.000 98889
3679.000 98913
3680.000 100558
3681.000 100899
3682.000 100241
3683.000 98889
3684.000 100911
3685.000 98560
3686.000 101240
3687.000 99900
3688.000 98560
3689.000 101240
3690.000 98560
3691.000 101240
3692.000 98560
3693.000 99900
3694.000 99900
3695.000 99900
3696.000 99900
3697.000 99900
3698.000 101240
3699.000 98560
3700.000 99900
3701.000 99900
3702.000 101240
3703.000 98560
3704.000 99900
3705.000 99900
3706.000 99900
3707.000 99900
3708.000 99900
3709.000 101240
3710.000 98560
3711.000 99900
3712.000 99900
3713.000 99900
3714.000 99900
3715.000 99900
3716.000 99900
3717.000 99900
3718.000 99900
3719.000 99900
3720.000 99900
3721.000 101240
3722.000 98560
3723.000 99900
3724.000 99900
3725.000 99900
3726.000 99900
3727.000 101240
3728.000 98889
3729.000 99571
3730.000 99900
3731.000 99900
3732.000 99242
3733.000 101898
3734.000 98560
3735.000 99900
3736.000 99900
3737.000 99900
3738.000 100229
3739.000 99571
3740.000 99900
3741.000 99900
3742.000 100558
3743.000 99900
3744.000 99242
3745.000 99900
3746.000 99900
3747.000 99900
3748.000 99900
3749.000 99900
3750.000 99900
3751.000 99900
3752.000 99900
3753.000 99900
3754.000 99242
3755.000 100558
3756.000 99900
3757.000 99900
3758.000 100229
3759.000 99571
3760.000 99900
3761.000 99900
3762.000 99242
3763.000 100558
3764.000 99571
3765.000 99571
3766.000 100558
3767.000 99900
3768.000 99900
3769.000 99900
3770.000 99900
3771.000 99242
3772.000 100558
3773.000 99900
3774.000 99900
3775.000 99900
3776.000 99900
3777.000 99242
3778.000 100558
3779.000 99900
3780.000 99900
3781.000 99242
3782.000 100558
3783.000 99900
3784.000 99900
3785.000 99900
3786.000 99900
3787.000 99900
3788.000 99900
3789.000 99900
3790.000 99900
3791.000 99242
3792.000 100558
3793.000 99900
3794.000 99900
3795.000 99900
3796.000 99900
3797.000 99242
3798.000 100558
3799.000 99900
3800.000 99900
3801.000 99900
3802.000 99900
3803.000 99900
3804.000 99900
3805.000 99242
3806.000 100558
3807.000 99900
3808.000 99900
3809.000 99900
3810.000 99900
3811.000 99900
3812.000 99900
3813.000 99900
3814.000 99900
3815.000 99242
3816.000 100558
3817.000 99900
3818.000 99900
3819.000 98231
3820.000 99571
3821.000 101240
3822.000 100558
3823.000 99242
3824.000 100229
3825.000 99571
3826.000 100558
3827.000 99900
3828.000 99900
3829.000 99242
3830.000 99900
3831.000 99900
3832.000 99900
3833.000 100558
3834.000 99242
3835.000 100558
3836.000 99242
3837.000 100558
3838.000 99900
3839.000 99900
3840.000 99242
3841.000 100558
3842.000 99571
3843.000 99571
3844.000 99900
3845.000 99900
3846.000 99900
3847.000 100558
3848.000 99242
3849.000 99900
3850.000 99900
3851.000 100229
3852.000 99571
3853.000 100558
3854.000 99242
3855.000 99900
3856.000 100558
3857.000 99242
3858.000 99900
3859.000 99900
3860.000 99900
3861.000 99900
3862.000 100229
3863.000 100229
3864.000 99571
3865.000 99571
3866.000 99900
3867.000 99900
3868.000 99900
3869.000 100558
3870.000 99900
3871.000 99900
3872.000 99900
3873.000 99242
3874.000 99900
3875.000 99900
3876.000 100558
3877.000 97902
3878.000 101240
3879.000 99900
3880.000 99900
3881.000 99900
3882.000 99900
3883.000 99900
3884.000 99900
3885.000 99900
3886.000 100558
3887.000 99242
3888.000 99900
3889.000 99900
3890.000 99900
3891.000 99900
3892.000 99900
3893.000 99900
3894.000 99900
3895.000 99900
3896.000 98889
3897.000 100911
3898.000 99900
3899.000 100229
3900.000 99571
3901.000 99900
3902.000 99900
3903.000 100558
3904.000 99242
3905.000 99900
3906.000 99900
3907.000 99900
3908.000 98560
3909.000 101240
3910.000 98889
3911.000 100911
3912.000 99900
3913.000 99900
3914.000 99900
3915.000 99218
3916.000 100582
3917.000 99900
3918.000 99900
3919.000 99900
3920.000 97902
3921.000 101898
3922.000 99900
3923.000 99900
3924.000 99900
3925.000 98560
3926.000 101240
3927.000 99900
3928.000 99900
3929.000 98560
3930.000 100558
3931.000 100582
3932.000 99900
3933.000 99900
3934.000 99900
3935.000 99900
3936.000 98889
3937.000 99571
3938.000 101240
3939.000 99900
3940.000 99900
3941.000 98560
3942.000 100229
3943.000 100911
3944.000 99900
3945.000 99900
3946.000 99900
3947.000 99900
3948.000 99900
3949.000 99900
3950.000 99900
3951.000 99900
3952.000 99900
3953.000 99900
3954.000 98560
3955.000 101240
3956.000 99900
3957.000 99900
3958.000 99900
3959.000 99900
3960.000 99900
3961.000 99900
3962.000 99900
3963.000 99900
3964.000 98560
3965.000 101240
3966.000 97902
3967.000 101898
3968.000 99900
3969.000 97902
3970.000 101898
3971.000 99559
3972.000 98901
3973.000 101240
3974.000 99900
3975.000 99900
3976.000 99900
3977.000 99900
3978.000 99900
3979.000 99900
3980.000 99218
3981.000 99900
3982.000 100582
3983.000 98560
3984.000 100229
3985.000 100911
3986.000 98560
3987.000 101240
3988.000 99900
3989.000 99900
3990.000 98560
3991.000 99242
3992.000 99900
3993.000 101898
3994.000 99900
3995.000 99900
3996.000 98560
3997.000 99242
3998.000 100558
3999.000 99900
4000.000 99571
4001.000 100558
4002.000 99571
4003.000 100229
4004.000 98913
4005.000 101898
4006.000 98560
4007.000 99900
4008.000 99900
4009.000 101240
4010.000 99900
4011.000 99218
4012.000 99242
4013.000 99900
4014.000 101240
4015.000 99900
4016.000 98560
4017.000 99900
4018.000 99900
4019.000 99900
4020.000 99242
4021.000 100558
4022.000 99242
4023.000 100558
4024.000 100558
4025.000 100582
4026.000 99900
4027.000 98231
4028.000 100229
4029.000 99900
4030.000 99242
4031.000 101898
4032.000 98560
4033.000 99900
4034.000 101240
4035.000 99900
4036.000 98560
4037.000 101240
4038.000 99218
4039.000 99242
4040.000 100229
4041.000 100911
4042.000 99900
4043.000 97902
4044.000 100558
4045.000 99900
4046.000 101240
4047.000 98560
4048.000 99900
4049.000 99900
4050.000 100229
4051.000 100570
4052.000 98901
4053.000 99900
4054.000 99900
4055.000 101240
4056.000 98560
4057.000 99242
4058.000 100558
4059.000 99900
4060.000 99900
4061.000 101240
4062.000 98560
4063.000 99900
4064.000 99900
4065.000 99900
4066.000 99242
4067.000 100558
4068.000 99900
4069.000 99900
4070.000 99900
4071.000 99571
4072.000 100229
4073.000 97244
4074.000 102227
4075.000 100887
4076.000 98584
4077.000 100558
4078.000 99900
4079.000 99242
4080.000 100229
4081.000 100229
4082.000 99242
4083.000 99900
4084.000 99900
4085.000 99900
4086.000 100558
4087.000 99571
4088.000 100229
4089.000 99900
4090.000 99900
4091.000 99242
4092.000 100558
4093.000 99900
4094.000 99900
4095.000 99900
4096.000 99571
4097.000 99571
4098.000 99900
4099.000 100229
4100.000 99571
4101.000 99900
4102.000 100558
4103.000 99242
4104.000 100558
4105.000 99900
4106.000 99900
4107.000 99900
4108.000 99900
4109.000 99900
4110.000 99900
4111.000 99571
4112.000 99571
4113.000 99900
4114.000 100558
4115.000 99900
4116.000 99900
4117.000 99900
4118.000 99242
4119.000 100558
4120.000 99242
4121.000 100558
4122.000 99900
4123.000 99900
4124.000 99900
4125.000 99571
4126.000 99900
4127.000 99571
4128.000 100558
4129.000 99571
4130.000 98560
4131.000 101569
4132.000 99900
4133.000 97902
4134.000 101898
4135.000 99900
4136.000 99900
4137.000 99900
4138.000 99900
4139.000 99900
4140.000 99571
4141.000 100229
4142.000 99242
4143.000 100558
4144.000 99242
4145.000 100558
4146.000 99900
4147.000 99900
4148.000 99242
4149.000 100558
4150.000 99242
4151.000 100229
4152.000 99571
4153.000 100229
4154.000 99571
4155.000 99900
4156.000 100558
4157.000 99242
4158.000 99900
4159.000 99900
4160.000 99900
4161.000 99900
4162.000 99900
4163.000 99900
4164.000 99900
4165.000 100229
4166.000 99900
4167.000 100229
4168.000 99242
4169.000 99900
4170.000 99900
4171.000 99900
4172.000 99900
4173.000 99900
4174.000 99900
4175.000 100558
4176.000 99242
4177.000 99900
4178.000 99900
4179.000 100229
4180.000 99571
4181.000 99900
4182.000 100558
4183.000 99242
4184.000 100558
4185.000 99900
4186.000 99242
4187.000 100229
4188.000 100229
4189.000 99900
4190.000 99242
4191.000 99900
4192.000 99900
4193.000 99900
4194.000 100558
4195.000 99571
4196.000 99571
4197.000 99900
4198.000 99900
4199.000 100558
4200.000 99571
4201.000 100229
4202.000 99242
4203.000 99900
4204.000 99900
4205.000 99900
4206.000 99900
4207.000 99900
4208.000 98560
4209.000 101240
4210.000 99900
4211.000 99900
4212.000 99900
4213.000 98889
4214.000 100911
4215.000 100229
4216.000 99571
4217.000 99900
4218.000 99900
4219.000 99900
4220.000 99900
4221.000 99900
4222.000 99218
4223.000 100582
4224.000 99900
4225.000 99900
4226.000 99900
4227.000 99900
4228.000 99900
4229.000 99900
4230.000 99900
4231.000 99900
4232.000 99900
4233.000 99900
4234.000 99900
4235.000 99900
4236.000 99900
4237.000 99900
4238.000 99900
4239.000 99900
4240.000 99900
4241.000 99900
4242.000 99900
4243.000 99559
4244.000 98901
4245.000 101240
4246.000 99900
4247.000 99900
4248.000 99900
4249.000 99900
4250.000 99900
4251.000 99900
4252.000 100558
4253.000 99242
4254.000 99900
4255.000 99900
4256.000 99900
4257.000 99900
4258.000 99900
4259.000 99900
4260.000 100229
4261.000 99571
4262.000 99900
4263.000 98560
4264.000 101240
4265.000 99900
4266.000 99900
4267.000 99900
4268.000 99900
4269.000 99900
4270.000 98560
4271.000 101240
4272.000 99900
4273.000 99900
4274.000 98560
4275.000 101240
4276.000 99900
4277.000 99900
4278.000 98560
4279.000 101240
4280.000 99900
4281.000 99900
4282.000 99900
4283.000 99559
4284.000 100241
4285.000 99900
4286.000 99900
4287.000 99900
4288.000 99900
4289.000 99900
4290.000 99900
4291.000 99900
4292.000 98560
4293.000 101240
4294.000 98560
4295.000 99242
4296.000 101898
4297.000 99900
4298.000 99900
4299.000 99900
4300.000 98560
4301.000 101240
4302.000 98560
4303.000 101240
4304.000 99900
4305.000 99900
4306.000 99900
4307.000 99900
4308.000 99900
4309.000 98560
4310.000 99900
4311.000 101240
4312.000 99900
4313.000 99900
4314.000 98560
4315.000 101240
4316.000 98560
4317.000 99900
4318.000 101240
4319.000 99900
4320.000 98889
4321.000 100911
4322.000 98560
4323.000 101240
4324.000 98889
4325.000 100911
4326.000 99900
4327.000 99900
4328.000 99900
4329.000 99900
4330.000 98889
4331.000 99571
4332.000 99900
4333.000 99242
4334.000 100558
4335.000 101240
4336.000 98560
4337.000 101240
4338.000 98560
4339.000 99571
4340.000 99571
4341.000 100558
4342.000 99900
4343.000 101240
4344.000 98560
4345.000 99242
4346.000 100558
4347.000 99900
4348.000 99900
4349.000 99900
4350.000 100558
4351.000 99242
4352.000 100229
4353.000 99571
4354.000 99900
4355.000 99900
4356.000 99900
4357.000 99900
4358.000 99242
4359.000 100229
4360.000 100229
4361.000 99900
4362.000 99900
4363.000 100229
4364.000 99571
4365.000 99900
4366.000 99900
4367.000 99900
4368.000 99900
4369.000 101240
4370.000 99218
4371.000 99242
4372.000 99900
4373.000 99900
4374.000 101240
4375.000 98560
4376.000 99900
4377.000 100229
4378.000 99571
4379.000 99900
4380.000 99900
4381.000 99900
4382.000 101240
4383.000 98560
4384.000 99900
4385.000 99900
4386.000 99900
4387.000 100558
4388.000 99242
4389.000 99900
4390.000 99900
4391.000 99900
4392.000 99900
4393.000 99900
4394.000 99900
4395.000 99900
4396.000 101240
4397.000 98231
4398.000 99900
4399.000 100229
4400.000 99900
4401.000 99571
4402.000 100229
4403.000 99242
4404.000 100558
4405.000 99242
4406.000 100558
4407.000 99900
4408.000 99900
4409.000 99900
4410.000 99900
4411.000 99900
4412.000 99242
4413.000 100558
4414.000 99571
4415.000 100229
4416.000 99900
4417.000 99900
4418.000 99242
4419.000 100558
4420.000 99900
4421.000 99242
4422.000 100558
4423.000 99900
4424.000 99242
4425.000 99900
4426.000 100558
4427.000 99571
4428.000 100229
4429.000 99242
4430.000 100558
4431.000 99900
4432.000 99900
4433.000 99900
4434.000 99900
4435.000 99900
4436.000 99900
4437.000 99900
4438.000 99900
4439.000 99900
4440.000 99571
4441.000 100229
4442.000 99900
4443.000 99900
4444.000 99571
4445.000 99571
4446.000 100558
4447.000 99900
4448.000 99900
4449.000 99900
4450.000 99900
4451.000 99900
4452.000 99242
4453.000 99900
4454.000 99900
4455.000 100558
4456.000 99900
4457.000 99900
4458.000 99900
4459.000 99242
4460.000 99900
4461.000 99900
4462.000 99900
4463.000 100558
4464.000 99900
4465.000 99900
4466.000 99242
4467.000 100558
4468.000 99242
4469.000 100558
4470.000 99242
4471.000 98560
4472.000 101240
4473.000 99900
4474.000 100558
4475.000 99242
4476.000 100558
4477.000 99242
4478.000 99900
4479.000 100558
4480.000 99242
4481.000 99900
4482.000 99900
4483.000 98560
4484.000 101240
4485.000 100558
4486.000 99242
4487.000 99900
4488.000 99900
4489.000 98560
4490.000 101240
4491.000 99900
4492.000 100558
4493.000 99242
4494.000 99900
4495.000 99900
4496.000 99900
4497.000 99900
4498.000 99900
4499.000 99900
4500.000 99900
4501.000 99900
4502.000 99900
4503.000 99900
4504.000 100558
4505.000 99242
4506.000 99900
4507.000 99900
4508.000 99900
4509.000 99900
4510.000 100558
4511.000 99242
4512.000 99900
4513.000 99900
4514.000 99900
4515.000 99900
4516.000 99900
4517.000 99900
4518.000 99900
4519.000 100558
4520.000 99900
4521.000 99242
4522.000 99900
4523.000 99900
4524.000 99900
4525.000 99900
4526.000 99900
4527.000 99900
4528.000 99900
4529.000 99900
4530.000 100229
4531.000 99571
4532.000 99900
4533.000 98560
4534.000 101569
4535.000 99571
4536.000 99900
4537.000 99900
4538.000 100558
4539.000 99242
4540.000 99900
4541.000 99900
4542.000 99900
4543.000 99900
4544.000 99900
4545.000 99900
4546.000 99900
4547.000 99900
4548.000 98560
4549.000 99900
4550.000 99900
4551.000 101240
4552.000 99900
4553.000 98889
4554.000 100911
4555.000 98560
4556.000 101240
4557.000 99900
4558.000 99900
4559.000 99900
4560.000 99900
4561.000 99900
4562.000 99900
4563.000 99900
4564.000 99900
4565.000 98560
4566.000 100229
4567.000 100911
4568.000 99900
4569.000 99900
4570.000 99900
4571.000 99900
4572.000 99900
4573.000 99900
4574.000 99900
4575.000 99900
4576.000 98560
4577.000 101240
4578.000 99900
4579.000 99900
4580.000 99900
4581.000 99900
4582.000 98889
4583.000 99571
4584.000 101240
4585.000 99218
4586.000 99242
4587.000 99900
4588.000 101240
4589.000 98560
4590.000 99900
4591.000 101240
4592.000 99900
4593.000 99900
4594.000 99900
4595.000 99559
4596.000 98901
4597.000 101240
4598.000 99900
4599.000 98560
4600.000 99900
4601.000 101240
4602.000 99900
4603.000 98560
4604.000 101240
4605.000 98560
4606.000 101240
4607.000 98560
4608.000 99900
4609.000 99900
4610.000 101240
4611.000 98560
4612.000 101240
4613.000 98560
4614.000 99900
4615.000 100229
4616.000 99571
4617.000 99900
4618.000 101240
4619.000 98560
4620.000 99900
4621.000 99900
4622.000 99900
4623.000 99900
4624.000 99900
4625.000 99900
4626.000 99900
4627.000 99900
4628.000 99900
4629.000 100558
4630.000 99242
4631.000 99900
4632.000 99900
4633.000 99900
4634.000 99900
4635.000 99900
4636.000 101240
4637.000 99900
4638.000 99900
4639.000 99900
4640.000 99900
4641.000 99900
4642.000 98560
4643.000 101240
4644.000 98560
4645.000 100899
4646.000 100241
4647.000 98560
4648.000 101240
4649.000 98560
4650.000 101240
4651.000 98560
4652.000 99900
4653.000 99900
4654.000 99900
4655.000 99900
4656.000 99900
4657.000 99900
4658.000 99900
4659.000 99900
4660.000 99900
4661.000 99900
4662.000 99900
4663.000 99900
4664.000 99900
4665.000 99900
4666.000 99900
4667.000 99900
4668.000 99900
4669.000 99900
4670.000 99900
4671.000 99900
4672.000 99900
4673.000 99900
4674.000 99900
4675.000 99900
4676.000 99900
4677.000 99900
4678.000 99900
4679.000 99900
4680.000 99900
4681.000 99900
4682.000 99900
4683.000 99900
4684.000 99900
4685.000 99900
4686.000 99900
4687.000 99900
4688.000 99900
4689.000 99900
4690.000 99900
4691.000 99900
4692.000 99900
4693.000 99900
4694.000 99900
4695.000 99900
4696.000 99900
4697.000 99900
4698.000 99900
4699.000 99900
4700.000 99900
4701.000 99242
4702.000 100558
4703.000 99900
4704.000 99900
4705.000 99900
4706.000 99900
4707.000 99900
4708.000 99900
4709.000 99900
4710.000 99900
4711.000 99900
4712.000 99900
4713.000 99900
4714.000 99900
4715.000 99900
4716.000 99900
4717.000 99900
4718.000 99900
4719.000 99900
4720.000 99900
4721.000 99900
4722.000 99900
4723.000 99900
4724.000 99900
4725.000 99900
4726.000 99900
4727.000 99900
4728.000 99900
4729.000 99900
4730.000 99242
4731.000 100558
4732.000 99900
4733.000 99900
4734.000 99900
4735.000 99571
4736.000 99900
4737.000 100229
4738.000 99900
4739.000 97902
4740.000 101898
4741.000 99900
4742.000 99900
4743.000 99242
4744.000 100558
4745.000 99900
4746.000 99242
4747.000 100558
4748.000 99900
4749.000 99900
4750.000 99900
4751.000 99900
4752.000 99900
4753.000 99242
4754.000 99900
4755.000 99900
4756.000 100558
4757.000 99900
4758.000 99242
4759.000 100229
4760.000 99571
4761.000 99900
4762.000 99900
4763.000 99900
4764.000 100558
4765.000 97902
4766.000 101898
4767.000 99900
4768.000 99900
4769.000 99571
4770.000 100229
4771.000 99900
4772.000 99900
4773.000 99242
4774.000 98889
4775.000 100911
4776.000 100558
4777.000 99242
4778.000 99900
4779.000 99900
4780.000 99900
4781.000 99900
4782.000 99900
4783.000 99900
4784.000 99900
4785.000 99900
4786.000 99900
4787.000 99900
4788.000 99900
4789.000 99900
4790.000 99900
4791.000 100558
4792.000 99242
4793.000 99900
4794.000 99900
4795.000 99900
4796.000 100558
4797.000 99900
4798.000 99242
4799.000 99900
4800.000 99900
4801.000 99900
4802.000 99900
4803.000 99900
4804.000 99900
4805.000 99900
4806.000 99900
4807.000 98889
4808.000 100911
4809.000 99900
4810.000 100229
4811.000 99571
4812.000 99900
4813.000 99900
4814.000 99900
4815.000 99900
4816.000 99900
4817.000 99900
4818.000 99900
4819.000 99900
4820.000 99900
4821.000 99900
4822.000 99900
4823.000 99900
4824.000 99900
4825.000 100558
4826.000 99242
4827.000 100229
4828.000 99571
4829.000 99900
4830.000 100229
4831.000 99571
4832.000 99900
4833.000 98560
4834.000 101240
4835.000 99900
4836.000 99900
4837.000 99900
4838.000 98560
4839.000 101240
4840.000 99900
4841.000 99900
4842.000 99900
4843.000 99900
4844.000 99900
4845.000 99900
4846.000 99900
4847.000 99900
4848.000 98560
4849.000 101240
4850.000 99900
4851.000 99900
4852.000 98560
4853.000 101240
4854.000 99900
4855.000 99900
4856.000 99900
4857.000 99900
4858.000 99900
4859.000 99900
4860.000 99900
4861.000 99900
4862.000 99900
4863.000 99900
4864.000 99900
4865.000 99900
4866.000 99900
4867.000 98560
4868.000 101240
4869.000 99900
4870.000 99900
4871.000 99900
4872.000 98560
4873.000 101240
4874.000 98560
4875.000 101240
4876.000 99900
4877.000 99900
4878.000 99900
4879.000 99900
4880.000 99900
4881.000 99900
4882.000 99900
4883.000 98889
4884.000 100911
4885.000 98560
4886.000 99900
4887.000 100229
4888.000 100911
4889.000 98560
4890.000 100899
4891.000 100241
4892.000 98560
4893.000 101240
4894.000 99900
4895.000 98560
4896.000 100558
4897.000 100582
4898.000 98560
4899.000 99900
4900.000 101240
4901.000 99900
4902.000 99900
4903.000 99900
4904.000 99900
4905.000 98560
4906.000 101240
4907.000 99900
4908.000 98560
4909.000 99900
4910.000 100899
4911.000 98901
4912.000 99900
4913.000 101240
4914.000 98560
4915.000 99900
4916.000 99900
4917.000 99571
4918.000 100229
4919.000 99900
4920.000 99242
4921.000 100558
4922.000 99900
4923.000 100229
4924.000 100911
4925.000 99900
4926.000 97902
4927.000 100558
4928.000 99900
4929.000 99900
4930.000 99900
4931.000 99900
4932.000 101240
4933.000 98560
4934.000 99900
4935.000 101240
4936.000 99900
4937.000 98560
4938.000 99900
4939.000 99900
4940.000 99900
4941.000 99900
4942.000 99900
4943.000 99900
4944.000 101240
4945.000 99900
4946.000 99559
4947.000 100241
4948.000 98231
4949.000 100229
4950.000 99900
4951.000 99900
4952.000 99900
4953.000 99900
4954.000 101240
4955.000 97902
4956.000 101898
4957.000 98560
4958.000 99900
4959.000 99900
4960.000 99900
4961.000 99900
4962.000 99900
4963.000 99242
4964.000 100558
4965.000 99900
4966.000 99900
4967.000 99900
4968.000 99900
4969.000 99900
4970.000 99900
4971.000 99900
4972.000 99900
4973.000 101240
4974.000 97902
4975.000 100558
4976.000 101240
4977.000 98560
4978.000 99900
4979.000 99900
4980.000 99900
4981.000 99571
4982.000 100229
4983.000 99900
4984.000 99900
4985.000 99900
4986.000 99900
4987.000 99900
4988.000 99900
4989.000 99900
4990.000 99900
4991.000 99900
4992.000 99900
4993.000 99900
4994.000 99900
4995.000 99900
4996.000 99242
4997.000 99900
4998.000 100558
4999.000 99242
5000.000 100558
5001.000 99242
5002.000 99900
5003.000 100558
5004.000 99571
5005.000 100229
5006.000 99900
5007.000 99900
5008.000 99900
5009.000 99900
5010.000 99900
5011.000 99900
5012.000 99571
5013.000 100229
5014.000 99900
5015.000 99571
5016.000 99571
5017.000 99900
5018.000 99900
5019.000 100558
5020.000 99242
5021.000 100558
5022.000 99900
5023.000 99242
5024.000 99900
5025.000 100558
5026.000 99900
5027.000 99571
5028.000 99571
5029.000 100558
5030.000 99900
5031.000 99242
5032.000 99900
5033.000 100558
5034.000 99900
5035.000 99242
5036.000 100558
5037.000 99900
5038.000 99900
5039.000 99900
5040.000 99242
5041.000 99900
5042.000 99900
5043.000 100558
5044.000 99242
5045.000 100558
5046.000 99242
5047.000 99900
5048.000 100558
5049.000 99900
5050.000 99242
5051.000 99900
5052.000 99900
5053.000 99900
5054.000 100558
5055.000 99571
5056.000 99571
5057.000 99900
5058.000 100558
5059.000 99242
5060.000 99900
5061.000 99900
5062.000 99900
5063.000 99900
5064.000 99900
5065.000 99900
5066.000 99900
5067.000 99900
5068.000 100558
5069.000 99900
5070.000 99242
5071.000 99900
5072.000 99900
5073.000 99900
5074.000 99900
5075.000 99900
5076.000 99900
5077.000 99900
5078.000 99900
5079.000 99900
5080.000 99900
5081.000 100558
5082.000 99242
5083.000 99900
5084.000 99900
5085.000 99900
5086.000 99900
5087.000 99900
5088.000 99900
5089.000 99900
5090.000 99900
5091.000 99900
5092.000 99900
5093.000 99900
5094.000 99900
5095.000 99900
5096.000 99900
5097.000 99900
5098.000 99900
5099.000 99559
5100.000 100241
5101.000 99900
5102.000 99900
5103.000 99900
5104.000 100229
5105.000 99571
5106.000 99900
5107.000 99900
5108.000 99900
5109.000 99900
5110.000 99900
5111.000 99900
5112.000 99900
5113.000 98560
5114.000 101240
5115.000 99900
5116.000 99900
5117.000 100558
5118.000 99242
5119.000 99900
5120.000 99900
5121.000 100558
5122.000 97902
5123.000 101240
5124.000 99900
5125.000 99900
5126.000 99900
5127.000 99900
5128.000 99900
5129.000 99900
5130.000 99900
5131.000 99900
5132.000 98889
5133.000 100911
5134.000 99900
5135.000 99900
5136.000 99900
5137.000 99900
5138.000 99900
5139.000 99900
5140.000 99900
5141.000 99900
5142.000 99900
5143.000 99900
5144.000 98560
5145.000 101240
5146.000 99900
5147.000 99900
5148.000 99900
5149.000 98560
5150.000 101240
5151.000 99900
5152.000 99900
5153.000 99900
5154.000 99900
5155.000 99900
5156.000 99900
5157.000 99900
5158.000 99900
5159.000 99900
5160.000 99900
5161.000 99900
5162.000 99900
5163.000 99900
5164.000 99900
5165.000 98560
5166.000 101240
5167.000 99900
5168.000 99900
5169.000 99900
5170.000 99900
5171.000 99900
5172.000 99900
5173.000 99900
5174.000 99900
5175.000 97902
5176.000 101557
5177.000 100241
5178.000 99900
5179.000 99900
5180.000 99900
5181.000 99900
5182.000 99900
5183.000 98560
5184.000 101240
5185.000 99900
5186.000 97902
5187.000 101898
5188.000 99900
5189.000 98560
5190.000 101240
5191.000 99900
5192.000 99900
5193.000 98560
5194.000 101240
5195.000 99900
5196.000 99900
5197.000 99900
5198.000 98560
5199.000 100899
5200.000 100241
5201.000 98560
5202.000 100229
5203.000 100911
5204.000 99900
5205.000 98560
5206.000 101240
5207.000 99900
5208.000 98560
5209.000 100899
5210.000 100241
5211.000 98560
5212.000 99900
5213.000 101240
5214.000 99900
5215.000 99900
5216.000 98889
5217.000 100911
5218.000 98560
5219.000 101240
5220.000 99900
5221.000 99218
5222.000 99242
5223.000 99900
5224.000 101240
5225.000 98560
5226.000 99900
5227.000 101240
5228.000 99900
5229.000 99900
5230.000 99900
5231.000 98560
5232.000 100899
5233.000 99230
5234.000 99571
5235.000 100558
5236.000 99242
5237.000 101240
5238.000 98889
5239.000 99571
5240.000 99900
5241.000 99900
5242.000 99900
5243.000 99900
5244.000 99900
5245.000 99900
5246.000 101240
5247.000 99900
5248.000 98560
5249.000 99900
5250.000 100558
5251.000 99242
5252.000 99900
5253.000 99900
5254.000 101240
5255.000 98560
5256.000 101240
5257.000 98560
5258.000 99900
5259.000 99900
5260.000 99900
5261.000 99900
5262.000 98901
5263.000 100899
5264.000 99900
5265.000 99242
5266.000 100558
5267.000 100558
5268.000 99242
5269.000 99900
5270.000 99900
5271.000 99900
5272.000 100229
5273.000 99571
5274.000 99242
5275.000 100558
5276.000 99900
5277.000 99900
5278.000 101240
5279.000 98560
5280.000 101240
5281.000 99900
5282.000 98560
5283.000 101240
5284.000 98889
5285.000 99571
5286.000 99242
5287.000 100558
5288.000 99900
5289.000 99900
5290.000 99900
5291.000 99900
5292.000 99900
5293.000 99900
5294.000 99900
5295.000 99900
5296.000 99900
5297.000 99900
5298.000 99900
5299.000 99900
5300.000 99571
5301.000 100229
5302.000 99900
5303.000 99900
5304.000 99900
5305.000 99900
5306.000 99571
5307.000 100229
5308.000 99900
5309.000 99900
5310.000 99900
5311.000 101240
5312.000 98560
5313.000 99900
5314.000 99900
5315.000 99900
5316.000 99900
5317.000 99900
5318.000 99242
5319.000 100558
5320.000 99900
5321.000 99900
5322.000 99242
5323.000 100558
5324.000 99571
5325.000 100229
5326.000 99900
5327.000 99900
5328.000 99900
5329.000 99571
5330.000 99571
5331.000 100558
5332.000 99900
5333.000 99242
5334.000 100558
5335.000 99900
5336.000 99900
5337.000 99900
5338.000 99900
5339.000 99900
5340.000 99900
5341.000 99900
5342.000 99900
5343.000 99242
5344.000 100558
5345.000 99242
5346.000 100558
5347.000 99900
5348.000 99242
5349.000 100558
5350.000 99900
5351.000 99900
5352.000 99900
5353.000 99242
5354.000 100558
5355.000 99900
5356.000 99900
5357.000 99900
5358.000 99900
5359.000 99900
5360.000 99900
5361.000 99900
5362.000 99900
5363.000 99242
5364.000 100558
5365.000 99900
5366.000 99900
5367.000 99242
5368.000 100558
5369.000 99900
5370.000 99571
5371.000 100229
5372.000 99242
5373.000 100558
5374.000 99900
5375.000 99900
5376.000 99900
5377.000 99242
5378.000 100558
5379.000 99242
5380.000 98560
5381.000 101240
5382.000 99900
5383.000 100229
5384.000 99230
5385.000 100899
5386.000 99242
5387.000 100558
5388.000 99242
5389.000 99900
5390.000 100229
5391.000 99571
5392.000 100558
5393.000 99900
5394.000 99242
5395.000 99900
5396.000 99900
5397.000 99900
5398.000 99900
5399.000 99900
5400.000 100229
5401.000 100229
5402.000 99242
5403.000 100558
5404.000 99242
5405.000 99900
5406.000 99900
5407.000 100558
5408.000 99242
5409.000 100558
5410.000 99242
5411.000 100558
5412.000 99242
5413.000 99900
5414.000 99900
5415.000 99900
5416.000 99900
5417.000 99900
5418.000 100558
5419.000 99242
5420.000 99900
5421.000 99900
5422.000 99900
5423.000 100558
5424.000 99242
5425.000 100558
5426.000 99900
5427.000 99900
5428.000 99242
5429.000 99900
5430.000 99559
5431.000 100241
5432.000 99900
5433.000 99900
5434.000 98560
5435.000 101240
5436.000 99900
5437.000 99900
5438.000 99900
5439.000 99900
5440.000 99900
5441.000 99900
5442.000 100558
5443.000 97902
5444.000 101240
5445.000 99900
5446.000 99900
5447.000 98560
5448.000 101240
5449.000 99900
5450.000 98560
5451.000 101240
5452.000 98560
5453.000 100229
5454.000 100911
5455.000 99900
5456.000 98889
5457.000 99571
5458.000 99900
5459.000 100899
5460.000 100241
5461.000 99900
5462.000 99900
5463.000 99559
5464.000 98901
5465.000 101240
5466.000 100229
5467.000 99571
5468.000 99900
5469.000 99900
5470.000 99900
5471.000 99900
5472.000 99900
5473.000 99900
5474.000 98560
5475.000 101240
5476.000 99900
5477.000 99900
5478.000 99900
5479.000 98560
5480.000 101240
5481.000 99900
5482.000 99900
5483.000 99900
5484.000 98560
5485.000 101240
5486.000 99900
5487.000 98560
5488.000 101240
5489.000 99900
5490.000 99218
5491.000 100582
5492.000 99900
5493.000 99900
5494.000 99900
5495.000 98560
5496.000 101240
5497.000 99900
5498.000 99900
5499.000 99900
5500.000 99900
5501.000 98560
5502.000 99900
5503.000 101240
5504.000 99900
5505.000 99900
5506.000 99900
5507.000 99900
5508.000 98889
5509.000 100911
5510.000 98560
5511.000 101240
5512.000 98560
5513.000 101240
5514.000 98560
5515.000 99571
5516.000 100229
5517.000 99900
5518.000 99900
5519.000 100229
5520.000 98572
5521.000 100899
5522.000 99900
5523.000 99900
5524.000 99900
5525.000 99900
5526.000 101240
5527.000 99900
5528.000 98560
5529.000 99900
5530.000 101240
5531.000 98560
5532.000 99900
5533.000 101240
5534.000 98560
5535.000 99900
5536.000 99900
5537.000 101240
5538.000 98889
5539.000 100911
5540.000 99218
5541.000 99242
5542.000 99900
5543.000 99900
5544.000 99900
5545.000 99900
5546.000 99900
5547.000 99900
5548.000 99900
5549.000 99900
5550.000 101240
5551.000 99900
5552.000 98560
5553.000 99900
5554.000 100229
5555.000 99571
5556.000 99900
5557.000 99900
5558.000 99900
5559.000 99900
5560.000 99900
5561.000 99900
5562.000 100229
5563.000 99571
5564.000 99900
5565.000 99900
5566.000 99900
5567.000 99900
5568.000 99900
5569.000 99900
5570.000 100899
5571.000 98901
5572.000 100229
5573.000 99571
5574.000 101240
5575.000 98889
5576.000 99571
5577.000 99900
5578.000 99900
5579.000 99900
5580.000 99900
5581.000 99900
5582.000 99900
5583.000 99900
5584.000 99900
5585.000 99900
5586.000 99900
5587.000 99900
5588.000 99900
5589.000 99900
5590.000 99900
5591.000 99900
5592.000 99900
5593.000 99900
5594.000 99900
5595.000 99900
5596.000 99900
5597.000 99900
5598.000 99900
5599.000 99900
5600.000 99900
5601.000 98231
5602.000 101569
5603.000 99900
5604.000 99242
5605.000 100558
5606.000 99900
5607.000 99900
5608.000 99900
5609.000 99900
5610.000 99900
5611.000 99900
5612.000 99900
5613.000 99900
5614.000 99900
5615.000 99900
5616.000 99900
5617.000 99900
5618.000 99900
5619.000 99900
5620.000 99900
5621.000 99900
5622.000 99900
5623.000 99242
5624.000 100558
5625.000 99900
5626.000 99900
5627.000 99900
5628.000 99900
5629.000 99900
5630.000 99900
5631.000 99900
5632.000 99900
5633.000 99900
5634.000 99242
5635.000 100558
5636.000 99900
5637.000 99900
5638.000 99900
5639.000 99900
5640.000 99242
5641.000 99900
5642.000 100229
5643.000 99571
5644.000 100229
5645.000 100229
5646.000 98231
5647.000 101569
5648.000 99900
5649.000 99242
5650.000 100558
5651.000 99242
5652.000 100558
5653.000 99900
5654.000 99900
5655.000 99900
5656.000 99242
5657.000 99900
5658.000 99900
5659.000 100558
5660.000 99900
5661.000 99571
5662.000 100229
5663.000 99242
5664.000 99900
5665.000 100558
5666.000 99900
5667.000 99900
5668.000 99900
5669.000 99900
5670.000 97902
5671.000 101240
5672.000 100558
5673.000 99900
5674.000 99900
5675.000 99900
5676.000 99242
5677.000 99900
5678.000 100558
5679.000 99900
5680.000 99900
5681.000 99900
5682.000 99242
5683.000 99900
5684.000 99900
5685.000 99900
5686.000 99900
5687.000 99900
5688.000 99900
5689.000 99900
5690.000 100558
5691.000 99242
5692.000 100558
5693.000 99242
5694.000 99900
5695.000 99900
5696.000 99900
5697.000 99900
5698.000 99900
5699.000 99900
5700.000 99900
5701.000 99900
5702.000 99900
5703.000 99900
5704.000 99900
5705.000 100558
5706.000 99242
5707.000 99900
5708.000 99900
5709.000 100229
5710.000 99571
5711.000 99900
5712.000 99900
5713.000 99900
5714.000 99900
5715.000 99900
5716.000 99900
5717.000 99900
5718.000 99218
5719.000 101240
5720.000 99242
5721.000 99900
5722.000 100558
5723.000 99242
5724.000 99900
5725.000 100558
5726.000 99242
5727.000 99900
5728.000 99900
5729.000 99900
5730.000 100558
5731.000 99242
5732.000 99900
5733.000 99900
5734.000 99900
5735.000 99900
5736.000 99900
5737.000 100558
5738.000 99242
5739.000 99900
5740.000 99900
5741.000 99900
5742.000 99900
5743.000 99900
5744.000 100558
5745.000 99242
5746.000 100558
5747.000 97902
5748.000 101240
5749.000 99900
5750.000 98889
5751.000 100911
5752.000 99900
5753.000 99900
5754.000 99900
5755.000 98560
5756.000 101240
5757.000 99900
5758.000 98560
5759.000 99900
5760.000 99900
5761.000 99900
5762.000 101240
5763.000 98560
5764.000 99900
5765.000 100558
5766.000 100582
5767.000 99900
5768.000 99218
5769.000 100582
5770.000 100558
5771.000 97902
5772.000 99900
5773.000 101240
5774.000 98560
5775.000 99900
5776.000 101240
5777.000 99900
5778.000 99900
5779.000 99900
5780.000 98560
5781.000 101240
5782.000 99900
5783.000 98560
5784.000 101240
5785.000 99900
5786.000 99900
5787.000 98889
5788.000 100911
5789.000 99900
5790.000 98889
5791.000 100911
5792.000 99900
5793.000 99900
5794.000 99900
5795.000 99900
5796.000 99900
5797.000 98560
5798.000 99900
5799.000 100558
5800.000 99242
5801.000 101240
5802.000 99900
5803.000 98560
5804.000 99900
5805.000 100229
5806.000 99571
5807.000 99900
5808.000 101240
5809.000 99559
5810.000 100241
5811.000 99900
5812.000 99900
5813.000 98560
5814.000 99900
5815.000 101240
5816.000 99900
5817.000 98560
5818.000 100899
5819.000 98901
5820.000 99900
5821.000 101240
5822.000 99218
5823.000 100582
5824.000 98560
5825.000 99900
5826.000 101240
5827.000 98560
5828.000 99900
5829.000 99900
5830.000 101240
5831.000 98560
5832.000 99900
5833.000 100229
5834.000 99571
5835.000 99900
5836.000 99900
5837.000 101240
5838.000 98560
5839.000 99900
5840.000 99900
5841.000 99900
5842.000 101240
5843.000 98560
5844.000 99900
5845.000 99900
5846.000 101240
5847.000 98560
5848.000 99900
5849.000 99900
5850.000 101240
5851.000 98560
5852.000 99900
5853.000 99900
5854.000 99900
5855.000 101240
5856.000 99900
5857.000 98560
5858.000 99900
5859.000 101240
5860.000 98560
5861.000 99900
5862.000 100899
5863.000 98901
5864.000 99900
5865.000 99900
5866.000 101240
5867.000 99900
5868.000 99900
5869.000 98560
5870.000 99900
5871.000 99900
5872.000 101240
5873.000 99900
5874.000 99900
5875.000 98560
5876.000 99900
5877.000 99900
5878.000 99900
5879.000 99900
5880.000 99900
5881.000 99900
5882.000 99900
5883.000 99900
5884.000 99900
5885.000 99900
5886.000 99900
5887.000 99900
5888.000 100229
5889.000 99900
5890.000 97902
5891.000 101569
5892.000 100558
5893.000 99242
5894.000 99900
5895.000 99900
5896.000 101240
5897.000 98560
5898.000 100229
5899.000 99571
5900.000 99900
5901.000 99900
5902.000 99900
5903.000 100899
5904.000 98901
5905.000 99900
5906.000 99900
5907.000 99900
5908.000 99900
5909.000 99900
5910.000 99900
5911.000 99900
5912.000 99900
5913.000 99900
5914.000 99900
5915.000 99900
5916.000 99900
5917.000 99900
5918.000 99900
5919.000 99900
5920.000 99900
5921.000 99900
5922.000 99900
5923.000 99900
5924.000 99900
5925.000 99900
5926.000 99900
5927.000 99900
5928.000 99900
5929.000 99900
5930.000 99900
5931.000 99900
5932.000 99900
5933.000 99900
5934.000 99900
5935.000 99900
5936.000 99900
5937.000 99900
5938.000 99900
5939.000 99900
5940.000 99900
5941.000 99900
5942.000 99900
5943.000 99900
5944.000 99900
5945.000 99900
5946.000 99242
5947.000 100558
5948.000 99900
5949.000 99900
5950.000 99900
5951.000 99900
5952.000 99900
5953.000 99900
5954.000 99900
5955.000 99242
5956.000 100558
5957.000 99900
5958.000 99900
5959.000 99900
5960.000 99900
5961.000 99900
5962.000 99242
5963.000 99218
5964.000 101240
5965.000 99900
5966.000 99242
5967.000 100558
5968.000 99900
5969.000 99242
5970.000 99900
5971.000 100558
5972.000 99900
5973.000 99900
5974.000 99900
5975.000 67932
