# Slice: URLLC | 112.217.128.202:15697 -> 10.215.173.1:49006 (UDP)
# offset_sec  packet_size_bytes
0.000 9761
1.000 1182
2.000 1656
3.000 2348
4.000 2828
5.000 1754
6.000 940
7.000 1762
8.000 1990
9.000 2566
10.000 1770
11.000 2054
12.000 2896
13.000 1965
14.000 1200
15.000 2526
16.000 1422
17.000 1024
18.000 977
19.000 902
20.000 910
21.000 902
22.000 940
23.000 902
24.000 948
25.000 940
26.000 902
27.000 1230
28.000 2654
29.000 2185
30.000 864
31.000 994
32.000 1306
33.000 940
34.000 1062
35.000 2434
36.000 1610
37.000 1916
38.000 1672
39.000 1024
40.000 948
41.000 902
42.000 1176
43.000 977
44.000 1586
45.000 1084
46.000 940
47.000 910
48.000 2062
49.000 1922
50.000 2608
51.000 1594
52.000 2090
53.000 1756
54.000 1328
55.000 1542
56.000 1013
57.000 994
58.000 2496
59.000 2122
60.000 1718
61.000 2640
62.000 2200
63.000 3701
64.000 2232
65.000 3578
66.000 2798
67.000 2474
68.000 2587
69.000 3443
70.000 2554
71.000 864
72.000 2531
73.000 1013
74.000 976
75.000 864
76.000 1659
77.000 940
78.000 2057
79.000 1659
80.000 2914
81.000 3582
82.000 1114
83.000 1618
84.000 1964
85.000 1652
86.000 1732
87.000 940
88.000 2970
89.000 2006
90.000 1404
91.000 1396
92.000 902
93.000 977
94.000 918
95.000 1220
96.000 1666
97.000 1130
98.000 1130
99.000 1546
100.000 1968
101.000 1976
102.000 1126
103.000 2578
104.000 1926
105.000 864
106.000 1290
107.000 940
108.000 1222
109.000 1016
110.000 902
111.000 902
112.000 1146
113.000 2098
114.000 2380
115.000 2846
116.000 2524
117.000 2326
118.000 900
119.000 2440
120.000 1990
121.000 2136
122.000 1718
123.000 1138
124.000 1336
125.000 1054
126.000 1016
127.000 1100
128.000 977
129.000 1450
130.000 1664
131.000 1404
132.000 2120
133.000 1344
134.000 2310
135.000 1086
136.000 2228
137.000 2546
138.000 2852
139.000 2150
140.000 2594
141.000 1968
142.000 2480
143.000 2258
144.000 1246
145.000 1528
146.000 2120
147.000 1222
148.000 1430
149.000 2468
150.000 1224
151.000 1406
152.000 2358
153.000 1422
154.000 2504
155.000 2802
156.000 3160
157.000 2878
158.000 1740
159.000 1816
160.000 1794
161.000 2282
162.000 2066
163.000 2340
164.000 2562
165.000 940
166.000 1504
167.000 1374
168.000 2262
169.000 1764
170.000 2600
171.000 1382
172.000 864
173.000 994
174.000 2316
175.000 2068
176.000 1078
177.000 2660
178.000 1998
179.000 1572
180.000 2714
181.000 1472
182.000 956
183.000 1800
184.000 2578
185.000 3004
186.000 2860
187.000 2660
188.000 2138
189.000 2274
190.000 1138
191.000 940
192.000 977
193.000 1686
194.000 2610
195.000 2152
196.000 1876
197.000 2000
198.000 2122
199.000 1442
200.000 1946
201.000 2316
202.000 2250
203.000 2508
204.000 2266
205.000 1892
206.000 1406
207.000 1460
208.000 1450
209.000 1412
210.000 1518
211.000 1384
212.000 1602
213.000 1954
214.000 1938
215.000 1900
216.000 1870
217.000 1872
218.000 1702
219.000 2302
220.000 2466
221.000 2950
222.000 2826
223.000 2966
224.000 2402
225.000 2124
226.000 2464
227.000 2664
228.000 2754
229.000 2516
230.000 2406
231.000 2052
232.000 2120
233.000 2104
234.000 2260
235.000 2388
236.000 2078
237.000 2592
238.000 2538
239.000 2806
240.000 1518
241.000 2418
242.000 2334
243.000 1716
244.000 1952
245.000 2732
246.000 2380
247.000 2562
248.000 2394
249.000 2556
250.000 2500
251.000 2730
252.000 2474
253.000 2918
254.000 2754
255.000 977
256.000 872
257.000 1534
258.000 2320
259.000 2398
260.000 2462
261.000 2950
262.000 2356
263.000 2456
264.000 2768
265.000 2618
266.000 2448
267.000 2806
268.000 2220
269.000 1746
270.000 2416
271.000 2344
272.000 2062
273.000 2308
274.000 2450
275.000 3028
276.000 2562
277.000 3044
278.000 2810
279.000 1908
280.000 1626
281.000 1678
282.000 1940
283.000 2150
284.000 2874
285.000 2340
286.000 985
287.000 1314
288.000 1246
289.000 1298
290.000 1878
291.000 1812
292.000 2590
293.000 2470
294.000 3148
295.000 1990
296.000 3227
297.000 3118
298.000 1696
299.000 1942
300.000 1924
301.000 1978
302.000 2190
303.000 2692
304.000 1754
305.000 2670
306.000 2128
307.000 1946
308.000 2428
309.000 2502
310.000 2562
311.000 2508
312.000 2648
313.000 2798
314.000 2486
315.000 2088
316.000 2342
317.000 2556
318.000 2370
319.000 2570
320.000 2366
321.000 1604
322.000 1981
323.000 2830
324.000 1984
325.000 2114
326.000 2581
327.000 2622
328.000 2568
329.000 2426
330.000 2572
331.000 1938
332.000 2212
333.000 2790
334.000 2844
335.000 2342
336.000 1520
337.000 2524
338.000 1826
339.000 2520
340.000 2220
341.000 902
342.000 940
343.000 1778
344.000 1908
345.000 1450
346.000 1792
347.000 2376
348.000 1214
349.000 880
350.000 1490
351.000 2084
352.000 2720
353.000 2104
354.000 2614
355.000 2182
356.000 2296
357.000 1954
358.000 2708
359.000 1602
360.000 1496
361.000 2266
362.000 2570
363.000 2122
364.000 2562
365.000 2690
366.000 2082
367.000 1440
368.000 1154
369.000 1260
370.000 1056
371.000 1284
372.000 1268
373.000 2190
374.000 2410
375.000 2582
376.000 1680
377.000 2418
378.000 2578
379.000 1516
380.000 2606
381.000 2606
382.000 2782
383.000 2258
384.000 2906
385.000 2358
386.000 2658
387.000 2043
388.000 2800
389.000 2098
390.000 1246
391.000 1180
392.000 1474
393.000 1884
394.000 1352
395.000 1268
396.000 1208
397.000 985
398.000 1420
399.000 1268
400.000 1124
401.000 1366
402.000 1672
403.000 1892
404.000 2480
405.000 2218
406.000 2056
407.000 1842
408.000 1810
409.000 2406
410.000 2054
411.000 2160
412.000 2696
413.000 1420
414.000 1604
415.000 1724
416.000 902
417.000 1268
418.000 1144
419.000 902
420.000 1534
421.000 1230
422.000 1108
423.000 1214
424.000 1564
425.000 2628
426.000 3056
427.000 2696
428.000 2374
429.000 2276
430.000 2296
431.000 2706
432.000 2852
433.000 2790
434.000 2440
435.000 2480
436.000 2790
437.000 2220
438.000 1854
439.000 2718
440.000 2844
441.000 2656
442.000 2672
443.000 2376
444.000 2480
445.000 2912
446.000 2206
447.000 2714
448.000 3026
449.000 2338
450.000 2198
451.000 2828
452.000 2544
453.000 2684
454.000 2092
455.000 2198
456.000 2336
457.000 2352
458.000 2508
459.000 1672
460.000 1146
461.000 1776
462.000 1048
463.000 1276
464.000 1170
465.000 1192
466.000 2020
467.000 1146
468.000 940
469.000 940
470.000 977
471.000 940
472.000 940
473.000 1536
474.000 2846
475.000 2722
476.000 2470
477.000 2184
478.000 2950
479.000 2174
480.000 2320
481.000 2434
482.000 2548
483.000 1932
484.000 2238
485.000 2166
486.000 2106
487.000 2188
488.000 2668
489.000 2046
490.000 2534
491.000 1154
492.000 2062
493.000 2900
494.000 2304
495.000 1892
496.000 2352
497.000 2754
498.000 1672
499.000 1306
500.000 1352
501.000 1990
502.000 2762
503.000 2244
504.000 1504
505.000 1832
506.000 1900
507.000 1344
508.000 2488
509.000 2824
510.000 1756
511.000 1108
512.000 2714
513.000 2114
514.000 2504
515.000 2634
516.000 2424
517.000 2120
518.000 1756
519.000 1330
520.000 1526
521.000 1604
522.000 864
523.000 977
524.000 977
525.000 902
526.000 2112
527.000 1138
528.000 1138
529.000 2068
530.000 2586
531.000 2116
532.000 2488
533.000 1994
534.000 1826
535.000 1266
536.000 1246
537.000 1626
538.000 2090
539.000 2554
540.000 2006
541.000 2402
542.000 2260
543.000 2244
544.000 2542
545.000 2472
546.000 1282
547.000 948
548.000 1442
549.000 1070
550.000 2538
551.000 1960
552.000 2418
553.000 1954
554.000 2212
555.000 1892
556.000 2470
557.000 1420
558.000 2068
559.000 1628
560.000 2220
561.000 2364
562.000 2648
563.000 2846
564.000 2556
565.000 2692
566.000 2748
567.000 2358
568.000 2924
569.000 2196
570.000 2256
571.000 2174
572.000 1016
573.000 1100
574.000 902
575.000 2074
576.000 2052
577.000 2404
578.000 2634
579.000 2342
580.000 1978
581.000 3098
582.000 2486
583.000 2646
584.000 2670
585.000 2874
586.000 2494
587.000 2260
588.000 1826
589.000 2534
590.000 2402
591.000 1474
592.000 1016
593.000 1466
594.000 1054
595.000 940
596.000 1382
597.000 2036
598.000 1021
599.000 910
600.000 1558
601.000 1694
602.000 1244
603.000 1908
604.000 2280
605.000 2852
606.000 2312
607.000 2714
608.000 1976
609.000 2364
610.000 2580
611.000 1564
612.000 1650
613.000 1704
614.000 1252
615.000 1634
616.000 1298
617.000 1452
618.000 2606
619.000 2152
620.000 2238
621.000 2076
622.000 1404
623.000 1552
624.000 2372
625.000 2884
626.000 2152
627.000 1314
628.000 1314
629.000 1428
630.000 1450
631.000 1344
632.000 940
633.000 1100
634.000 902
635.000 2130
636.000 2830
637.000 2272
638.000 1666
639.000 1374
640.000 1996
641.000 1714
642.000 2046
643.000 1130
644.000 1648
645.000 1640
646.000 1626
647.000 902
648.000 1770
649.000 1778
650.000 2670
651.000 2738
652.000 2570
653.000 2168
654.000 1572
655.000 2544
656.000 2498
657.000 2406
658.000 2160
659.000 1832
660.000 2228
661.000 2956
662.000 2852
663.000 1778
664.000 2212
665.000 2470
666.000 2482
667.000 2206
668.000 2402
669.000 2366
670.000 2334
671.000 2258
672.000 2814
673.000 2302
674.000 1506
675.000 1626
676.000 940
677.000 2568
678.000 2170
679.000 3164
680.000 750
681.000 1870
682.000 1978
683.000 2588
684.000 2090
685.000 2222
686.000 1366
687.000 2264
688.000 2464
689.000 2518
690.000 1390
691.000 2248
692.000 2678
693.000 2498
694.000 2054
695.000 2278
696.000 2728
697.000 2860
698.000 2478
699.000 2060
700.000 2592
701.000 2494
702.000 2022
703.000 1816
704.000 2020
705.000 2166
706.000 2234
707.000 2070
708.000 2824
709.000 2780
710.000 2488
711.000 2972
712.000 2684
713.000 2370
714.000 2732
715.000 2328
716.000 1534
717.000 1054
718.000 1494
719.000 2660
720.000 2454
721.000 2668
722.000 2022
723.000 2126
724.000 2684
725.000 1922
726.000 1808
727.000 1390
728.000 1846
729.000 1314
730.000 1572
731.000 2282
732.000 2652
733.000 2836
734.000 2356
735.000 1974
736.000 1884
737.000 2410
738.000 2550
739.000 2582
740.000 2518
741.000 2146
742.000 3030
743.000 2448
744.000 2738
745.000 2690
746.000 3128
747.000 3004
748.000 2216
749.000 2898
750.000 2334
751.000 2784
752.000 2458
753.000 2878
754.000 2550
755.000 2040
756.000 2358
757.000 2130
758.000 2030
759.000 2930
760.000 2910
761.000 2228
762.000 2194
763.000 2574
764.000 2586
765.000 2238
766.000 2562
767.000 2074
768.000 2290
769.000 2116
770.000 1298
771.000 2122
772.000 1694
773.000 1802
774.000 1996
775.000 2043
776.000 2576
777.000 1474
778.000 1534
779.000 1548
780.000 1488
781.000 1572
782.000 1876
783.000 1092
784.000 994
785.000 940
786.000 902
787.000 1550
788.000 1282
789.000 902
790.000 1230
791.000 977
792.000 1870
793.000 2276
794.000 1978
795.000 2480
796.000 2796
797.000 3012
798.000 2500
799.000 1990
800.000 1360
801.000 1602
802.000 2222
803.000 1618
804.000 1436
805.000 2324
806.000 2776
807.000 2586
808.000 2406
809.000 2404
810.000 3346
811.000 2270
812.000 1550
813.000 1968
814.000 2632
815.000 1908
816.000 2702
817.000 2836
818.000 2548
819.000 2750
820.000 2114
821.000 2160
822.000 2998
823.000 2906
824.000 2334
825.000 2564
826.000 2786
827.000 2670
828.000 2192
829.000 2670
830.000 2264
831.000 2706
832.000 2840
833.000 2530
834.000 2566
835.000 2806
836.000 2808
837.000 2214
838.000 2068
839.000 2464
840.000 2030
841.000 2568
842.000 2624
843.000 1916
844.000 2726
845.000 2468
846.000 2996
847.000 1686
848.000 1991
849.000 2632
850.000 2708
851.000 2730
852.000 3248
853.000 2818
854.000 2706
855.000 2228
856.000 2888
857.000 2458
858.000 1154
859.000 1434
860.000 2568
861.000 2438
862.000 2718
863.000 1924
864.000 2318
865.000 1846
866.000 1496
867.000 1366
868.000 1314
869.000 2046
870.000 2264
871.000 2152
872.000 944
873.000 916
874.000 964
875.000 940
876.000 1434
877.000 1512
878.000 1702
879.000 1632
880.000 1352
881.000 2030
882.000 1298
883.000 1382
884.000 1078
885.000 940
886.000 1244
887.000 976
888.000 844
889.000 750
890.000 1194
891.000 864
892.000 940
893.000 940
894.000 864
895.000 858
896.000 940
897.000 1724
898.000 2032
899.000 2768
900.000 1978
901.000 1640
902.000 1848
903.000 2014
904.000 1770
905.000 1656
906.000 2804
907.000 1534
908.000 2176
909.000 2836
910.000 2798
911.000 2762
912.000 2304
913.000 2608
914.000 1892
915.000 1282
916.000 1170
917.000 2001
918.000 3042
919.000 2592
920.000 2570
921.000 2768
922.000 2306
923.000 2424
924.000 2078
925.000 1664
926.000 2060
927.000 1024
928.000 864
929.000 1146
930.000 1146
931.000 1130
932.000 1510
933.000 902
934.000 1234
935.000 2280
936.000 2324
937.000 2448
938.000 1986
939.000 2512
940.000 2478
941.000 1872
942.000 2356
943.000 2238
944.000 3466
945.000 1282
946.000 1880
947.000 3030
948.000 2804
949.000 1694
950.000 2562
951.000 1824
952.000 2490
953.000 1108
954.000 902
955.000 1016
956.000 1872
957.000 2668
958.000 2007
959.000 1960
960.000 2448
961.000 2138
962.000 2426
963.000 1670
964.000 2682
965.000 2974
966.000 2760
967.000 1298
968.000 1252
969.000 1626
970.000 1268
971.000 1078
972.000 1458
973.000 2288
974.000 2766
975.000 2134
976.000 1360
977.000 1488
978.000 1070
979.000 2766
980.000 2542
981.000 2524
982.000 2640
983.000 2318
984.000 2470
985.000 1580
986.000 2466
987.000 2442
988.000 2930
989.000 2448
990.000 2996
991.000 2982
992.000 2624
993.000 1176
994.000 1016
995.000 1884
996.000 2630
997.000 1564
998.000 2500
999.000 2676
1000.000 1686
1001.000 2234
1002.000 1618
1003.000 2060
1004.000 1816
1005.000 1094
1006.000 1846
1007.000 2348
1008.000 2518
1009.000 2452
1010.000 2328
1011.000 2592
1012.000 2404
1013.000 1390
1014.000 1991
1015.000 2646
1016.000 2588
1017.000 1306
1018.000 1622
1019.000 2027
1020.000 2070
1021.000 1846
1022.000 3056
1023.000 2586
1024.000 2572
1025.000 2406
1026.000 3036
1027.000 2586
1028.000 1824
1029.000 2808
1030.000 2550
1031.000 2092
1032.000 2128
1033.000 2122
1034.000 2510
1035.000 3112
1036.000 2402
1037.000 1916
1038.000 2724
1039.000 2166
1040.000 2014
1041.000 2502
1042.000 2492
1043.000 1610
1044.000 1716
1045.000 2718
1046.000 2862
1047.000 2076
1048.000 2266
1049.000 2594
1050.000 2740
1051.000 2662
1052.000 1756
1053.000 2444
1054.000 2122
1055.000 2346
1056.000 2196
1057.000 2876
1058.000 2001
1059.000 2968
1060.000 2784
1061.000 1878
1062.000 2434
1063.000 1610
1064.000 3024
1065.000 2512
1066.000 2412
1067.000 2268
1068.000 1938
1069.000 1238
1070.000 1410
1071.000 2418
1072.000 1800
1073.000 1168
1074.000 2082
1075.000 1976
1076.000 2508
1077.000 2686
1078.000 2344
1079.000 2588
1080.000 1924
1081.000 2444
1082.000 2282
1083.000 1994
1084.000 2692
1085.000 1708
1086.000 2302
1087.000 2007
1088.000 2760
1089.000 1390
1090.000 948
1091.000 948
1092.000 964
1093.000 2876
1094.000 1534
1095.000 1016
1096.000 2076
1097.000 2458
1098.000 2852
1099.000 2036
1100.000 1870
1101.000 948
1102.000 1246
1103.000 902
1104.000 940
1105.000 940
1106.000 948
1107.000 864
1108.000 940
1109.000 977
1110.000 864
1111.000 940
1112.000 902
1113.000 910
1114.000 1062
1115.000 2122
1116.000 2396
1117.000 1916
1118.000 1900
1119.000 2196
1120.000 2958
1121.000 2770
1122.000 2820
1123.000 2492
1124.000 2190
1125.000 2066
1126.000 2908
1127.000 1416
1128.000 1178
1129.000 1200
1130.000 1246
1131.000 1208
1132.000 2738
1133.000 1678
1134.000 864
1135.000 1016
1136.000 910
1137.000 864
1138.000 977
1139.000 966
1140.000 902
1141.000 902
1142.000 902
1143.000 977
1144.000 1148
1145.000 864
1146.000 948
1147.000 940
1148.000 864
1149.000 902
1150.000 985
1151.000 864
1152.000 1032
1153.000 940
1154.000 940
1155.000 940
1156.000 948
1157.000 940
1158.000 940
1159.000 977
1160.000 864
1161.000 940
1162.000 977
1163.000 940
1164.000 938
1165.000 940
1166.000 940
1167.000 910
1168.000 900
1169.000 842
1170.000 902
1171.000 864
1172.000 940
1173.000 940
1174.000 940
1175.000 940
1176.000 864
1177.000 1008
1178.000 1016
1179.000 902
1180.000 902
1181.000 966
1182.000 976
1183.000 826
1184.000 1002
1185.000 896
1186.000 902
1187.000 977
1188.000 902
1189.000 940
1190.000 940
1191.000 977
1192.000 902
1193.000 977
1194.000 902
1195.000 977
1196.000 948
1197.000 902
1198.000 938
1199.000 902
1200.000 902
1201.000 976
1202.000 940
1203.000 977
1204.000 948
1205.000 1016
1206.000 985
1207.000 910
1208.000 1142
1209.000 902
1210.000 940
1211.000 994
1212.000 956
1213.000 902
1214.000 994
1215.000 872
1216.000 902
1217.000 940
1218.000 940
1219.000 864
1220.000 940
1221.000 902
1222.000 864
1223.000 977
1224.000 902
1225.000 902
1226.000 910
1227.000 977
1228.000 956
1229.000 948
1230.000 902
1231.000 940
1232.000 980
1233.000 1510
1234.000 2364
1235.000 2188
1236.000 2598
1237.000 1092
1238.000 1602
1239.000 2514
1240.000 2822
1241.000 1594
1242.000 2726
1243.000 1770
1244.000 2372
1245.000 2448
1246.000 1108
1247.000 2608
1248.000 1260
1249.000 1770
1250.000 2282
1251.000 1930
1252.000 2364
1253.000 2174
1254.000 1854
1255.000 902
1256.000 940
1257.000 977
1258.000 2630
1259.000 1944
1260.000 1816
1261.000 2422
1262.000 1774
1263.000 1654
1264.000 1622
1265.000 1660
1266.000 1628
1267.000 2300
1268.000 2722
1269.000 2728
1270.000 2037
1271.000 2198
1272.000 2410
1273.000 2142
1274.000 1344
1275.000 1176
1276.000 2534
1277.000 1100
1278.000 2524
1279.000 1542
1280.000 1558
1281.000 2052
1282.000 1386
1283.000 826
1284.000 1634
1285.000 1858
1286.000 1016
1287.000 2134
1288.000 834
1289.000 910
1290.000 940
1291.000 864
1292.000 902
1293.000 902
1294.000 902
1295.000 902
1296.000 910
1297.000 940
1298.000 1054
1299.000 940
1300.000 880
1301.000 940
1302.000 1024
1303.000 940
1304.000 902
1305.000 940
1306.000 940
1307.000 2644
1308.000 2516
1309.000 1352
1310.000 2440
1311.000 2182
1312.000 2192
1313.000 2824
1314.000 2306
1315.000 2098
1316.000 2136
1317.000 1840
1318.000 3146
1319.000 2204
1320.000 2198
1321.000 2078
1322.000 2460
1323.000 2060
1324.000 2946
1325.000 2738
1326.000 2206
1327.000 2584
1328.000 1946
1329.000 2966
1330.000 2882
1331.000 2852
1332.000 2384
1333.000 2508
1334.000 1654
1335.000 2668
1336.000 2432
1337.000 2150
1338.000 2472
1339.000 2664
1340.000 2472
1341.000 2058
1342.000 2814
1343.000 2340
1344.000 2142
1345.000 2958
1346.000 2738
1347.000 2634
1348.000 1916
1349.000 2540
1350.000 1934
1351.000 1762
1352.000 2037
1353.000 2856
1354.000 2478
1355.000 2670
1356.000 2366
1357.000 2832
1358.000 2478
1359.000 2790
1360.000 2412
1361.000 2510
1362.000 2456
1363.000 2196
1364.000 2284
1365.000 2342
1366.000 3134
1367.000 2534
1368.000 2328
1369.000 1604
1370.000 2046
1371.000 2226
1372.000 2146
1373.000 2380
1374.000 2264
1375.000 1740
1376.000 2106
1377.000 2976
1378.000 2872
1379.000 2176
1380.000 1336
1381.000 1610
1382.000 1276
1383.000 1770
1384.000 1376
1385.000 1222
1386.000 1382
1387.000 1238
1388.000 1580
1389.000 2060
1390.000 2182
1391.000 1458
1392.000 1230
1393.000 1222
1394.000 1444
1395.000 1824
1396.000 1276
1397.000 1594
1398.000 2556
1399.000 2082
1400.000 1366
1401.000 1580
1402.000 1816
1403.000 1428
1404.000 1268
1405.000 1290
1406.000 1252
1407.000 1862
1408.000 2564
1409.000 2344
1410.000 2702
1411.000 2092
1412.000 2594
1413.000 2616
1414.000 2988
1415.000 2656
1416.000 1886
1417.000 1328
1418.000 1546
1419.000 1328
1420.000 1262
1421.000 1358
1422.000 1490
1423.000 1656
1424.000 1566
1425.000 2206
1426.000 1374
1427.000 1971
1428.000 2226
1429.000 2033
1430.000 2358
1431.000 1932
1432.000 1816
1433.000 2380
1434.000 1702
1435.000 2816
1436.000 2584
1437.000 2828
1438.000 1854
1439.000 2180
1440.000 1222
1441.000 2130
1442.000 2346
1443.000 2312
1444.000 2382
1445.000 2326
1446.000 1922
1447.000 1008
1448.000 940
1449.000 940
1450.000 948
1451.000 992
1452.000 902
1453.000 902
1454.000 902
1455.000 902
1456.000 977
1457.000 902
1458.000 940
1459.000 940
1460.000 910
1461.000 872
1462.000 977
1463.000 940
1464.000 864
1465.000 948
1466.000 902
1467.000 977
1468.000 872
1469.000 902
1470.000 1708
1471.000 2826
1472.000 1672
1473.000 1286
1474.000 1580
1475.000 1878
1476.000 2604
1477.000 1952
1478.000 2404
1479.000 1740
1480.000 3094
1481.000 1338
1482.000 1314
1483.000 1868
1484.000 1556
1485.000 1100
1486.000 1856
1487.000 1736
1488.000 1606
1489.000 2218
1490.000 2402
1491.000 2264
1492.000 2082
1493.000 2466
1494.000 2006
1495.000 1558
1496.000 2098
1497.000 1688
1498.000 1810
1499.000 2272
1500.000 2464
1501.000 1306
1502.000 902
1503.000 914
1504.000 1320
1505.000 1550
1506.000 940
1507.000 1174
1508.000 1142
1509.000 902
1510.000 926
1511.000 1442
1512.000 2402
1513.000 2874
1514.000 1740
1515.000 2660
1516.000 1642
1517.000 2456
1518.000 1390
1519.000 2096
1520.000 1100
1521.000 1634
1522.000 1724
1523.000 1016
1524.000 1344
1525.000 1108
1526.000 880
1527.000 902
1528.000 1078
1529.000 1854
1530.000 1374
1531.000 1976
1532.000 1252
1533.000 940
1534.000 796
1535.000 1336
1536.000 2632
1537.000 2366
1538.000 2282
1539.000 2264
1540.000 1928
1541.000 2304
1542.000 3436
1543.000 2106
1544.000 1884
1545.000 3068
1546.000 2412
1547.000 2376
1548.000 2668
1549.000 2188
1550.000 1924
1551.000 2594
1552.000 1810
1553.000 2296
1554.000 1955
1555.000 2440
1556.000 2196
1557.000 2972
1558.000 2762
1559.000 2182
1560.000 2372
1561.000 2152
1562.000 2694
1563.000 2564
1564.000 2580
1565.000 3264
1566.000 2294
1567.000 1450
1568.000 2542
1569.000 1810
1570.000 1550
1571.000 1396
1572.000 1290
1573.000 1778
1574.000 1580
1575.000 1710
1576.000 2964
1577.000 2304
1578.000 1998
1579.000 2326
1580.000 2912
1581.000 2618
1582.000 2204
1583.000 2882
1584.000 2602
1585.000 2478
1586.000 1458
1587.000 2656
1588.000 2512
1589.000 2588
1590.000 2684
1591.000 2660
1592.000 2592
1593.000 1054
1594.000 2860
1595.000 1520
1596.000 1788
1597.000 2578
1598.000 2784
1599.000 2076
1600.000 1460
1601.000 2007
1602.000 1230
1603.000 1328
1604.000 1268
1605.000 1230
1606.000 1328
1607.000 1556
1608.000 1564
1609.000 1048
1610.000 1132
1611.000 864
1612.000 1550
1613.000 1556
1614.000 910
1615.000 918
1616.000 2206
1617.000 1991
1618.000 2564
1619.000 2578
1620.000 1610
1621.000 2576
1622.000 2716
1623.000 2990
1624.000 3004
1625.000 2724
1626.000 1962
1627.000 3148
1628.000 2386
1629.000 1694
1630.000 1398
1631.000 2106
1632.000 2654
1633.000 2716
1634.000 2630
1635.000 2990
1636.000 2290
1637.000 1908
1638.000 2104
1639.000 1944
1640.000 2586
1641.000 2380
1642.000 2592
1643.000 2862
1644.000 2576
1645.000 2570
1646.000 2130
1647.000 2220
1648.000 2622
1649.000 2426
1650.000 1740
1651.000 1908
1652.000 2144
1653.000 2682
1654.000 2790
1655.000 2006
1656.000 1664
1657.000 1900
1658.000 1840
1659.000 1770
1660.000 1016
1661.000 1892
1662.000 1694
1663.000 1252
1664.000 2490
1665.000 2398
1666.000 2816
1667.000 1802
1668.000 2874
1669.000 2502
1670.000 2142
1671.000 1718
1672.000 902
1673.000 902
1674.000 1054
1675.000 976
1676.000 992
1677.000 940
1678.000 940
1679.000 902
1680.000 918
1681.000 1754
1682.000 2090
1683.000 2500
1684.000 2832
1685.000 2672
1686.000 1792
1687.000 1936
1688.000 1610
1689.000 1054
1690.000 977
1691.000 910
1692.000 1062
1693.000 1024
1694.000 1116
1695.000 2782
1696.000 2526
1697.000 2680
1698.000 2794
1699.000 2142
1700.000 3034
1701.000 2166
1702.000 2926
1703.000 2542
1704.000 2856
1705.000 1664
1706.000 1528
1707.000 2662
1708.000 2792
1709.000 2586
1710.000 2814
1711.000 2104
1712.000 3014
1713.000 2744
1714.000 2160
1715.000 2646
1716.000 2434
1717.000 2290
1718.000 2624
1719.000 2502
1720.000 2420
1721.000 2356
1722.000 2550
1723.000 1786
1724.000 1702
1725.000 1648
1726.000 1784
1727.000 2638
1728.000 2828
1729.000 2882
1730.000 2432
1731.000 1884
1732.000 2342
1733.000 1832
1734.000 1672
1735.000 1588
1736.000 1894
1737.000 1814
1738.000 2250
1739.000 2410
1740.000 2500
1741.000 1920
1742.000 2076
1743.000 1024
1744.000 1228
1745.000 948
1746.000 940
1747.000 1746
1748.000 2436
1749.000 2356
1750.000 1450
1751.000 2652
1752.000 1826
1753.000 1512
1754.000 1482
1755.000 1952
1756.000 1626
1757.000 1434
1758.000 1398
1759.000 1360
1760.000 1258
1761.000 1480
1762.000 1981
1763.000 2398
1764.000 2972
1765.000 1450
1766.000 902
1767.000 1016
1768.000 902
1769.000 1306
1770.000 2820
1771.000 2606
1772.000 2144
1773.000 1990
1774.000 1586
1775.000 3346
1776.000 2106
1777.000 2782
1778.000 2580
1779.000 1376
1780.000 1496
1781.000 1808
1782.000 1344
1783.000 1594
1784.000 1610
1785.000 1192
1786.000 1230
1787.000 1206
1788.000 1606
1789.000 1754
1790.000 1360
1791.000 864
1792.000 977
1793.000 902
1794.000 1762
1795.000 1162
1796.000 1244
1797.000 2016
1798.000 1572
1799.000 1336
1800.000 1108
1801.000 1822
1802.000 1092
1803.000 1024
1804.000 1428
1805.000 2054
1806.000 2150
1807.000 2632
1808.000 2244
1809.000 2136
1810.000 3214
1811.000 2524
1812.000 2220
1813.000 2734
1814.000 985
1815.000 1794
1816.000 902
1817.000 1580
1818.000 1458
1819.000 1884
1820.000 1844
1821.000 1594
1822.000 1244
1823.000 2502
1824.000 3032
1825.000 2112
1826.000 1374
1827.000 2136
1828.000 2538
1829.000 2432
1830.000 2448
1831.000 2188
1832.000 2364
1833.000 1694
1834.000 1458
1835.000 1742
1836.000 1434
1837.000 1496
1838.000 1800
1839.000 1252
1840.000 1572
1841.000 1412
1842.000 1176
1843.000 2522
1844.000 2456
1845.000 3050
1846.000 2112
1847.000 2606
1848.000 2744
1849.000 2396
1850.000 1792
1851.000 1640
1852.000 972
1853.000 1922
1854.000 2270
1855.000 1150
1856.000 2172
1857.000 2242
1858.000 2210
1859.000 2766
1860.000 3436
1861.000 2858
1862.000 2766
1863.000 2236
1864.000 1854
1865.000 2860
1866.000 2800
1867.000 2382
1868.000 2646
1869.000 2770
1870.000 2882
1871.000 1990
1872.000 1496
1873.000 1184
1874.000 2234
1875.000 1504
1876.000 1358
1877.000 1938
1878.000 2218
1879.000 3376
1880.000 1996
1881.000 2422
1882.000 2090
1883.000 2870
1884.000 2816
1885.000 2664
1886.000 3038
1887.000 2270
1888.000 2274
1889.000 2222
1890.000 1948
1891.000 1232
1892.000 2618
1893.000 1208
1894.000 1406
1895.000 1432
1896.000 2236
1897.000 2336
1898.000 2502
1899.000 2176
1900.000 2302
1901.000 2164
1902.000 2430
1903.000 2130
1904.000 1788
1905.000 1206
1906.000 1268
1907.000 2770
1908.000 2352
1909.000 2448
1910.000 1618
1911.000 2058
1912.000 1664
1913.000 2168
1914.000 2132
1915.000 2430
1916.000 1640
1917.000 2632
1918.000 2030
1919.000 1016
1920.000 1062
1921.000 2396
1922.000 1846
1923.000 2520
1924.000 2156
1925.000 1238
1926.000 2460
1927.000 2546
1928.000 2017
1929.000 2892
1930.000 2140
1931.000 1876
1932.000 1884
1933.000 1674
1934.000 1854
1935.000 910
1936.000 1130
1937.000 1138
1938.000 1002
1939.000 977
1940.000 1606
1941.000 1278
1942.000 1298
1943.000 940
1944.000 948
1945.000 896
1946.000 1612
1947.000 1070
1948.000 918
1949.000 1252
1950.000 1666
1951.000 1718
1952.000 942
1953.000 976
1954.000 1254
1955.000 1562
1956.000 1168
1957.000 1498
1958.000 2306
1959.000 1100
1960.000 2200
1961.000 2762
1962.000 2376
1963.000 2306
1964.000 1886
1965.000 2860
1966.000 1878
1967.000 1396
1968.000 2186
1969.000 2846
1970.000 1512
1971.000 2612
1972.000 1756
1973.000 1596
1974.000 2096
1975.000 2142
1976.000 1362
1977.000 1250
1978.000 1856
1979.000 2138
1980.000 2380
1981.000 2722
1982.000 2708
1983.000 2174
1984.000 2604
1985.000 2474
1986.000 1428
1987.000 1858
1988.000 2128
1989.000 2708
1990.000 2596
1991.000 2258
1992.000 2190
1993.000 2152
1994.000 2320
1995.000 1980
1996.000 2372
1997.000 2196
1998.000 2418
1999.000 1862
2000.000 2570
2001.000 2214
2002.000 2442
2003.000 2514
2004.000 2616
2005.000 2090
2006.000 2046
2007.000 2234
2008.000 2138
2009.000 2246
2010.000 2228
2011.000 2614
2012.000 2124
2013.000 2382
2014.000 2458
2015.000 2286
2016.000 2492
2017.000 2868
2018.000 2572
2019.000 2514
2020.000 1965
2021.000 1812
2022.000 2140
2023.000 2472
2024.000 2648
2025.000 2222
2026.000 1408
2027.000 902
2028.000 1108
2029.000 910
2030.000 1186
2031.000 2024
2032.000 2204
2033.000 2154
2034.000 2222
2035.000 2498
2036.000 2528
2037.000 2508
2038.000 1986
2039.000 2276
2040.000 1458
2041.000 1991
2042.000 1930
2043.000 1666
2044.000 977
2045.000 1054
2046.000 976
2047.000 1108
2048.000 1224
2049.000 880
2050.000 1122
2051.000 940
2052.000 1192
2053.000 910
2054.000 1130
2055.000 1230
2056.000 940
2057.000 1520
2058.000 1246
2059.000 2054
2060.000 2412
2061.000 1958
2062.000 2062
2063.000 2758
2064.000 2650
2065.000 1792
2066.000 2036
2067.000 2540
2068.000 2520
2069.000 2958
2070.000 2402
2071.000 2488
2072.000 2550
2073.000 2226
2074.000 1720
2075.000 2436
2076.000 2206
2077.000 1284
2078.000 2460
2079.000 2492
2080.000 3238
2081.000 2037
2082.000 2326
2083.000 1848
2084.000 2814
2085.000 1952
2086.000 1544
2087.000 1702
2088.000 1954
2089.000 1192
2090.000 1656
2091.000 2001
2092.000 2304
2093.000 2284
2094.000 2088
2095.000 2862
2096.000 1788
2097.000 2290
2098.000 2982
2099.000 2586
2100.000 2594
2101.000 2620
2102.000 2594
2103.000 2678
2104.000 1756
2105.000 2148
2106.000 2648
2107.000 2738
2108.000 2670
2109.000 1510
2110.000 1858
2111.000 1800
2112.000 1322
2113.000 1276
2114.000 1580
2115.000 2468
2116.000 1894
2117.000 3776
2118.000 2780
2119.000 2484
2120.000 2248
2121.000 2084
2122.000 2148
2123.000 1260
2124.000 1290
2125.000 1328
2126.000 1420
2127.000 1412
2128.000 1756
2129.000 1246
2130.000 1040
2131.000 2076
2132.000 2808
2133.000 2600
2134.000 1100
2135.000 1260
2136.000 2426
2137.000 1508
2138.000 2550
2139.000 2176
2140.000 1298
2141.000 2304
2142.000 2572
2143.000 2334
2144.000 2248
2145.000 1768
2146.000 1930
2147.000 1374
2148.000 2322
2149.000 1734
2150.000 2344
2151.000 2298
2152.000 2270
2153.000 2372
2154.000 2568
2155.000 2350
2156.000 1848
2157.000 2290
2158.000 1580
2159.000 1790
2160.000 3638
2161.000 2350
2162.000 2102
2163.000 2054
2164.000 1430
2165.000 2068
2166.000 1754
2167.000 1962
2168.000 2826
2169.000 2116
2170.000 1722
2171.000 1746
2172.000 2142
2173.000 1734
2174.000 1612
2175.000 2170
2176.000 1744
2177.000 1892
2178.000 1778
2179.000 1450
2180.000 1848
2181.000 1596
2182.000 2348
2183.000 2348
2184.000 2580
2185.000 2320
2186.000 1100
2187.000 2500
2188.000 1442
2189.000 2054
2190.000 2060
2191.000 2898
2192.000 2486
2193.000 2228
2194.000 2228
2195.000 2056
2196.000 2204
2197.000 2190
2198.000 2540
2199.000 2084
2200.000 2818
2201.000 2328
2202.000 2390
2203.000 2052
2204.000 2196
2205.000 2484
2206.000 1664
2207.000 864
2208.000 2310
2209.000 1914
2210.000 2014
2211.000 1854
2212.000 2268
2213.000 1596
2214.000 2720
2215.000 2694
2216.000 1916
2217.000 2458
2218.000 2464
2219.000 2244
2220.000 2014
2221.000 2342
2222.000 1910
2223.000 2678
2224.000 2480
2225.000 2450
2226.000 2458
2227.000 3066
2228.000 2372
2229.000 2402
2230.000 2610
2231.000 2656
2232.000 1094
2233.000 1092
2234.000 1146
2235.000 940
2236.000 1176
2237.000 2570
2238.000 2632
2239.000 2650
2240.000 2258
2241.000 2043
2242.000 1374
2243.000 940
2244.000 940
2245.000 2594
2246.000 2122
2247.000 2900
2248.000 1742
2249.000 2082
2250.000 2262
2251.000 2212
2252.000 2186
2253.000 2642
2254.000 2584
2255.000 1634
2256.000 1718
2257.000 2398
2258.000 2046
2259.000 1440
2260.000 1306
2261.000 1746
2262.000 2382
2263.000 1984
2264.000 2214
2265.000 1720
2266.000 2054
2267.000 1634
2268.000 1878
2269.000 2286
2270.000 2452
2271.000 1796
2272.000 2474
2273.000 2306
2274.000 2852
2275.000 1162
2276.000 1352
2277.000 2046
2278.000 2694
2279.000 2017
2280.000 2068
2281.000 1382
2282.000 1764
2283.000 1770
2284.000 2372
2285.000 2522
2286.000 2510
2287.000 2904
2288.000 2304
2289.000 1954
2290.000 2012
2291.000 3148
2292.000 1602
2293.000 2252
2294.000 2590
2295.000 2536
2296.000 1916
2297.000 1100
2298.000 1222
2299.000 977
2300.000 1204
2301.000 2374
2302.000 2402
2303.000 1338
2304.000 1398
2305.000 1514
2306.000 2298
2307.000 1620
2308.000 1971
2309.000 1344
2310.000 1176
2311.000 1955
2312.000 1824
2313.000 1268
2314.000 1092
2315.000 2418
2316.000 1398
2317.000 3512
2318.000 2284
2319.000 1878
2320.000 2322
2321.000 2176
2322.000 2448
2323.000 2072
2324.000 1734
2325.000 2043
2326.000 2282
2327.000 1976
2328.000 1854
2329.000 2540
2330.000 2850
2331.000 2502
2332.000 1670
2333.000 1262
2334.000 1658
2335.000 1328
2336.000 1252
2337.000 1668
2338.000 2226
2339.000 2528
2340.000 2142
2341.000 2033
2342.000 1748
2343.000 1442
2344.000 2850
2345.000 2608
2346.000 1374
2347.000 940
2348.000 940
2349.000 940
2350.000 977
2351.000 1070
2352.000 902
2353.000 2098
2354.000 2762
2355.000 2218
2356.000 2474
2357.000 1968
2358.000 1788
2359.000 2236
2360.000 2304
2361.000 1154
2362.000 1744
2363.000 1344
2364.000 2022
2365.000 2410
2366.000 2690
2367.000 2760
2368.000 1876
2369.000 1550
2370.000 2838
2371.000 1948
2372.000 2282
2373.000 1542
2374.000 2190
2375.000 1566
2376.000 2312
2377.000 2007
2378.000 1606
2379.000 2204
2380.000 2054
2381.000 2304
2382.000 1262
2383.000 1528
2384.000 1910
2385.000 1466
2386.000 1146
2387.000 948
2388.000 940
2389.000 1892
2390.000 2654
2391.000 2100
2392.000 2586
2393.000 1764
2394.000 1744
2395.000 2656
2396.000 2146
2397.000 2118
2398.000 1422
2399.000 1490
2400.000 3080
2401.000 2732
2402.000 2014
2403.000 1876
2404.000 2552
2405.000 1594
2406.000 1466
2407.000 956
2408.000 2190
2409.000 1950
2410.000 2160
2411.000 1442
2412.000 2318
2413.000 2348
2414.000 1466
2415.000 1696
2416.000 2654
2417.000 3008
2418.000 2370
2419.000 1574
2420.000 1306
2421.000 1470
2422.000 2320
2423.000 2700
2424.000 2306
2425.000 2146
2426.000 2214
2427.000 1512
2428.000 2414
2429.000 1748
2430.000 1920
2431.000 2684
2432.000 1968
2433.000 872
2434.000 1024
2435.000 1112
2436.000 872
2437.000 1986
2438.000 2556
2439.000 940
2440.000 1254
2441.000 2530
2442.000 1530
2443.000 1536
2444.000 1748
2445.000 972
2446.000 910
2447.000 1100
2448.000 902
2449.000 902
2450.000 1991
2451.000 3772
2452.000 2474
2453.000 1024
2454.000 1216
2455.000 2166
2456.000 985
2457.000 994
2458.000 1442
2459.000 2076
2460.000 2488
2461.000 2830
2462.000 2720
2463.000 1436
2464.000 2030
2465.000 2076
2466.000 1890
2467.000 2190
2468.000 1740
2469.000 940
2470.000 1676
2471.000 1302
2472.000 994
2473.000 1404
2474.000 2208
2475.000 2644
2476.000 1626
2477.000 2106
2478.000 1924
2479.000 1970
2480.000 1084
2481.000 2098
2482.000 2134
2483.000 2344
2484.000 2001
2485.000 1760
2486.000 2870
2487.000 2592
2488.000 1950
2489.000 1840
2490.000 1276
2491.000 4138
2492.000 2408
2493.000 1786
2494.000 2826
2495.000 2334
2496.000 1978
2497.000 1808
2498.000 1108
2499.000 942
2500.000 1230
2501.000 1678
2502.000 902
2503.000 1434
2504.000 2334
2505.000 2282
2506.000 1542
2507.000 1436
2508.000 2144
2509.000 2276
2510.000 1876
2511.000 1734
2512.000 1146
2513.000 1352
2514.000 1176
2515.000 2182
2516.000 2342
2517.000 1306
2518.000 1222
2519.000 1546
2520.000 2204
2521.000 2884
2522.000 2640
2523.000 1838
2524.000 1412
2525.000 1862
2526.000 2840
2527.000 1528
2528.000 2080
2529.000 1922
2530.000 1656
2531.000 2586
2532.000 1670
2533.000 1558
2534.000 1374
2535.000 2776
2536.000 2222
2537.000 2118
2538.000 2318
2539.000 2218
2540.000 2352
2541.000 1634
2542.000 2043
2543.000 2176
2544.000 2150
2545.000 2306
2546.000 1626
2547.000 1412
2548.000 1894
2549.000 1642
2550.000 2054
2551.000 2438
2552.000 2608
2553.000 1862
2554.000 1778
2555.000 1740
2556.000 2654
2557.000 2562
2558.000 2126
2559.000 2318
2560.000 2348
2561.000 1978
2562.000 2470
2563.000 2432
2564.000 2708
2565.000 2410
2566.000 1678
2567.000 2486
2568.000 2524
2569.000 2328
2570.000 2652
2571.000 2510
2572.000 1780
2573.000 2244
2574.000 2138
2575.000 1952
2576.000 1618
2577.000 1748
2578.000 3058
2579.000 2320
2580.000 1816
2581.000 2568
2582.000 1962
2583.000 2670
2584.000 3048
2585.000 2528
2586.000 2206
2587.000 2904
2588.000 2252
2589.000 2262
2590.000 2006
2591.000 1984
2592.000 1292
2593.000 2404
2594.000 1991
2595.000 1772
2596.000 1816
2597.000 2508
2598.000 2318
2599.000 2060
2600.000 2138
2601.000 2322
2602.000 2440
2603.000 2936
2604.000 1930
2605.000 1694
2606.000 1924
2607.000 2570
2608.000 2346
2609.000 1816
2610.000 1062
2611.000 1252
2612.000 1092
2613.000 2234
2614.000 2796
2615.000 2580
2616.000 990
2617.000 2240
2618.000 2494
2619.000 1146
2620.000 1998
2621.000 2570
2622.000 1514
2623.000 2152
2624.000 1620
2625.000 1504
2626.000 2222
2627.000 1660
2628.000 2130
2629.000 2324
2630.000 2528
2631.000 2852
2632.000 2768
2633.000 1652
2634.000 1162
2635.000 2404
2636.000 1650
2637.000 2152
2638.000 2206
2639.000 910
2640.000 977
2641.000 1092
2642.000 1230
2643.000 1534
2644.000 1968
2645.000 1512
2646.000 1102
2647.000 1062
2648.000 1664
2649.000 1852
2650.000 1452
2651.000 1930
2652.000 2338
2653.000 1930
2654.000 1786
2655.000 2014
2656.000 1206
2657.000 1016
2658.000 1306
2659.000 3080
2660.000 2906
2661.000 2054
2662.000 1788
2663.000 2238
2664.000 2616
2665.000 1884
2666.000 1390
2667.000 1658
2668.000 1176
2669.000 1336
2670.000 1040
2671.000 1222
2672.000 2024
2673.000 2556
2674.000 2130
2675.000 1634
2676.000 2106
2677.000 2900
2678.000 1542
2679.000 1138
2680.000 1344
2681.000 1214
2682.000 1154
2683.000 1382
2684.000 1420
2685.000 1542
2686.000 1600
2687.000 1998
2688.000 1664
2689.000 1924
2690.000 1702
2691.000 2394
2692.000 2566
2693.000 2128
2694.000 1981
2695.000 2524
2696.000 1650
2697.000 1998
2698.000 2226
2699.000 1420
2700.000 1670
2701.000 976
2702.000 985
2703.000 910
2704.000 928
2705.000 948
2706.000 940
2707.000 808
2708.000 1012
2709.000 2304
2710.000 1758
2711.000 1534
2712.000 918
2713.000 1016
2714.000 977
2715.000 864
2716.000 940
2717.000 910
2718.000 902
2719.000 977
2720.000 902
2721.000 902
2722.000 910
2723.000 902
2724.000 864
2725.000 1016
2726.000 902
2727.000 940
2728.000 977
2729.000 940
2730.000 940
2731.000 912
2732.000 976
2733.000 977
2734.000 977
2735.000 864
2736.000 902
2737.000 940
2738.000 938
2739.000 1082
2740.000 940
2741.000 902
2742.000 940
2743.000 902
2744.000 940
2745.000 902
2746.000 910
2747.000 902
2748.000 940
2749.000 940
2750.000 902
2751.000 940
2752.000 902
2753.000 902
2754.000 940
2755.000 940
2756.000 864
2757.000 902
2758.000 977
2759.000 902
2760.000 902
2761.000 902
2762.000 940
2763.000 902
2764.000 1016
2765.000 910
2766.000 1876
2767.000 1490
2768.000 2630
2769.000 1646
2770.000 2448
2771.000 2394
2772.000 1716
2773.000 1642
2774.000 2092
2775.000 1542
2776.000 902
2777.000 940
2778.000 796
2779.000 1620
2780.000 1740
2781.000 1710
2782.000 1520
2783.000 2524
2784.000 2198
2785.000 1998
2786.000 1922
2787.000 1816
2788.000 2278
2789.000 2258
2790.000 2790
2791.000 1900
2792.000 1252
2793.000 1496
2794.000 1176
2795.000 1830
2796.000 2516
2797.000 1664
2798.000 1640
2799.000 2768
2800.000 2334
2801.000 2394
2802.000 1130
2803.000 902
2804.000 977
2805.000 1876
2806.000 1306
2807.000 2522
2808.000 5064
2809.000 2798
2810.000 1560
2811.000 1652
2812.000 3212
2813.000 2696
2814.000 1865
2815.000 2510
2816.000 2096
2817.000 3292
2818.000 3283
2819.000 1694
2820.000 2258
2821.000 2914
2822.000 2805
2823.000 2434
2824.000 940
2825.000 3404
2826.000 1618
2827.000 872
2828.000 977
2829.000 940
2830.000 910
2831.000 902
2832.000 902
2833.000 902
2834.000 940
2835.000 902
2836.000 902
2837.000 940
2838.000 902
2839.000 866
2840.000 1013
2841.000 864
2842.000 874
2843.000 940
2844.000 864
2845.000 902
2846.000 940
2847.000 940
2848.000 902
2849.000 902
2850.000 902
2851.000 910
2852.000 940
2853.000 1384
2854.000 902
2855.000 918
2856.000 902
2857.000 902
2858.000 902
2859.000 940
2860.000 977
2861.000 977
2862.000 902
2863.000 910
2864.000 948
2865.000 902
2866.000 864
2867.000 977
2868.000 948
2869.000 902
2870.000 902
2871.000 902
2872.000 872
2873.000 985
2874.000 977
2875.000 940
2876.000 940
2877.000 902
2878.000 864
2879.000 940
2880.000 940
2881.000 864
2882.000 948
2883.000 906
2884.000 902
2885.000 956
2886.000 864
2887.000 1008
2888.000 940
2889.000 910
2890.000 902
2891.000 918
2892.000 902
2893.000 902
2894.000 940
2895.000 918
2896.000 948
2897.000 902
2898.000 1016
2899.000 902
2900.000 902
2901.000 977
2902.000 864
2903.000 796
2904.000 940
2905.000 902
2906.000 902
2907.000 940
2908.000 918
2909.000 902
2910.000 977
2911.000 948
2912.000 974
2913.000 940
2914.000 910
2915.000 902
2916.000 940
2917.000 940
2918.000 902
2919.000 940
2920.000 1062
2921.000 940
2922.000 1016
2923.000 872
2924.000 902
2925.000 1016
2926.000 902
2927.000 864
2928.000 940
2929.000 902
2930.000 902
2931.000 902
2932.000 956
2933.000 910
2934.000 985
2935.000 902
2936.000 1072
2937.000 918
2938.000 902
2939.000 940
2940.000 910
2941.000 902
2942.000 902
2943.000 940
2944.000 940
2945.000 872
2946.000 948
2947.000 902
2948.000 902
2949.000 977
2950.000 902
2951.000 910
2952.000 940
2953.000 926
2954.000 902
2955.000 940
2956.000 902
2957.000 864
2958.000 910
2959.000 902
2960.000 940
2961.000 918
2962.000 902
2963.000 938
2964.000 1016
2965.000 940
2966.000 864
2967.000 940
2968.000 940
2969.000 864
2970.000 940
2971.000 940
2972.000 902
2973.000 977
2974.000 864
2975.000 940
2976.000 940
2977.000 902
2978.000 902
2979.000 940
2980.000 902
2981.000 902
2982.000 910
2983.000 902
2984.000 977
2985.000 866
2986.000 940
2987.000 902
2988.000 976
2989.000 866
2990.000 902
2991.000 940
2992.000 902
2993.000 902
2994.000 948
2995.000 940
2996.000 902
2997.000 977
2998.000 902
2999.000 940
3000.000 948
3001.000 938
3002.000 910
3003.000 977
3004.000 940
3005.000 902
3006.000 985
3007.000 902
3008.000 864
3009.000 977
3010.000 902
3011.000 910
3012.000 2043
3013.000 3096
3014.000 2446
3015.000 2760
3016.000 2660
3017.000 2910
3018.000 1640
3019.000 2844
3020.000 2502
3021.000 2650
3022.000 2114
3023.000 1246
3024.000 1832
3025.000 2052
3026.000 2598
3027.000 2104
3028.000 2378
3029.000 1498
3030.000 1474
3031.000 3094
3032.000 1976
3033.000 1962
3034.000 2264
3035.000 2027
3036.000 1686
3037.000 1460
3038.000 1406
3039.000 2732
3040.000 1662
3041.000 1200
3042.000 1470
3043.000 2516
3044.000 1482
3045.000 1550
3046.000 1298
3047.000 2728
3048.000 1916
3049.000 2638
3050.000 1862
3051.000 2956
3052.000 1800
3053.000 2594
3054.000 2438
3055.000 2866
3056.000 1572
3057.000 1702
3058.000 1816
3059.000 1854
3060.000 2652
3061.000 1062
3062.000 1534
3063.000 2176
3064.000 4246
3065.000 1032
3066.000 948
3067.000 940
3068.000 902
3069.000 902
3070.000 902
3071.000 902
3072.000 902
3073.000 948
3074.000 864
3075.000 902
3076.000 872
3077.000 940
3078.000 910
3079.000 940
3080.000 940
3081.000 872
3082.000 977
3083.000 902
3084.000 864
3085.000 977
3086.000 902
3087.000 902
3088.000 902
3089.000 977
3090.000 1142
3091.000 977
3092.000 902
3093.000 977
3094.000 948
3095.000 977
3096.000 910
3097.000 902
3098.000 902
3099.000 948
3100.000 902
3101.000 918
3102.000 902
3103.000 940
3104.000 864
3105.000 940
3106.000 948
3107.000 902
3108.000 902
3109.000 940
3110.000 902
3111.000 980
3112.000 976
3113.000 828
3114.000 940
3115.000 940
3116.000 948
3117.000 896
3118.000 940
3119.000 924
3120.000 940
3121.000 872
3122.000 940
3123.000 902
3124.000 976
3125.000 902
3126.000 948
3127.000 948
3128.000 940
3129.000 940
3130.000 902
3131.000 940
3132.000 902
3133.000 940
3134.000 940
3135.000 940
3136.000 940
3137.000 864
3138.000 902
3139.000 940
3140.000 910
3141.000 902
3142.000 948
3143.000 902
3144.000 902
3145.000 940
3146.000 940
3147.000 902
3148.000 872
3149.000 977
3150.000 902
3151.000 940
3152.000 940
3153.000 864
3154.000 940
3155.000 940
3156.000 902
3157.000 872
3158.000 940
3159.000 940
3160.000 902
3161.000 976
3162.000 910
3163.000 948
3164.000 864
3165.000 940
3166.000 977
3167.000 902
3168.000 902
3169.000 940
3170.000 902
3171.000 977
3172.000 1016
3173.000 940
3174.000 902
3175.000 948
3176.000 902
3177.000 910
3178.000 1016
3179.000 864
3180.000 1062
3181.000 882
3182.000 902
3183.000 940
3184.000 940
3185.000 1118
3186.000 872
3187.000 1518
3188.000 2902
3189.000 3264
3190.000 2980
3191.000 2592
3192.000 2988
3193.000 2120
3194.000 2076
3195.000 2166
3196.000 1862
3197.000 2822
3198.000 2586
3199.000 1412
3200.000 1808
3201.000 2228
3202.000 2514
3203.000 1924
3204.000 2152
3205.000 2964
3206.000 2182
3207.000 2752
3208.000 1700
3209.000 2302
3210.000 1612
3211.000 2340
3212.000 2007
3213.000 1762
3214.000 1002
3215.000 1496
3216.000 1914
3217.000 2128
3218.000 1322
3219.000 985
3220.000 1016
3221.000 2240
3222.000 1024
3223.000 940
3224.000 1770
3225.000 1260
3226.000 1534
3227.000 2708
3228.000 1208
3229.000 1412
3230.000 1176
3231.000 1678
3232.000 1336
3233.000 1328
3234.000 1458
3235.000 940
3236.000 977
3237.000 940
3238.000 2622
3239.000 2502
3240.000 1588
3241.000 1930
3242.000 2234
3243.000 1938
3244.000 1968
3245.000 1442
3246.000 2434
3247.000 2594
3248.000 2482
3249.000 2478
3250.000 2614
3251.000 2462
3252.000 2694
3253.000 3130
3254.000 2810
3255.000 2776
3256.000 2662
3257.000 2274
3258.000 2450
3259.000 2518
3260.000 2652
3261.000 2402
3262.000 2112
3263.000 2752
3264.000 2090
3265.000 2030
3266.000 1778
3267.000 2120
3268.000 1648
3269.000 3138
3270.000 1870
3271.000 1802
3272.000 2744
3273.000 2564
3274.000 2370
3275.000 2618
3276.000 2640
3277.000 2668
3278.000 2762
3279.000 2858
3280.000 2242
3281.000 2248
3282.000 2252
3283.000 1518
3284.000 2043
3285.000 2814
3286.000 2682
3287.000 2716
3288.000 2058
3289.000 2542
3290.000 2502
3291.000 2570
3292.000 1878
3293.000 1962
3294.000 1458
3295.000 1170
3296.000 1594
3297.000 1860
3298.000 2396
3299.000 2886
3300.000 3332
3301.000 1552
3302.000 1216
3303.000 1246
3304.000 1894
3305.000 1944
3306.000 2084
3307.000 1810
3308.000 2760
3309.000 2336
3310.000 2082
3311.000 2388
3312.000 1426
3313.000 1824
3314.000 2324
3315.000 1442
3316.000 994
3317.000 1092
3318.000 2466
3319.000 2712
3320.000 2410
3321.000 1892
3322.000 2220
3323.000 1428
3324.000 2054
3325.000 1876
3326.000 2418
3327.000 2100
3328.000 1998
3329.000 1862
3330.000 2106
3331.000 2210
3332.000 1344
3333.000 2280
3334.000 2142
3335.000 1518
3336.000 1778
3337.000 2356
3338.000 2880
3339.000 2310
3340.000 2162
3341.000 1792
3342.000 2280
3343.000 1070
3344.000 1552
3345.000 2660
3346.000 2600
3347.000 1230
3348.000 1722
3349.000 2592
3350.000 2104
3351.000 2558
3352.000 2114
3353.000 2320
3354.000 940
3355.000 2846
3356.000 2280
3357.000 2043
3358.000 2248
3359.000 2666
3360.000 2166
3361.000 2006
3362.000 2054
3363.000 2372
3364.000 2706
3365.000 1588
3366.000 2292
3367.000 2052
3368.000 1580
3369.000 2266
3370.000 1404
3371.000 2124
3372.000 2974
3373.000 2398
3374.000 1374
3375.000 1344
3376.000 1552
3377.000 2138
3378.000 1512
3379.000 1528
3380.000 1490
3381.000 1420
3382.000 1244
3383.000 1458
3384.000 2472
3385.000 2334
3386.000 1206
3387.000 2496
3388.000 2402
3389.000 2324
3390.000 1938
3391.000 1428
3392.000 1930
3393.000 2342
3394.000 1656
3395.000 2608
3396.000 2007
3397.000 2000
3398.000 1734
3399.000 2280
3400.000 2538
3401.000 2278
3402.000 2706
3403.000 2600
3404.000 1366
3405.000 1756
3406.000 1488
3407.000 1754
3408.000 2972
3409.000 2596
3410.000 3000
3411.000 1650
3412.000 1626
3413.000 2442
3414.000 2756
3415.000 2822
3416.000 1878
3417.000 1698
3418.000 2920
3419.000 2350
3420.000 1914
3421.000 2670
3422.000 1856
3423.000 1948
3424.000 2602
3425.000 2954
3426.000 2648
3427.000 1634
3428.000 2932
3429.000 2448
3430.000 2280
3431.000 2532
3432.000 2446
3433.000 2906
3434.000 1942
3435.000 1628
3436.000 1474
3437.000 1528
3438.000 1406
3439.000 2402
3440.000 2640
3441.000 1740
3442.000 1376
3443.000 1436
3444.000 902
3445.000 956
3446.000 2632
3447.000 2106
3448.000 2662
3449.000 2152
3450.000 2556
3451.000 2043
3452.000 2808
3453.000 2906
3454.000 2760
3455.000 2054
3456.000 2260
3457.000 2628
3458.000 2090
3459.000 2754
3460.000 2890
3461.000 2690
3462.000 2222
3463.000 2306
3464.000 2108
3465.000 1766
3466.000 977
3467.000 948
3468.000 1054
3469.000 1474
3470.000 1116
3471.000 1372
3472.000 984
3473.000 1991
3474.000 1970
3475.000 1016
3476.000 1714
3477.000 2108
3478.000 1132
3479.000 940
3480.000 2526
3481.000 2418
3482.000 2484
3483.000 2892
3484.000 1668
3485.000 940
3486.000 2234
3487.000 2366
3488.000 2022
3489.000 1780
3490.000 2414
3491.000 2488
3492.000 2190
3493.000 2594
3494.000 2458
3495.000 2210
3496.000 2196
3497.000 2398
3498.000 1568
3499.000 2366
3500.000 1954
3501.000 2140
3502.000 2182
3503.000 2278
3504.000 1332
3505.000 2526
3506.000 2996
3507.000 1722
3508.000 3186
3509.000 1504
3510.000 2172
3511.000 1842
3512.000 1420
3513.000 1072
3514.000 1302
3515.000 2006
3516.000 2972
3517.000 2550
3518.000 1526
3519.000 2188
3520.000 2742
3521.000 2258
3522.000 2480
3523.000 934
3524.000 1728
3525.000 2390
3526.000 2014
3527.000 1984
3528.000 2004
3529.000 2364
3530.000 2230
3531.000 2236
3532.000 2288
3533.000 2834
3534.000 2360
3535.000 1466
3536.000 1216
3537.000 1488
3538.000 2228
3539.000 2232
3540.000 1766
3541.000 1910
3542.000 2180
3543.000 2017
3544.000 1336
3545.000 1452
3546.000 1854
3547.000 1488
3548.000 1656
3549.000 2194
3550.000 3272
3551.000 2178
3552.000 2158
3553.000 1598
3554.000 2818
3555.000 2810
3556.000 2826
3557.000 1726
3558.000 2054
3559.000 2304
3560.000 1574
3561.000 2354
3562.000 2548
3563.000 2016
3564.000 1894
3565.000 2048
3566.000 2632
3567.000 2524
3568.000 2244
3569.000 2430
3570.000 2794
3571.000 2816
3572.000 1588
3573.000 2658
3574.000 1772
3575.000 2198
3576.000 1984
3577.000 2472
3578.000 2498
3579.000 2210
3580.000 2298
3581.000 2144
3582.000 2692
3583.000 2068
3584.000 2188
3585.000 1794
3586.000 1742
3587.000 1991
3588.000 1740
3589.000 2518
3590.000 2268
3591.000 2634
3592.000 2342
3593.000 2144
3594.000 1812
3595.000 2654
3596.000 1758
3597.000 2224
3598.000 2554
3599.000 2374
3600.000 2592
3601.000 2070
3602.000 854
