# Slice: URLLC | 112.217.128.200:10050 -> 10.215.173.1:49006 (UDP)
# offset_sec  packet_size_bytes
0.000 5855
1.000 1354
2.000 2916
3.000 2705
4.000 1700
5.000 1723
6.000 940
7.000 902
8.000 1018
9.000 1826
10.000 2206
11.000 2758
12.000 1346
13.000 1590
14.000 1372
15.000 902
16.000 940
17.000 902
18.000 977
19.000 995
20.000 938
21.000 902
22.000 977
23.000 910
24.000 866
25.000 940
26.000 985
27.000 940
28.000 1046
29.000 902
30.000 940
31.000 902
32.000 3790
33.000 4412
34.000 1620
35.000 940
36.000 1008
37.000 864
38.000 1700
39.000 902
40.000 940
41.000 1372
42.000 940
43.000 940
44.000 977
45.000 864
46.000 994
47.000 940
48.000 977
49.000 940
50.000 902
51.000 977
52.000 902
53.000 1130
54.000 2356
55.000 1732
56.000 940
57.000 940
58.000 940
59.000 977
60.000 902
61.000 938
62.000 1076
63.000 970
64.000 940
65.000 872
66.000 864
67.000 1008
68.000 1206
69.000 1276
70.000 1404
71.000 872
72.000 902
73.000 1016
74.000 977
75.000 788
76.000 1198
77.000 872
78.000 977
79.000 940
80.000 977
81.000 1922
82.000 2640
83.000 1968
84.000 1092
85.000 902
86.000 2352
87.000 1816
88.000 2924
89.000 1556
90.000 2402
91.000 3040
92.000 1130
93.000 1580
94.000 2932
95.000 1124
96.000 1092
97.000 1244
98.000 1328
99.000 1108
100.000 1130
101.000 977
102.000 977
103.000 2194
104.000 1358
105.000 1510
106.000 2858
107.000 2350
108.000 1746
109.000 2768
110.000 2010
111.000 2890
112.000 1366
113.000 3810
114.000 1944
115.000 985
116.000 1884
117.000 1724
118.000 2678
119.000 1138
120.000 1344
121.000 2864
122.000 1504
123.000 1732
124.000 1526
125.000 1092
126.000 1130
127.000 1762
128.000 2408
129.000 1922
130.000 3004
131.000 1336
132.000 977
133.000 1054
134.000 1472
135.000 2776
136.000 2760
137.000 2980
138.000 2027
139.000 1260
140.000 2408
141.000 1800
142.000 1442
143.000 2476
144.000 2060
145.000 2572
146.000 1572
147.000 1532
148.000 2128
149.000 1374
150.000 1458
151.000 1320
152.000 1618
153.000 2720
154.000 2043
155.000 1808
156.000 902
157.000 940
158.000 1054
159.000 2324
160.000 1748
161.000 1054
162.000 1290
163.000 1648
164.000 1100
165.000 1460
166.000 2020
167.000 1656
168.000 1960
169.000 977
170.000 910
171.000 1008
172.000 1496
173.000 1138
174.000 1268
175.000 1436
176.000 1328
177.000 902
178.000 1564
179.000 2730
180.000 1444
181.000 1558
182.000 934
183.000 1138
184.000 1100
185.000 1406
186.000 1556
187.000 1260
188.000 902
189.000 902
190.000 902
191.000 1936
192.000 1848
193.000 2012
194.000 2027
195.000 2540
196.000 3018
197.000 2774
198.000 2958
199.000 2242
200.000 2926
201.000 2372
202.000 1952
203.000 2356
204.000 1162
205.000 1482
206.000 2858
207.000 1968
208.000 2530
209.000 1876
210.000 2860
211.000 2280
212.000 2790
213.000 2888
214.000 2632
215.000 2272
216.000 2684
217.000 2896
218.000 2076
219.000 2388
220.000 2220
221.000 2236
222.000 2476
223.000 2738
224.000 2610
225.000 1914
226.000 2128
227.000 2388
228.000 2318
229.000 2212
230.000 3050
231.000 2522
232.000 3122
233.000 1830
234.000 938
235.000 2656
236.000 2952
237.000 2242
238.000 1686
239.000 2272
240.000 1970
241.000 1632
242.000 2174
243.000 2372
244.000 2288
245.000 1702
246.000 2014
247.000 2258
248.000 2440
249.000 2646
250.000 1960
251.000 2242
252.000 1716
253.000 1830
254.000 2318
255.000 2774
256.000 2576
257.000 3316
258.000 3228
259.000 2682
260.000 2728
261.000 2312
262.000 2828
263.000 2502
264.000 2188
265.000 2098
266.000 2660
267.000 3018
268.000 2712
269.000 3238
270.000 3316
271.000 2674
272.000 2758
273.000 2920
274.000 2418
275.000 2950
276.000 2982
277.000 2340
278.000 2872
279.000 2638
280.000 2920
281.000 2958
282.000 2690
283.000 2552
284.000 2482
285.000 2048
286.000 2372
287.000 2944
288.000 3192
289.000 2834
290.000 2236
291.000 2872
292.000 2874
293.000 3050
294.000 2750
295.000 2986
296.000 2616
297.000 3178
298.000 1482
299.000 2120
300.000 2770
301.000 2212
302.000 2950
303.000 2792
304.000 2952
305.000 2774
306.000 3208
307.000 2670
308.000 2138
309.000 2488
310.000 2230
311.000 2942
312.000 2966
313.000 2556
314.000 1694
315.000 2104
316.000 1732
317.000 2210
318.000 2682
319.000 1738
320.000 2670
321.000 2896
322.000 2386
323.000 2752
324.000 1830
325.000 2236
326.000 2616
327.000 1548
328.000 2420
329.000 1766
330.000 1754
331.000 1314
332.000 1800
333.000 1756
334.000 1458
335.000 1984
336.000 3588
337.000 3640
338.000 3096
339.000 3776
340.000 3422
341.000 4832
342.000 7918
343.000 6720
344.000 6756
345.000 3166
346.000 6026
347.000 2376
348.000 2074
349.000 1632
350.000 2590
351.000 2420
352.000 2424
353.000 2326
354.000 1130
355.000 2258
356.000 2570
357.000 2190
358.000 2152
359.000 2432
360.000 1930
361.000 1884
362.000 1130
363.000 1374
364.000 1808
365.000 2234
366.000 977
367.000 1078
368.000 977
369.000 1610
370.000 977
371.000 1100
372.000 1016
373.000 1876
374.000 2340
375.000 1938
376.000 2914
377.000 2800
378.000 3048
379.000 2614
380.000 2288
381.000 1998
382.000 702
383.000 3142
384.000 3710
385.000 4074
386.000 3184
387.000 3340
388.000 3931
389.000 1612
390.000 3264
391.000 4452
392.000 4622
393.000 11190
394.000 2500
395.000 1472
396.000 1550
397.000 1850
398.000 2464
399.000 2244
400.000 1998
401.000 2017
402.000 1778
403.000 2956
404.000 1092
405.000 1436
406.000 2166
407.000 2552
408.000 1610
409.000 1374
410.000 1990
411.000 2374
412.000 1724
413.000 2660
414.000 2302
415.000 1878
416.000 1846
417.000 2630
418.000 2776
419.000 2046
420.000 2104
421.000 1854
422.000 2150
423.000 3128
424.000 1770
425.000 2190
426.000 2440
427.000 2006
428.000 1816
429.000 1974
430.000 2416
431.000 2286
432.000 2142
433.000 2196
434.000 2584
435.000 1984
436.000 2302
437.000 2766
438.000 2204
439.000 2036
440.000 1960
441.000 2366
442.000 2700
443.000 2150
444.000 2106
445.000 956
446.000 1252
447.000 3004
448.000 2128
449.000 1991
450.000 1900
451.000 2464
452.000 1108
453.000 2418
454.000 2272
455.000 2302
456.000 1260
457.000 1016
458.000 2296
459.000 2142
460.000 2348
461.000 1672
462.000 2592
463.000 2700
464.000 2768
465.000 1514
466.000 2302
467.000 1214
468.000 1100
469.000 1396
470.000 1738
471.000 1664
472.000 1610
473.000 1436
474.000 1710
475.000 1756
476.000 1618
477.000 1998
478.000 2692
479.000 2684
480.000 2006
481.000 3586
482.000 1268
483.000 2240
484.000 2554
485.000 1984
486.000 2818
487.000 1838
488.000 1860
489.000 1502
490.000 1808
491.000 3860
492.000 2060
493.000 3054
494.000 2776
495.000 2600
496.000 1200
497.000 2608
498.000 3314
499.000 3086
500.000 1922
501.000 3206
502.000 2020
503.000 2112
504.000 2058
505.000 2884
506.000 2580
507.000 2260
508.000 1716
509.000 2874
510.000 2096
511.000 2942
512.000 1344
513.000 977
514.000 2722
515.000 1208
516.000 2776
517.000 1986
518.000 2460
519.000 902
520.000 940
521.000 902
522.000 2120
523.000 2614
524.000 2728
525.000 2074
526.000 2440
527.000 1488
528.000 2112
529.000 2054
530.000 1336
531.000 977
532.000 1556
533.000 2836
534.000 1594
535.000 2326
536.000 1656
537.000 2096
538.000 1800
539.000 2142
540.000 1016
541.000 1800
542.000 2172
543.000 1914
544.000 2416
545.000 1282
546.000 2356
547.000 1916
548.000 3138
549.000 1794
550.000 1602
551.000 2540
552.000 2334
553.000 2358
554.000 2552
555.000 2652
556.000 1336
557.000 2476
558.000 2846
559.000 2260
560.000 1320
561.000 1950
562.000 3510
563.000 3306
564.000 2312
565.000 2582
566.000 3006
567.000 2764
568.000 1916
569.000 2066
570.000 2248
571.000 2060
572.000 2416
573.000 6508
574.000 2912
575.000 2790
576.000 2478
577.000 1778
578.000 3344
579.000 2256
580.000 1662
581.000 1358
582.000 1344
583.000 1518
584.000 1412
585.000 1366
586.000 1092
587.000 910
588.000 940
589.000 1016
590.000 1192
591.000 1512
592.000 1314
593.000 1320
594.000 1496
595.000 2950
596.000 1610
597.000 2454
598.000 3052
599.000 2610
600.000 2928
601.000 3030
602.000 2682
603.000 1740
604.000 1490
605.000 2158
606.000 3072
607.000 2706
608.000 2774
609.000 2166
610.000 3094
611.000 2724
612.000 2916
613.000 3182
614.000 2744
615.000 2420
616.000 1526
617.000 1566
618.000 1876
619.000 1710
620.000 2440
621.000 4820
622.000 6052
623.000 4368
624.000 5716
625.000 7616
626.000 7524
627.000 3014
628.000 1878
629.000 3140
630.000 6934
631.000 5958
632.000 3922
633.000 1764
634.000 5142
635.000 4562
636.000 3564
637.000 7688
638.000 3957
639.000 4958
640.000 5868
641.000 4002
642.000 3408
643.000 2202
644.000 2012
645.000 1944
646.000 1990
647.000 3092
648.000 3436
649.000 3006
650.000 3042
651.000 3218
652.000 1860
653.000 2394
654.000 2118
655.000 1534
656.000 1762
657.000 1026
658.000 977
659.000 1032
660.000 1200
661.000 2706
662.000 2340
663.000 2560
664.000 1914
665.000 3510
666.000 3746
667.000 2116
668.000 3080
669.000 2616
670.000 2614
671.000 4954
672.000 2020
673.000 2098
674.000 1990
675.000 3306
676.000 1944
677.000 1442
678.000 2798
679.000 2492
680.000 2462
681.000 3170
682.000 2024
683.000 2212
684.000 1632
685.000 1130
686.000 1404
687.000 2096
688.000 2046
689.000 2932
690.000 2448
691.000 1990
692.000 1734
693.000 2052
694.000 1398
695.000 1146
696.000 984
697.000 1292
698.000 1836
699.000 1490
700.000 864
701.000 2362
702.000 1694
703.000 2628
704.000 2630
705.000 2048
706.000 1390
707.000 2744
708.000 754
709.000 985
710.000 808
711.000 1100
712.000 826
713.000 1392
714.000 1358
715.000 1952
716.000 776
717.000 1592
718.000 1572
719.000 892
720.000 790
721.000 968
722.000 1550
723.000 456
724.000 1806
725.000 1981
726.000 3280
727.000 2494
728.000 1284
729.000 3102
730.000 1706
731.000 2178
732.000 3144
733.000 3034
734.000 2007
735.000 2484
736.000 2878
737.000 2520
738.000 750
739.000 1740
740.000 3662
741.000 2001
742.000 3566
743.000 1918
744.000 1906
745.000 1138
746.000 1556
747.000 2728
748.000 2120
749.000 2568
750.000 2316
751.000 2356
752.000 2668
753.000 2356
754.000 2128
755.000 2134
756.000 4416
757.000 2546
758.000 2848
759.000 1640
760.000 2950
761.000 2234
762.000 2966
763.000 3468
764.000 3474
765.000 2060
766.000 2232
767.000 2232
768.000 2212
769.000 1526
770.000 2864
771.000 1458
772.000 1328
773.000 1746
774.000 1678
775.000 2842
776.000 2492
777.000 2684
778.000 2280
779.000 3016
780.000 1946
781.000 1628
782.000 2400
783.000 1686
784.000 2782
785.000 2408
786.000 1510
787.000 2136
788.000 1310
789.000 932
790.000 1512
791.000 624
792.000 1846
793.000 2040
794.000 1624
795.000 1328
796.000 977
797.000 948
798.000 1206
799.000 1716
800.000 1924
801.000 1232
802.000 1224
803.000 1194
804.000 2318
805.000 2158
806.000 2766
807.000 2272
808.000 2262
809.000 1922
810.000 2956
811.000 2540
812.000 1330
813.000 1472
814.000 1548
815.000 2918
816.000 2910
817.000 2724
818.000 2656
819.000 2356
820.000 3300
821.000 1940
822.000 1808
823.000 2578
824.000 2052
825.000 1912
826.000 1602
827.000 2196
828.000 2874
829.000 2098
830.000 3474
831.000 2812
832.000 2888
833.000 2806
834.000 2176
835.000 1384
836.000 2440
837.000 2318
838.000 2042
839.000 1268
840.000 1832
841.000 3386
842.000 1264
843.000 2264
844.000 1274
845.000 1616
846.000 1904
847.000 1430
848.000 2190
849.000 1542
850.000 1356
851.000 1550
852.000 1308
853.000 1664
854.000 826
855.000 2982
856.000 1626
857.000 1736
858.000 1878
859.000 2212
860.000 2134
861.000 1688
862.000 1870
863.000 766
864.000 2164
865.000 2032
866.000 2632
867.000 1610
868.000 1774
869.000 1990
870.000 1556
871.000 2438
872.000 1516
873.000 1092
874.000 1054
875.000 1488
876.000 2146
877.000 1266
878.000 1416
879.000 1396
880.000 1246
881.000 1480
882.000 2238
883.000 2418
884.000 6516
885.000 2148
886.000 6512
887.000 3046
888.000 1494
889.000 2254
890.000 1968
891.000 3074
892.000 1442
893.000 1981
894.000 1976
895.000 1452
896.000 1922
897.000 2014
898.000 1860
899.000 1960
900.000 2534
901.000 1748
902.000 2166
903.000 1664
904.000 1554
905.000 2576
906.000 1874
907.000 946
908.000 1210
909.000 1130
910.000 1136
911.000 1740
912.000 1944
913.000 1260
914.000 976
915.000 1286
916.000 1548
917.000 236
918.000 530
919.000 742
920.000 7898
921.000 1930
922.000 994
923.000 1626
924.000 1466
925.000 2060
926.000 1642
927.000 2098
928.000 2090
929.000 1032
930.000 1412
931.000 1572
932.000 1808
933.000 1222
934.000 1770
935.000 2964
936.000 1290
937.000 2836
938.000 2518
939.000 1610
940.000 1062
941.000 1518
942.000 1260
943.000 674
944.000 1254
945.000 940
946.000 977
947.000 910
948.000 866
949.000 1664
950.000 1944
951.000 1306
952.000 2798
953.000 2584
954.000 940
955.000 1284
956.000 902
957.000 910
958.000 910
959.000 977
960.000 1298
961.000 2688
962.000 2012
963.000 2928
964.000 2470
965.000 2250
966.000 1642
967.000 2198
968.000 2934
969.000 3012
970.000 2326
971.000 2562
972.000 2250
973.000 1374
974.000 1246
975.000 1442
976.000 910
977.000 934
978.000 902
979.000 922
980.000 1070
981.000 940
982.000 902
983.000 940
984.000 902
985.000 940
986.000 910
987.000 902
988.000 910
989.000 940
990.000 902
991.000 864
992.000 940
993.000 940
994.000 910
995.000 902
996.000 902
997.000 940
998.000 956
999.000 858
1000.000 902
1001.000 977
1002.000 977
1003.000 902
1004.000 1016
1005.000 977
1006.000 902
1007.000 1013
1008.000 864
1009.000 948
1010.000 972
1011.000 970
1012.000 872
1013.000 796
1014.000 1054
1015.000 804
1016.000 1008
1017.000 880
1018.000 902
1019.000 948
1020.000 948
1021.000 864
1022.000 940
1023.000 940
1024.000 864
1025.000 940
1026.000 977
1027.000 902
1028.000 902
1029.000 940
1030.000 902
1031.000 940
1032.000 940
1033.000 977
1034.000 1008
1035.000 864
1036.000 982
1037.000 902
1038.000 977
1039.000 902
1040.000 910
1041.000 940
1042.000 902
1043.000 940
1044.000 902
1045.000 902
1046.000 902
1047.000 1016
1048.000 880
1049.000 902
1050.000 940
1051.000 976
1052.000 970
1053.000 948
1054.000 910
1055.000 940
1056.000 977
1057.000 864
1058.000 1046
1059.000 826
1060.000 1018
1061.000 902
1062.000 940
1063.000 940
1064.000 864
1065.000 874
1066.000 910
1067.000 902
1068.000 910
1069.000 940
1070.000 902
1071.000 977
1072.000 864
1073.000 902
1074.000 977
1075.000 902
1076.000 902
1077.000 1084
1078.000 902
1079.000 940
1080.000 872
1081.000 902
1082.000 902
1083.000 948
1084.000 864
1085.000 940
1086.000 910
1087.000 977
1088.000 902
1089.000 910
1090.000 938
1091.000 902
1092.000 956
1093.000 948
1094.000 940
1095.000 948
1096.000 940
1097.000 902
1098.000 940
1099.000 940
1100.000 984
1101.000 940
1102.000 985
1103.000 864
1104.000 940
1105.000 940
1106.000 864
1107.000 902
1108.000 948
1109.000 940
1110.000 864
1111.000 940
1112.000 1013
1113.000 864
1114.000 940
1115.000 902
1116.000 940
1117.000 940
1118.000 940
1119.000 902
1120.000 977
1121.000 1008
1122.000 902
1123.000 948
1124.000 940
1125.000 796
1126.000 940
1127.000 940
1128.000 902
1129.000 940
1130.000 940
1131.000 940
1132.000 902
1133.000 948
1134.000 940
1135.000 938
1136.000 918
1137.000 910
1138.000 940
1139.000 977
1140.000 864
1141.000 940
1142.000 1046
1143.000 954
1144.000 864
1145.000 977
1146.000 977
1147.000 940
1148.000 918
1149.000 902
1150.000 864
1151.000 948
1152.000 940
1153.000 864
1154.000 948
1155.000 902
1156.000 902
1157.000 910
1158.000 902
1159.000 902
1160.000 940
1161.000 902
1162.000 902
1163.000 940
1164.000 977
1165.000 864
1166.000 977
1167.000 940
1168.000 910
1169.000 977
1170.000 902
1171.000 940
1172.000 1046
1173.000 864
1174.000 902
1175.000 948
1176.000 902
1177.000 864
1178.000 940
1179.000 910
1180.000 902
1181.000 940
1182.000 864
1183.000 948
1184.000 940
1185.000 940
1186.000 1092
1187.000 1754
1188.000 1808
1189.000 2920
1190.000 2996
1191.000 2966
1192.000 3020
1193.000 1678
1194.000 2830
1195.000 2540
1196.000 2027
1197.000 1100
1198.000 2258
1199.000 902
1200.000 1658
1201.000 2966
1202.000 1822
1203.000 1702
1204.000 1184
1205.000 2660
1206.000 2258
1207.000 2198
1208.000 1914
1209.000 2128
1210.000 1981
1211.000 940
1212.000 2226
1213.000 1776
1214.000 1860
1215.000 1290
1216.000 1724
1217.000 910
1218.000 1374
1219.000 2296
1220.000 3014
1221.000 1556
1222.000 1108
1223.000 1968
1224.000 1428
1225.000 1184
1226.000 2158
1227.000 2068
1228.000 2052
1229.000 2302
1230.000 1282
1231.000 1214
1232.000 1374
1233.000 1138
1234.000 2334
1235.000 1556
1236.000 940
1237.000 1488
1238.000 2662
1239.000 1802
1240.000 2470
1241.000 2242
1242.000 1962
1243.000 1450
1244.000 1298
1245.000 2226
1246.000 2508
1247.000 1716
1248.000 2130
1249.000 3102
1250.000 2534
1251.000 2220
1252.000 1952
1253.000 2968
1254.000 2184
1255.000 1398
1256.000 880
1257.000 2210
1258.000 2296
1259.000 2234
1260.000 1520
1261.000 2212
1262.000 2272
1263.000 2660
1264.000 1981
1265.000 1176
1266.000 985
1267.000 1062
1268.000 948
1269.000 1932
1270.000 2714
1271.000 2388
1272.000 1366
1273.000 1496
1274.000 2114
1275.000 2670
1276.000 2546
1277.000 1836
1278.000 1786
1279.000 1534
1280.000 1382
1281.000 1596
1282.000 1640
1283.000 1474
1284.000 1648
1285.000 1588
1286.000 2396
1287.000 1892
1288.000 1252
1289.000 2043
1290.000 2440
1291.000 2296
1292.000 1566
1293.000 2052
1294.000 3218
1295.000 1686
1296.000 3278
1297.000 3020
1298.000 1664
1299.000 3056
1300.000 2876
1301.000 2030
1302.000 2770
1303.000 1634
1304.000 1260
1305.000 2366
1306.000 1900
1307.000 2068
1308.000 2926
1309.000 2020
1310.000 2212
1311.000 1726
1312.000 1442
1313.000 2848
1314.000 2646
1315.000 2020
1316.000 2350
1317.000 2928
1318.000 2586
1319.000 2252
1320.000 2568
1321.000 2214
1322.000 2630
1323.000 2352
1324.000 2326
1325.000 1740
1326.000 2512
1327.000 2358
1328.000 1920
1329.000 2388
1330.000 1884
1331.000 2912
1332.000 2994
1333.000 1542
1334.000 1306
1335.000 2022
1336.000 1770
1337.000 1860
1338.000 1146
1339.000 1268
1340.000 2104
1341.000 2314
1342.000 2404
1343.000 2744
1344.000 1838
1345.000 1542
1346.000 2060
1347.000 2410
1348.000 2812
1349.000 2906
1350.000 2006
1351.000 1740
1352.000 3110
1353.000 2736
1354.000 2158
1355.000 2396
1356.000 2996
1357.000 3344
1358.000 2212
1359.000 2260
1360.000 2494
1361.000 2742
1362.000 2304
1363.000 1778
1364.000 1998
1365.000 1886
1366.000 2986
1367.000 2190
1368.000 2280
1369.000 2334
1370.000 2722
1371.000 1900
1372.000 1472
1373.000 1192
1374.000 1298
1375.000 1184
1376.000 1762
1377.000 1724
1378.000 1748
1379.000 2492
1380.000 1938
1381.000 1924
1382.000 1910
1383.000 2372
1384.000 2474
1385.000 2344
1386.000 2190
1387.000 1722
1388.000 2584
1389.000 2992
1390.000 3012
1391.000 2332
1392.000 2446
1393.000 2218
1394.000 2150
1395.000 2728
1396.000 1954
1397.000 2712
1398.000 3392
1399.000 2132
1400.000 1984
1401.000 2372
1402.000 2138
1403.000 1830
1404.000 2386
1405.000 2462
1406.000 2644
1407.000 3134
1408.000 1624
1409.000 1886
1410.000 2540
1411.000 2226
1412.000 1252
1413.000 2364
1414.000 2754
1415.000 2946
1416.000 2904
1417.000 2638
1418.000 1724
1419.000 2364
1420.000 2062
1421.000 3034
1422.000 2328
1423.000 2212
1424.000 2454
1425.000 3066
1426.000 2350
1427.000 2176
1428.000 2904
1429.000 3080
1430.000 1816
1431.000 2616
1432.000 2112
1433.000 2104
1434.000 2522
1435.000 3208
1436.000 2326
1437.000 2096
1438.000 2722
1439.000 1976
1440.000 1694
1441.000 1412
1442.000 2196
1443.000 1640
1444.000 2001
1445.000 2134
1446.000 2554
1447.000 2610
1448.000 1840
1449.000 2104
1450.000 3052
1451.000 2076
1452.000 2354
1453.000 2806
1454.000 2606
1455.000 1838
1456.000 1580
1457.000 2182
1458.000 2896
1459.000 3136
1460.000 2520
1461.000 1862
1462.000 1740
1463.000 2608
1464.000 2052
1465.000 1672
1466.000 1596
1467.000 1930
1468.000 2862
1469.000 2388
1470.000 2022
1471.000 2084
1472.000 1640
1473.000 2098
1474.000 3034
1475.000 2798
1476.000 2272
1477.000 1696
1478.000 2916
1479.000 2654
1480.000 2786
1481.000 2228
1482.000 2982
1483.000 2762
1484.000 1800
1485.000 1656
1486.000 1488
1487.000 2634
1488.000 2440
1489.000 1762
1490.000 3110
1491.000 1862
1492.000 1840
1493.000 1626
1494.000 985
1495.000 1428
1496.000 2532
1497.000 2442
1498.000 2160
1499.000 2162
1500.000 1610
1501.000 2610
1502.000 1762
1503.000 1422
1504.000 1496
1505.000 1454
1506.000 1168
1507.000 1848
1508.000 1734
1509.000 1588
1510.000 1952
1511.000 1558
1512.000 1764
1513.000 1618
1514.000 1222
1515.000 1914
1516.000 2027
1517.000 1474
1518.000 1344
1519.000 1366
1520.000 1130
1521.000 1054
1522.000 1336
1523.000 2752
1524.000 2022
1525.000 2408
1526.000 1420
1527.000 1686
1528.000 1610
1529.000 2614
1530.000 2372
1531.000 1496
1532.000 2548
1533.000 1466
1534.000 1686
1535.000 1100
1536.000 758
1537.000 1016
1538.000 2410
1539.000 1718
1540.000 1428
1541.000 1965
1542.000 2402
1543.000 2648
1544.000 2134
1545.000 2326
1546.000 2972
1547.000 2478
1548.000 2774
1549.000 3040
1550.000 2714
1551.000 1991
1552.000 2316
1553.000 2630
1554.000 1930
1555.000 2228
1556.000 2426
1557.000 1762
1558.000 2462
1559.000 2404
1560.000 1428
1561.000 2160
1562.000 2602
1563.000 1594
1564.000 1526
1565.000 1930
1566.000 2122
1567.000 2372
1568.000 2234
1569.000 2942
1570.000 1092
1571.000 1024
1572.000 902
1573.000 940
1574.000 977
1575.000 864
1576.000 902
1577.000 976
1578.000 902
1579.000 940
1580.000 910
1581.000 902
1582.000 902
1583.000 940
1584.000 872
1585.000 940
1586.000 977
1587.000 910
1588.000 902
1589.000 985
1590.000 940
1591.000 1222
1592.000 2120
1593.000 1542
1594.000 1880
1595.000 2074
1596.000 1434
1597.000 1130
1598.000 1646
1599.000 1504
1600.000 1534
1601.000 1670
1602.000 948
1603.000 1230
1604.000 1566
1605.000 1420
1606.000 1678
1607.000 1496
1608.000 2564
1609.000 1884
1610.000 1358
1611.000 1832
1612.000 1816
1613.000 1054
1614.000 977
1615.000 1214
1616.000 2332
1617.000 2068
1618.000 2500
1619.000 2098
1620.000 1762
1621.000 1336
1622.000 1200
1623.000 1184
1624.000 1284
1625.000 1642
1626.000 2204
1627.000 1922
1628.000 2204
1629.000 2746
1630.000 2068
1631.000 2618
1632.000 2708
1633.000 2518
1634.000 2724
1635.000 2222
1636.000 2228
1637.000 2958
1638.000 2088
1639.000 2960
1640.000 2870
1641.000 2998
1642.000 2714
1643.000 2404
1644.000 3196
1645.000 3262
1646.000 2694
1647.000 2724
1648.000 2768
1649.000 2878
1650.000 3014
1651.000 2142
1652.000 1580
1653.000 1360
1654.000 1252
1655.000 1838
1656.000 1588
1657.000 985
1658.000 940
1659.000 940
1660.000 902
1661.000 910
1662.000 766
1663.000 902
1664.000 902
1665.000 977
1666.000 938
1667.000 902
1668.000 977
1669.000 910
1670.000 1046
1671.000 902
1672.000 864
1673.000 1178
1674.000 940
1675.000 864
1676.000 948
1677.000 940
1678.000 902
1679.000 940
1680.000 1108
1681.000 2294
1682.000 1976
1683.000 2584
1684.000 2312
1685.000 1450
1686.000 2136
1687.000 2516
1688.000 2027
1689.000 1680
1690.000 940
1691.000 2298
1692.000 2890
1693.000 2426
1694.000 1062
1695.000 1754
1696.000 2266
1697.000 1930
1698.000 2686
1699.000 2470
1700.000 2328
1701.000 2432
1702.000 2784
1703.000 1368
1704.000 1146
1705.000 1314
1706.000 1816
1707.000 1860
1708.000 3222
1709.000 2043
1710.000 1946
1711.000 1206
1712.000 1588
1713.000 1874
1714.000 2000
1715.000 2290
1716.000 2232
1717.000 1526
1718.000 1816
1719.000 1222
1720.000 2182
1721.000 1564
1722.000 1590
1723.000 2890
1724.000 1466
1725.000 1780
1726.000 2082
1727.000 2114
1728.000 2144
1729.000 3146
1730.000 2804
1731.000 2754
1732.000 2538
1733.000 1588
1734.000 2482
1735.000 2020
1736.000 1414
1737.000 2318
1738.000 1808
1739.000 1656
1740.000 1892
1741.000 1632
1742.000 2478
1743.000 1930
1744.000 2482
1745.000 3074
1746.000 1702
1747.000 994
1748.000 2312
1749.000 2898
1750.000 1656
1751.000 2486
1752.000 1830
1753.000 2364
1754.000 1428
1755.000 1124
1756.000 2228
1757.000 940
1758.000 1078
1759.000 948
1760.000 985
1761.000 1238
1762.000 1582
1763.000 2112
1764.000 2172
1765.000 2638
1766.000 1678
1767.000 1138
1768.000 1534
1769.000 1222
1770.000 940
1771.000 872
1772.000 1640
1773.000 1792
1774.000 2206
1775.000 2416
1776.000 1154
1777.000 1981
1778.000 1488
1779.000 1832
1780.000 918
1781.000 1414
1782.000 1892
1783.000 2000
1784.000 1648
1785.000 1854
1786.000 1990
1787.000 1200
1788.000 864
1789.000 1018
1790.000 948
1791.000 1176
1792.000 940
1793.000 1664
1794.000 1184
1795.000 1206
1796.000 1160
1797.000 1868
1798.000 1442
1799.000 1632
1800.000 3032
1801.000 1732
1802.000 2254
1803.000 2198
1804.000 1724
1805.000 1686
1806.000 2196
1807.000 2714
1808.000 1778
1809.000 2304
1810.000 2568
1811.000 1724
1812.000 2234
1813.000 948
1814.000 2380
1815.000 2000
1816.000 1420
1817.000 2066
1818.000 1892
1819.000 1800
1820.000 918
1821.000 1770
1822.000 1932
1823.000 1140
1824.000 1550
1825.000 1922
1826.000 2100
1827.000 994
1828.000 2158
1829.000 1320
1830.000 1938
1831.000 2394
1832.000 1496
1833.000 1512
1834.000 1244
1835.000 1906
1836.000 948
1837.000 2188
1838.000 1588
1839.000 2524
1840.000 1488
1841.000 2228
1842.000 1384
1843.000 1078
1844.000 2076
1845.000 2882
1846.000 1596
1847.000 1306
1848.000 2592
1849.000 3258
1850.000 2124
1851.000 2740
1852.000 2082
1853.000 2646
1854.000 2146
1855.000 1024
1856.000 1016
1857.000 1572
1858.000 1770
1859.000 1130
1860.000 2100
1861.000 1664
1862.000 1260
1863.000 1328
1864.000 910
1865.000 902
1866.000 902
1867.000 940
1868.000 977
1869.000 1008
1870.000 940
1871.000 977
1872.000 910
1873.000 902
1874.000 940
1875.000 940
1876.000 940
1877.000 940
1878.000 1328
1879.000 2652
1880.000 1566
1881.000 2112
1882.000 2168
1883.000 1566
1884.000 1070
1885.000 2466
1886.000 2502
1887.000 2252
1888.000 2610
1889.000 3576
1890.000 2648
1891.000 2400
1892.000 2522
1893.000 1100
1894.000 1396
1895.000 3050
1896.000 1818
1897.000 1176
1898.000 1062
1899.000 1724
1900.000 2562
1901.000 2332
1902.000 2350
1903.000 2424
1904.000 1344
1905.000 2690
1906.000 1268
1907.000 1306
1908.000 1954
1909.000 1396
1910.000 2314
1911.000 2936
1912.000 2196
1913.000 2022
1914.000 1140
1915.000 2812
1916.000 2182
1917.000 1656
1918.000 1740
1919.000 2728
1920.000 2920
1921.000 1914
1922.000 2792
1923.000 2990
1924.000 1938
1925.000 1024
1926.000 2152
1927.000 2866
1928.000 2254
1929.000 1132
1930.000 948
1931.000 940
1932.000 940
1933.000 902
1934.000 977
1935.000 902
1936.000 940
1937.000 940
1938.000 864
1939.000 902
1940.000 948
1941.000 910
1942.000 940
1943.000 940
1944.000 977
1945.000 902
1946.000 872
1947.000 902
1948.000 940
1949.000 940
1950.000 902
1951.000 902
1952.000 940
1953.000 902
1954.000 900
1955.000 948
1956.000 902
1957.000 948
1958.000 910
1959.000 1084
1960.000 902
1961.000 977
1962.000 977
1963.000 864
1964.000 977
1965.000 1046
1966.000 902
1967.000 940
1968.000 902
1969.000 910
1970.000 977
1971.000 796
1972.000 910
1973.000 902
1974.000 940
1975.000 910
1976.000 864
1977.000 977
1978.000 940
1979.000 940
1980.000 1016
1981.000 864
1982.000 938
1983.000 977
1984.000 902
1985.000 940
1986.000 910
1987.000 940
1988.000 864
1989.000 940
1990.000 940
1991.000 902
1992.000 902
1993.000 940
1994.000 902
1995.000 948
1996.000 864
1997.000 940
1998.000 1046
1999.000 948
2000.000 977
2001.000 940
2002.000 902
2003.000 902
2004.000 948
2005.000 940
2006.000 902
2007.000 948
2008.000 902
2009.000 940
2010.000 985
2011.000 940
2012.000 902
2013.000 902
2014.000 977
2015.000 918
2016.000 940
2017.000 864
2018.000 1046
2019.000 977
2020.000 902
2021.000 902
2022.000 948
2023.000 902
2024.000 902
2025.000 902
2026.000 902
2027.000 940
2028.000 977
2029.000 902
2030.000 902
2031.000 902
2032.000 940
2033.000 866
2034.000 872
2035.000 902
2036.000 902
2037.000 940
2038.000 902
2039.000 902
2040.000 910
2041.000 1002
2042.000 888
2043.000 940
2044.000 902
2045.000 910
2046.000 940
2047.000 864
2048.000 902
2049.000 1024
2050.000 902
2051.000 902
2052.000 910
2053.000 902
2054.000 940
2055.000 910
2056.000 902
2057.000 902
2058.000 977
2059.000 977
2060.000 977
2061.000 1024
2062.000 1028
2063.000 902
2064.000 910
2065.000 902
2066.000 902
2067.000 977
2068.000 902
2069.000 902
2070.000 940
2071.000 902
2072.000 902
2073.000 940
2074.000 902
2075.000 948
2076.000 902
2077.000 940
2078.000 902
2079.000 940
2080.000 940
2081.000 902
2082.000 940
2083.000 902
2084.000 864
2085.000 940
2086.000 977
2087.000 940
2088.000 902
2089.000 902
2090.000 902
2091.000 940
2092.000 940
2093.000 902
2094.000 902
2095.000 977
2096.000 758
2097.000 1008
2098.000 1016
2099.000 940
2100.000 902
2101.000 977
2102.000 902
2103.000 902
2104.000 940
2105.000 940
2106.000 977
2107.000 976
2108.000 940
2109.000 902
2110.000 977
2111.000 902
2112.000 864
2113.000 1016
2114.000 902
2115.000 977
2116.000 985
2117.000 864
2118.000 902
2119.000 940
2120.000 940
2121.000 864
2122.000 940
2123.000 940
2124.000 948
2125.000 872
2126.000 977
2127.000 940
2128.000 1046
2129.000 910
2130.000 940
2131.000 940
2132.000 977
2133.000 940
2134.000 910
2135.000 948
2136.000 1016
2137.000 940
2138.000 902
2139.000 902
2140.000 902
2141.000 902
2142.000 902
2143.000 910
2144.000 902
2145.000 902
2146.000 940
2147.000 977
2148.000 940
2149.000 940
2150.000 940
2151.000 940
2152.000 940
2153.000 1008
2154.000 902
2155.000 948
2156.000 864
2157.000 902
2158.000 985
2159.000 902
2160.000 872
2161.000 940
2162.000 1010
2163.000 902
2164.000 940
2165.000 940
2166.000 902
2167.000 977
2168.000 872
2169.000 902
2170.000 940
2171.000 940
2172.000 902
2173.000 948
2174.000 940
2175.000 902
2176.000 902
2177.000 902
2178.000 940
2179.000 940
2180.000 902
2181.000 940
2182.000 940
2183.000 902
2184.000 977
2185.000 948
2186.000 977
2187.000 864
2188.000 940
2189.000 940
2190.000 902
2191.000 1016
2192.000 902
2193.000 864
2194.000 940
2195.000 948
2196.000 902
2197.000 977
2198.000 902
2199.000 940
2200.000 1016
2201.000 864
2202.000 977
2203.000 940
2204.000 902
2205.000 864
2206.000 940
2207.000 910
2208.000 902
2209.000 872
2210.000 910
2211.000 940
2212.000 940
2213.000 864
2214.000 910
2215.000 948
2216.000 976
2217.000 902
2218.000 1046
2219.000 940
2220.000 902
2221.000 940
2222.000 872
2223.000 910
2224.000 902
2225.000 940
2226.000 872
2227.000 977
2228.000 940
2229.000 864
2230.000 902
2231.000 910
2232.000 940
2233.000 902
2234.000 977
2235.000 948
2236.000 902
2237.000 977
2238.000 977
2239.000 902
2240.000 910
2241.000 902
2242.000 902
2243.000 977
2244.000 910
2245.000 902
2246.000 902
2247.000 902
2248.000 948
2249.000 977
2250.000 864
2251.000 940
2252.000 910
2253.000 902
2254.000 864
2255.000 940
2256.000 910
2257.000 902
2258.000 940
2259.000 902
2260.000 902
2261.000 940
2262.000 940
2263.000 902
2264.000 1052
2265.000 902
2266.000 902
2267.000 940
2268.000 902
2269.000 902
2270.000 940
2271.000 902
2272.000 902
2273.000 948
2274.000 1046
2275.000 902
2276.000 910
2277.000 902
2278.000 940
2279.000 940
2280.000 902
2281.000 940
2282.000 940
2283.000 940
2284.000 864
2285.000 977
2286.000 902
2287.000 902
2288.000 940
2289.000 902
2290.000 902
2291.000 902
2292.000 902
2293.000 940
2294.000 1016
2295.000 866
2296.000 940
2297.000 940
2298.000 902
2299.000 940
2300.000 902
2301.000 910
2302.000 902
2303.000 940
2304.000 864
2305.000 910
2306.000 948
2307.000 940
2308.000 864
2309.000 940
2310.000 902
2311.000 902
2312.000 902
2313.000 940
2314.000 902
2315.000 977
2316.000 872
2317.000 976
2318.000 977
2319.000 902
2320.000 910
2321.000 948
2322.000 864
2323.000 902
2324.000 977
2325.000 864
2326.000 902
2327.000 948
2328.000 1716
2329.000 2168
2330.000 977
2331.000 902
2332.000 940
2333.000 2326
2334.000 2432
2335.000 2618
2336.000 1450
2337.000 2448
2338.000 1444
2339.000 2508
2340.000 1414
2341.000 2142
2342.000 2440
2343.000 2066
2344.000 918
2345.000 902
2346.000 977
2347.000 1062
2348.000 940
2349.000 910
2350.000 902
2351.000 2022
2352.000 2204
2353.000 1694
2354.000 1458
2355.000 2014
2356.000 1930
2357.000 1955
2358.000 977
2359.000 2096
2360.000 2248
2361.000 2027
2362.000 1764
2363.000 1206
2364.000 864
2365.000 902
2366.000 940
2367.000 940
2368.000 796
2369.000 940
2370.000 940
2371.000 1054
2372.000 1840
2373.000 2220
2374.000 1884
2375.000 1214
2376.000 1680
2377.000 2800
2378.000 2536
2379.000 1834
2380.000 1744
2381.000 2800
2382.000 2904
2383.000 2630
2384.000 1550
2385.000 1512
2386.000 940
2387.000 977
2388.000 948
2389.000 902
2390.000 1016
2391.000 940
2392.000 902
2393.000 1046
2394.000 940
2395.000 1100
2396.000 1534
2397.000 1214
2398.000 1092
2399.000 1344
2400.000 1884
2401.000 940
2402.000 1054
2403.000 2234
2404.000 2380
2405.000 1770
2406.000 3094
2407.000 1620
2408.000 1680
2409.000 2480
2410.000 2164
2411.000 3256
2412.000 2336
2413.000 1534
2414.000 1062
2415.000 1634
2416.000 2456
2417.000 2464
2418.000 1466
2419.000 1580
2420.000 1434
2421.000 2694
2422.000 2736
2423.000 1350
2424.000 1062
2425.000 902
2426.000 2052
2427.000 2364
2428.000 2228
2429.000 2844
2430.000 1192
2431.000 2560
2432.000 2664
2433.000 1916
2434.000 1472
2435.000 1610
2436.000 1910
2437.000 1818
2438.000 1838
2439.000 2814
2440.000 2150
2441.000 1732
2442.000 2198
2443.000 2046
2444.000 2914
2445.000 3200
2446.000 2716
2447.000 2430
2448.000 1954
2449.000 2890
2450.000 2594
2451.000 2782
2452.000 2302
2453.000 2030
2454.000 2666
2455.000 3096
2456.000 2422
2457.000 2526
2458.000 2310
2459.000 1298
2460.000 1252
2461.000 2796
2462.000 2922
2463.000 2804
2464.000 2098
2465.000 1878
2466.000 2356
2467.000 2714
2468.000 2516
2469.000 2388
2470.000 1740
2471.000 1550
2472.000 2106
2473.000 2692
2474.000 2882
2475.000 1634
2476.000 2386
2477.000 1184
2478.000 985
2479.000 1854
2480.000 2098
2481.000 1964
2482.000 1946
2483.000 2358
2484.000 2402
2485.000 2260
2486.000 2428
2487.000 2066
2488.000 2740
2489.000 2068
2490.000 2472
2491.000 1740
2492.000 2204
2493.000 1898
2494.000 1488
2495.000 2602
2496.000 2372
2497.000 1854
2498.000 2098
2499.000 2400
2500.000 1794
2501.000 1696
2502.000 2608
2503.000 2662
2504.000 2116
2505.000 2622
2506.000 2482
2507.000 2726
2508.000 1830
2509.000 2570
2510.000 2402
2511.000 2374
2512.000 2492
2513.000 1618
2514.000 2538
2515.000 1930
2516.000 2564
2517.000 2212
2518.000 2928
2519.000 1938
2520.000 2692
2521.000 2106
2522.000 1900
2523.000 2052
2524.000 2572
2525.000 1336
2526.000 1864
2527.000 2424
2528.000 2136
2529.000 3382
2530.000 2966
2531.000 2800
2532.000 1696
2533.000 2738
2534.000 2886
2535.000 2668
2536.000 2808
2537.000 2790
2538.000 2610
2539.000 2274
2540.000 3030
2541.000 2952
2542.000 2812
2543.000 2972
2544.000 3136
2545.000 2648
2546.000 3394
2547.000 2316
2548.000 1974
2549.000 3416
2550.000 3114
2551.000 3018
2552.000 3324
2553.000 3140
2554.000 2310
2555.000 1722
2556.000 2804
2557.000 3208
2558.000 1382
2559.000 1974
2560.000 1754
2561.000 2288
2562.000 2104
2563.000 2398
2564.000 918
2565.000 2142
2566.000 1946
2567.000 2218
2568.000 2242
2569.000 2062
2570.000 2472
2571.000 1944
2572.000 2114
2573.000 1580
2574.000 1702
2575.000 1932
2576.000 2296
2577.000 2188
2578.000 2540
2579.000 1732
2580.000 1678
2581.000 3102
2582.000 2358
2583.000 2106
2584.000 2190
2585.000 1908
2586.000 1832
2587.000 1764
2588.000 2258
2589.000 2926
2590.000 2730
2591.000 2840
2592.000 1624
2593.000 2614
2594.000 2470
2595.000 2994
2596.000 2508
2597.000 2252
2598.000 2388
2599.000 2174
2600.000 1970
2601.000 2007
2602.000 2880
2603.000 2298
2604.000 2266
2605.000 2176
2606.000 2022
2607.000 3048
2608.000 2798
2609.000 1991
2610.000 2348
2611.000 2082
2612.000 3150
2613.000 2776
2614.000 2542
2615.000 2120
2616.000 2218
2617.000 2060
2618.000 2494
2619.000 2638
2620.000 2700
2621.000 2598
2622.000 1996
2623.000 2412
2624.000 2456
2625.000 2782
2626.000 2266
2627.000 2274
2628.000 2564
2629.000 1678
2630.000 1062
2631.000 2022
2632.000 1610
2633.000 977
2634.000 1520
2635.000 1968
2636.000 2004
2637.000 2576
2638.000 1192
2639.000 1976
2640.000 2298
2641.000 2706
2642.000 2990
2643.000 2204
2644.000 2410
2645.000 3246
2646.000 2364
2647.000 2410
2648.000 2188
2649.000 1528
2650.000 1986
2651.000 3132
2652.000 2790
2653.000 2046
2654.000 2508
2655.000 1564
2656.000 1718
2657.000 1900
2658.000 2408
2659.000 1214
2660.000 2046
2661.000 1984
2662.000 2444
2663.000 2868
2664.000 1374
2665.000 2690
2666.000 2128
2667.000 2510
2668.000 3110
2669.000 3088
2670.000 2818
2671.000 2578
2672.000 2090
2673.000 1824
2674.000 2288
2675.000 1504
2676.000 2622
2677.000 2500
2678.000 1962
2679.000 2088
2680.000 2586
2681.000 3002
2682.000 2492
2683.000 1986
2684.000 1742
2685.000 1244
2686.000 1686
2687.000 2098
2688.000 2358
2689.000 1778
2690.000 1550
2691.000 2302
2692.000 1412
2693.000 2196
2694.000 1572
2695.000 2234
2696.000 2472
2697.000 1442
2698.000 2596
2699.000 1382
2700.000 1740
2701.000 1822
2702.000 1200
2703.000 1962
2704.000 2428
2705.000 2272
2706.000 3206
2707.000 2602
2708.000 1626
2709.000 2708
2710.000 1840
2711.000 1930
2712.000 1840
2713.000 2842
2714.000 2854
2715.000 2250
2716.000 2788
2717.000 2860
2718.000 2616
2719.000 2816
2720.000 2166
2721.000 2112
2722.000 1618
2723.000 1450
2724.000 1902
2725.000 2220
2726.000 2358
2727.000 1926
2728.000 2752
2729.000 2336
2730.000 2900
2731.000 2944
2732.000 3018
2733.000 2782
2734.000 2358
2735.000 2616
2736.000 2730
2737.000 2368
2738.000 1024
2739.000 2386
2740.000 2394
2741.000 1778
2742.000 2470
2743.000 1678
2744.000 1434
2745.000 2792
2746.000 2274
2747.000 2486
2748.000 2708
2749.000 2778
2750.000 3482
2751.000 2814
2752.000 3212
2753.000 2470
2754.000 2822
2755.000 2244
2756.000 2404
2757.000 2388
2758.000 2368
2759.000 2478
2760.000 1704
2761.000 2340
2762.000 2043
2763.000 1710
2764.000 1710
2765.000 2738
2766.000 2616
2767.000 2204
2768.000 2494
2769.000 2556
2770.000 2264
2771.000 2350
2772.000 2820
2773.000 2646
2774.000 2434
2775.000 2482
2776.000 1846
2777.000 2690
2778.000 1580
2779.000 2324
2780.000 2402
2781.000 2378
2782.000 2564
2783.000 2090
2784.000 1894
2785.000 994
2786.000 1230
2787.000 1664
2788.000 3010
2789.000 2396
2790.000 2602
2791.000 2508
2792.000 2588
2793.000 2690
2794.000 2494
2795.000 2328
2796.000 2396
2797.000 2980
2798.000 2792
2799.000 2480
2800.000 2766
2801.000 2160
2802.000 1330
2803.000 1708
2804.000 1892
2805.000 2436
2806.000 2852
2807.000 2312
2808.000 1450
2809.000 2540
2810.000 2108
2811.000 2950
2812.000 2216
2813.000 1898
2814.000 2632
2815.000 2944
2816.000 3072
2817.000 2944
2818.000 2486
2819.000 2654
2820.000 2492
2821.000 2994
2822.000 2036
2823.000 1298
2824.000 2256
2825.000 1436
2826.000 2852
2827.000 1748
2828.000 1700
2829.000 2788
2830.000 2242
2831.000 1886
2832.000 2244
2833.000 1580
2834.000 1566
2835.000 2122
2836.000 2768
2837.000 1900
2838.000 2258
2839.000 3036
2840.000 2972
2841.000 2298
2842.000 2464
2843.000 2388
2844.000 2846
2845.000 2496
2846.000 1366
2847.000 2518
2848.000 2614
2849.000 1976
2850.000 2706
2851.000 1802
2852.000 1872
2853.000 2400
2854.000 2388
2855.000 1780
2856.000 2996
2857.000 1930
2858.000 2014
2859.000 3026
2860.000 2594
2861.000 2532
2862.000 3070
2863.000 2266
2864.000 2310
2865.000 2448
2866.000 2288
2867.000 2642
2868.000 2494
2869.000 2296
2870.000 2152
2871.000 2274
2872.000 2988
2873.000 3148
2874.000 2136
2875.000 1898
2876.000 2190
2877.000 2326
2878.000 2706
2879.000 1748
2880.000 2304
2881.000 1664
2882.000 1512
2883.000 2052
2884.000 2234
2885.000 1786
2886.000 2380
2887.000 2442
2888.000 1932
2889.000 2142
2890.000 2152
2891.000 2256
2892.000 2060
2893.000 1452
2894.000 2288
2895.000 1542
2896.000 2152
2897.000 1496
2898.000 2486
2899.000 2398
2900.000 1704
2901.000 2418
2902.000 1634
2903.000 2336
2904.000 2222
2905.000 2112
2906.000 1922
2907.000 2310
2908.000 2020
2909.000 1914
2910.000 2320
2911.000 2304
2912.000 2166
2913.000 2904
2914.000 2252
2915.000 3434
2916.000 2692
2917.000 3058
2918.000 2166
2919.000 2334
2920.000 2184
2921.000 2266
2922.000 3286
2923.000 2446
2924.000 2210
2925.000 2212
2926.000 2540
2927.000 2410
2928.000 2642
2929.000 2796
2930.000 2036
2931.000 2518
2932.000 2262
2933.000 2176
2934.000 2152
2935.000 2076
2936.000 2470
2937.000 2668
2938.000 1596
2939.000 1894
2940.000 1818
2941.000 2114
2942.000 2128
2943.000 1922
2944.000 1656
2945.000 1428
2946.000 1458
2947.000 1458
2948.000 2464
2949.000 2492
2950.000 2396
2951.000 1770
2952.000 2912
2953.000 1770
2954.000 2578
2955.000 2158
2956.000 1716
2957.000 1976
2958.000 1420
2959.000 2800
2960.000 2190
2961.000 1336
2962.000 2022
2963.000 2502
2964.000 2182
2965.000 1708
2966.000 1330
2967.000 1868
2968.000 2310
2969.000 2242
2970.000 2860
2971.000 2226
2972.000 1930
2973.000 2326
2974.000 1862
2975.000 940
2976.000 938
2977.000 864
2978.000 977
2979.000 910
2980.000 902
2981.000 902
2982.000 902
2983.000 940
2984.000 977
2985.000 864
2986.000 902
2987.000 977
2988.000 940
2989.000 940
2990.000 940
2991.000 976
2992.000 902
2993.000 910
2994.000 940
2995.000 985
2996.000 940
2997.000 910
2998.000 2256
2999.000 1968
3000.000 948
3001.000 1252
3002.000 2198
3003.000 1344
3004.000 1320
3005.000 1466
3006.000 1268
3007.000 1268
3008.000 1398
3009.000 1062
3010.000 1108
3011.000 940
3012.000 940
3013.000 902
3014.000 977
3015.000 940
3016.000 1366
3017.000 1306
3018.000 1740
3019.000 1754
3020.000 2006
3021.000 1480
3022.000 1664
3023.000 2618
3024.000 2120
3025.000 2036
3026.000 2920
3027.000 2120
3028.000 2266
3029.000 1526
3030.000 1572
3031.000 1932
3032.000 1900
3033.000 3292
3034.000 2584
3035.000 2774
3036.000 1784
3037.000 2156
3038.000 2556
3039.000 2606
3040.000 2844
3041.000 2694
3042.000 1862
3043.000 2880
3044.000 2266
3045.000 2100
3046.000 2724
3047.000 1952
3048.000 2450
3049.000 2206
3050.000 1930
3051.000 2396
3052.000 2952
3053.000 2760
3054.000 3002
3055.000 1924
3056.000 2160
3057.000 2482
3058.000 2027
3059.000 3412
3060.000 2556
3061.000 2958
3062.000 2542
3063.000 2090
3064.000 1954
3065.000 2740
3066.000 3056
3067.000 1762
3068.000 2184
3069.000 1318
3070.000 2746
3071.000 1960
3072.000 1618
3073.000 1534
3074.000 2440
3075.000 2684
3076.000 1858
3077.000 1894
3078.000 3072
3079.000 2990
3080.000 1990
3081.000 2968
3082.000 1960
3083.000 3132
3084.000 3008
3085.000 2014
3086.000 1854
3087.000 2037
3088.000 2700
3089.000 2320
3090.000 2228
3091.000 1556
3092.000 994
3093.000 2478
3094.000 2874
3095.000 1900
3096.000 2332
3097.000 2518
3098.000 2334
3099.000 2676
3100.000 2738
3101.000 1930
3102.000 3278
3103.000 2526
3104.000 2182
3105.000 2130
3106.000 940
3107.000 1276
3108.000 1940
3109.000 1740
3110.000 2250
3111.000 2664
3112.000 2778
3113.000 2898
3114.000 2750
3115.000 2218
3116.000 2890
3117.000 2830
3118.000 2000
3119.000 2648
3120.000 2234
3121.000 2158
3122.000 3020
3123.000 3072
3124.000 2796
3125.000 1550
3126.000 1252
3127.000 2564
3128.000 1016
3129.000 1968
3130.000 2234
3131.000 2158
3132.000 2180
3133.000 2448
3134.000 2934
3135.000 2878
3136.000 2752
3137.000 2212
3138.000 1960
3139.000 2670
3140.000 2043
3141.000 2790
3142.000 2174
3143.000 1474
3144.000 1876
3145.000 2007
3146.000 2374
3147.000 1828
3148.000 2130
3149.000 2572
3150.000 2598
3151.000 2736
3152.000 2174
3153.000 2638
3154.000 3292
3155.000 2944
3156.000 2090
3157.000 2728
3158.000 2328
3159.000 2572
3160.000 1922
3161.000 3026
3162.000 2204
3163.000 2602
3164.000 1594
3165.000 2488
3166.000 2604
3167.000 1792
3168.000 2288
3169.000 2166
3170.000 1556
3171.000 2890
3172.000 2052
3173.000 2662
3174.000 2532
3175.000 2394
3176.000 1230
3177.000 1742
3178.000 2682
3179.000 2256
3180.000 3004
3181.000 3110
3182.000 2402
3183.000 2984
3184.000 3074
3185.000 2190
3186.000 1981
3187.000 2022
3188.000 2492
3189.000 1970
3190.000 2882
3191.000 1870
3192.000 2356
3193.000 2540
3194.000 1906
3195.000 2894
3196.000 2134
3197.000 1298
3198.000 1944
3199.000 2784
3200.000 1588
3201.000 2542
3202.000 2230
3203.000 2250
3204.000 1626
3205.000 2068
3206.000 1838
3207.000 1246
3208.000 1640
3209.000 1612
3210.000 1612
3211.000 1062
3212.000 1718
3213.000 2676
3214.000 1998
3215.000 2342
3216.000 1772
3217.000 2614
3218.000 1838
3219.000 1816
3220.000 2244
3221.000 2928
3222.000 2530
3223.000 1466
3224.000 1770
3225.000 1306
3226.000 2608
3227.000 2052
3228.000 2218
3229.000 2142
3230.000 2060
3231.000 2228
3232.000 1452
3233.000 1632
3234.000 2043
3235.000 3256
3236.000 1832
3237.000 1306
3238.000 2720
3239.000 1588
3240.000 2158
3241.000 2022
3242.000 2584
3243.000 2218
3244.000 1656
3245.000 1776
3246.000 2320
3247.000 2106
3248.000 1746
3249.000 2502
3250.000 1772
3251.000 2898
3252.000 2082
3253.000 2502
3254.000 2684
3255.000 1686
3256.000 2416
3257.000 2690
3258.000 1946
3259.000 1965
3260.000 2548
3261.000 2568
3262.000 2428
3263.000 2782
3264.000 2130
3265.000 2590
3266.000 2956
3267.000 2296
3268.000 2688
3269.000 3124
3270.000 2920
3271.000 2688
3272.000 2828
3273.000 2434
3274.000 2168
3275.000 2840
3276.000 3086
3277.000 2692
3278.000 2338
3279.000 2082
3280.000 2012
3281.000 2744
3282.000 2662
3283.000 2320
3284.000 2454
3285.000 2174
3286.000 2410
3287.000 1716
3288.000 2774
3289.000 2152
3290.000 2318
3291.000 2240
3292.000 2174
3293.000 1700
3294.000 2136
3295.000 1520
3296.000 2090
3297.000 1436
3298.000 2068
3299.000 3146
3300.000 2792
3301.000 2314
3302.000 1870
3303.000 2748
3304.000 2074
3305.000 2774
3306.000 3202
3307.000 2556
3308.000 1306
3309.000 1192
3310.000 2346
3311.000 2120
3312.000 2342
3313.000 1526
3314.000 1984
3315.000 1892
3316.000 1922
3317.000 902
3318.000 864
3319.000 926
3320.000 977
3321.000 1344
3322.000 1098
3323.000 2258
3324.000 1450
3325.000 1024
3326.000 1246
3327.000 1130
3328.000 1814
3329.000 1138
3330.000 2662
3331.000 2014
3332.000 3324
3333.000 2594
3334.000 2578
3335.000 1674
3336.000 2348
3337.000 1902
3338.000 2228
3339.000 2007
3340.000 2496
3341.000 2746
3342.000 1778
3343.000 1732
3344.000 2424
3345.000 1944
3346.000 2928
3347.000 2380
3348.000 2234
3349.000 2714
3350.000 2828
3351.000 2340
3352.000 1176
3353.000 1626
3354.000 1634
3355.000 2562
3356.000 2136
3357.000 2318
3358.000 1656
3359.000 1560
3360.000 2728
3361.000 2540
3362.000 2700
3363.000 2174
3364.000 2790
3365.000 2006
3366.000 2878
3367.000 1496
3368.000 1398
3369.000 2508
3370.000 2542
3371.000 1696
3372.000 2800
3373.000 2438
3374.000 3246
3375.000 1946
3376.000 1542
3377.000 2942
3378.000 2986
3379.000 2220
3380.000 1792
3381.000 2662
3382.000 2740
3383.000 2588
3384.000 2342
3385.000 2236
3386.000 2334
3387.000 1772
3388.000 2530
3389.000 1726
3390.000 2266
3391.000 2174
3392.000 1770
3393.000 2694
3394.000 1726
3395.000 2218
3396.000 2562
3397.000 2364
3398.000 2060
3399.000 2182
3400.000 2186
3401.000 2710
3402.000 1740
3403.000 2436
3404.000 2472
3405.000 2364
3406.000 2022
3407.000 2578
3408.000 1542
3409.000 2460
3410.000 2782
3411.000 2416
3412.000 2210
3413.000 1536
3414.000 2516
3415.000 1412
3416.000 2076
3417.000 2302
3418.000 1640
3419.000 1991
3420.000 2526
3421.000 2152
3422.000 2382
3423.000 1290
3424.000 1830
3425.000 1862
3426.000 1732
3427.000 1762
3428.000 1374
3429.000 1292
3430.000 2738
3431.000 2007
3432.000 2678
3433.000 1488
3434.000 2700
3435.000 2776
3436.000 2494
3437.000 2184
3438.000 1808
3439.000 2380
3440.000 2324
3441.000 2022
3442.000 2488
3443.000 1542
3444.000 1718
3445.000 2548
3446.000 1648
3447.000 1830
3448.000 3250
3449.000 1794
3450.000 2660
3451.000 1688
3452.000 2480
3453.000 1602
3454.000 2206
3455.000 1062
3456.000 1138
3457.000 1230
3458.000 2688
3459.000 2108
3460.000 2036
3461.000 2144
3462.000 2190
3463.000 2272
3464.000 2518
3465.000 1588
3466.000 1284
3467.000 1870
3468.000 1910
3469.000 1830
3470.000 2184
3471.000 2180
3472.000 2022
3473.000 2288
3474.000 2174
3475.000 2060
3476.000 1678
3477.000 2182
3478.000 1740
3479.000 1566
3480.000 1094
3481.000 1796
3482.000 2332
3483.000 2744
3484.000 2462
3485.000 1970
3486.000 2456
3487.000 1932
3488.000 2792
3489.000 1984
3490.000 2160
3491.000 2220
3492.000 1808
3493.000 1328
3494.000 1154
3495.000 2686
3496.000 2722
3497.000 2230
3498.000 2644
3499.000 1800
3500.000 1528
3501.000 1840
3502.000 2692
3503.000 1892
3504.000 2470
3505.000 2328
3506.000 1184
3507.000 2182
3508.000 1906
3509.000 2904
3510.000 2662
3511.000 3284
3512.000 2318
3513.000 2966
3514.000 3162
3515.000 2698
3516.000 2014
3517.000 2378
3518.000 1740
3519.000 2066
3520.000 2516
3521.000 2560
3522.000 2616
3523.000 2198
3524.000 1686
3525.000 1206
3526.000 2166
3527.000 1900
3528.000 1146
3529.000 940
3530.000 902
3531.000 2060
3532.000 2578
3533.000 2744
3534.000 1991
3535.000 2972
3536.000 2350
3537.000 2798
3538.000 3056
3539.000 2342
3540.000 2282
3541.000 1306
3542.000 1648
3543.000 1398
3544.000 2016
3545.000 1642
3546.000 1750
3547.000 1770
3548.000 2244
3549.000 2082
3550.000 2142
3551.000 2242
3552.000 2284
3553.000 2196
3554.000 2370
3555.000 1230
3556.000 2190
3557.000 2500
3558.000 2800
3559.000 2326
3560.000 2684
3561.000 2226
3562.000 2070
3563.000 2698
3564.000 2198
3565.000 3044
3566.000 1846
3567.000 2258
3568.000 1528
3569.000 1244
3570.000 1336
3571.000 1476
3572.000 1878
3573.000 1984
3574.000 2122
3575.000 2158
3576.000 2166
3577.000 2092
3578.000 2104
3579.000 3210
3580.000 2046
3581.000 1536
3582.000 2818
3583.000 2386
3584.000 1960
3585.000 2968
3586.000 2486
3587.000 1954
3588.000 2814
3589.000 2554
3590.000 977
3591.000 902
3592.000 2288
3593.000 1938
3594.000 1016
3595.000 1450
3596.000 1504
3597.000 1444
3598.000 1892
3599.000 1214
3600.000 2592
3601.000 2014
3602.000 1534
3603.000 1950
3604.000 1330
3605.000 1624
3606.000 1876
3607.000 2212
3608.000 2744
3609.000 2594
3610.000 2708
3611.000 2052
3612.000 2964
3613.000 2942
3614.000 2478
3615.000 2744
3616.000 2432
3617.000 3180
3618.000 2210
3619.000 2402
3620.000 1678
3621.000 1640
3622.000 1252
3623.000 1056
3624.000 1900
3625.000 2738
3626.000 1808
3627.000 1336
3628.000 1306
3629.000 1968
3630.000 1888
3631.000 1726
3632.000 2318
3633.000 1458
3634.000 1480
3635.000 1878
3636.000 2478
3637.000 2662
3638.000 2886
3639.000 2098
3640.000 1024
3641.000 2182
3642.000 2410
3643.000 1672
3644.000 1518
3645.000 2704
3646.000 1482
3647.000 1880
3648.000 2566
3649.000 2014
3650.000 2242
3651.000 1618
3652.000 2292
3653.000 2050
3654.000 1260
3655.000 2154
3656.000 2600
3657.000 1610
3658.000 1292
3659.000 1832
3660.000 2196
3661.000 2120
3662.000 1908
3663.000 2348
3664.000 1504
3665.000 2532
3666.000 2120
3667.000 1664
3668.000 1702
3669.000 2027
3670.000 1952
3671.000 2152
3672.000 2530
3673.000 1852
3674.000 985
3675.000 1924
3676.000 2196
3677.000 2006
3678.000 2248
3679.000 1846
3680.000 1830
3681.000 2426
3682.000 3216
3683.000 2508
3684.000 2938
3685.000 2326
3686.000 1794
3687.000 2554
3688.000 1816
3689.000 2784
3690.000 2524
3691.000 2706
3692.000 1960
3693.000 3072
3694.000 2644
3695.000 1946
3696.000 2176
3697.000 2440
3698.000 1946
3699.000 2037
3700.000 2386
3701.000 2456
3702.000 2114
3703.000 1702
3704.000 2074
3705.000 1991
3706.000 1916
3707.000 1770
3708.000 1284
3709.000 1062
3710.000 1488
3711.000 2534
3712.000 1876
3713.000 1472
3714.000 2356
3715.000 1694
3716.000 2746
3717.000 2782
3718.000 2302
3719.000 2100
3720.000 1880
3721.000 1670
3722.000 2686
3723.000 2014
3724.000 2266
3725.000 1626
3726.000 1854
3727.000 2822
3728.000 2906
3729.000 2520
3730.000 1828
3731.000 1876
3732.000 2662
3733.000 2114
3734.000 2508
3735.000 1978
3736.000 3044
3737.000 1718
3738.000 1800
3739.000 2326
3740.000 1176
3741.000 2402
3742.000 2562
3743.000 1404
3744.000 2404
3745.000 1100
3746.000 2066
3747.000 2116
3748.000 2402
3749.000 2172
3750.000 2816
3751.000 2144
3752.000 2716
3753.000 2326
3754.000 1678
3755.000 3072
3756.000 1108
3757.000 1908
3758.000 2432
3759.000 2846
3760.000 2022
3761.000 2088
3762.000 1832
3763.000 2550
3764.000 2322
3765.000 2546
3766.000 1884
3767.000 1962
3768.000 1612
3769.000 1582
3770.000 1968
3771.000 2488
3772.000 2166
3773.000 1688
3774.000 2114
3775.000 2334
3776.000 2608
3777.000 2394
3778.000 1488
3779.000 956
3780.000 2134
3781.000 2204
3782.000 2532
3783.000 2668
3784.000 1002
3785.000 1948
3786.000 1670
3787.000 1550
3788.000 1740
3789.000 2172
3790.000 2594
3791.000 1536
3792.000 1634
3793.000 2030
3794.000 1824
3795.000 1884
3796.000 1930
3797.000 1374
3798.000 1862
3799.000 1336
3800.000 1458
3801.000 1062
3802.000 940
3803.000 1450
3804.000 1358
3805.000 1008
3806.000 940
3807.000 977
3808.000 902
3809.000 1008
3810.000 1046
3811.000 977
3812.000 864
3813.000 1070
3814.000 2024
3815.000 1040
3816.000 940
3817.000 902
3818.000 940
3819.000 910
3820.000 902
3821.000 994
3822.000 940
3823.000 940
3824.000 910
3825.000 985
3826.000 902
3827.000 902
3828.000 940
3829.000 864
3830.000 940
3831.000 918
3832.000 948
3833.000 918
3834.000 2328
3835.000 2027
3836.000 902
3837.000 1436
3838.000 1336
3839.000 902
3840.000 902
3841.000 948
3842.000 926
3843.000 910
3844.000 948
3845.000 902
3846.000 902
3847.000 977
3848.000 864
3849.000 977
3850.000 948
3851.000 902
3852.000 902
3853.000 977
3854.000 864
3855.000 910
3856.000 948
3857.000 902
3858.000 940
3859.000 940
3860.000 940
3861.000 900
3862.000 910
3863.000 940
3864.000 940
3865.000 940
3866.000 864
3867.000 940
3868.000 948
3869.000 902
3870.000 902
3871.000 902
3872.000 902
3873.000 902
3874.000 940
3875.000 902
3876.000 910
3877.000 940
3878.000 940
3879.000 940
3880.000 977
3881.000 902
3882.000 864
3883.000 977
3884.000 948
3885.000 894
3886.000 1086
3887.000 864
3888.000 940
3889.000 934
3890.000 902
3891.000 872
3892.000 977
3893.000 904
3894.000 864
3895.000 910
3896.000 902
3897.000 902
3898.000 910
3899.000 902
3900.000 956
3901.000 977
3902.000 902
3903.000 864
3904.000 910
3905.000 902
3906.000 902
3907.000 902
3908.000 902
3909.000 948
3910.000 940
3911.000 902
3912.000 902
3913.000 940
3914.000 977
3915.000 902
3916.000 910
3917.000 902
3918.000 864
3919.000 940
3920.000 940
3921.000 940
3922.000 1046
3923.000 902
3924.000 902
3925.000 1024
3926.000 1802
3927.000 2252
3928.000 2212
3929.000 2502
3930.000 1016
3931.000 2242
3932.000 2198
3933.000 2402
3934.000 2464
3935.000 2082
3936.000 2334
3937.000 2322
3938.000 2006
3939.000 2060
3940.000 2258
3941.000 1672
3942.000 1092
3943.000 902
3944.000 948
3945.000 902
3946.000 902
3947.000 902
3948.000 940
3949.000 977
3950.000 902
3951.000 938
3952.000 948
3953.000 940
3954.000 940
3955.000 977
3956.000 902
3957.000 940
3958.000 940
3959.000 902
3960.000 910
3961.000 940
3962.000 940
3963.000 940
3964.000 902
3965.000 834
3966.000 940
3967.000 940
3968.000 940
3969.000 972
3970.000 902
3971.000 902
3972.000 910
3973.000 902
3974.000 985
3975.000 902
3976.000 940
3977.000 902
3978.000 940
3979.000 902
3980.000 977
3981.000 902
3982.000 880
3983.000 940
3984.000 902
3985.000 902
3986.000 977
3987.000 864
3988.000 976
3989.000 940
3990.000 977
3991.000 864
3992.000 940
3993.000 940
3994.000 940
3995.000 1016
3996.000 864
3997.000 902
3998.000 1016
3999.000 864
4000.000 938
4001.000 940
4002.000 910
4003.000 948
4004.000 1062
4005.000 902
4006.000 876
4007.000 940
4008.000 902
4009.000 902
4010.000 1054
4011.000 902
4012.000 902
4013.000 948
4014.000 940
4015.000 940
4016.000 940
4017.000 940
4018.000 902
4019.000 984
4020.000 902
4021.000 902
4022.000 977
4023.000 864
4024.000 1044
4025.000 940
4026.000 902
4027.000 940
4028.000 910
4029.000 940
4030.000 940
4031.000 940
4032.000 1016
4033.000 940
4034.000 940
4035.000 902
4036.000 902
4037.000 910
4038.000 1010
4039.000 864
4040.000 910
4041.000 902
4042.000 902
4043.000 1016
4044.000 902
4045.000 872
4046.000 940
4047.000 902
4048.000 902
4049.000 902
4050.000 940
4051.000 902
4052.000 872
4053.000 902
4054.000 902
4055.000 940
4056.000 864
4057.000 902
4058.000 940
4059.000 910
4060.000 902
4061.000 1084
4062.000 940
4063.000 864
4064.000 985
4065.000 940
4066.000 902
4067.000 1016
4068.000 902
4069.000 902
4070.000 1016
4071.000 940
4072.000 902
4073.000 910
4074.000 902
4075.000 902
4076.000 872
4077.000 902
4078.000 902
4079.000 902
4080.000 948
4081.000 902
4082.000 977
4083.000 902
4084.000 902
4085.000 940
4086.000 1046
4087.000 940
4088.000 902
4089.000 902
4090.000 940
4091.000 902
4092.000 902
4093.000 938
4094.000 940
4095.000 864
4096.000 902
4097.000 940
4098.000 902
4099.000 902
4100.000 796
4101.000 976
4102.000 1008
4103.000 796
4104.000 1016
4105.000 864
4106.000 902
4107.000 940
4108.000 864
4109.000 902
4110.000 977
4111.000 938
4112.000 864
4113.000 977
4114.000 902
4115.000 940
4116.000 940
4117.000 940
4118.000 977
4119.000 948
4120.000 977
4121.000 864
4122.000 977
4123.000 1046
4124.000 948
4125.000 910
4126.000 864
4127.000 940
4128.000 977
4129.000 902
4130.000 902
4131.000 985
4132.000 902
4133.000 864
4134.000 1024
4135.000 940
4136.000 940
4137.000 940
4138.000 902
4139.000 902
4140.000 940
4141.000 902
4142.000 970
4143.000 1016
4144.000 902
4145.000 902
4146.000 948
4147.000 940
4148.000 902
4149.000 940
4150.000 902
4151.000 902
4152.000 985
4153.000 1008
4154.000 902
4155.000 1046
4156.000 902
4157.000 902
4158.000 940
4159.000 940
4160.000 940
4161.000 940
4162.000 864
4163.000 902
4164.000 940
4165.000 902
4166.000 864
4167.000 977
4168.000 902
4169.000 902
4170.000 1016
4171.000 902
4172.000 902
4173.000 940
4174.000 942
4175.000 940
4176.000 977
4177.000 908
4178.000 902
4179.000 977
4180.000 902
4181.000 864
4182.000 948
4183.000 910
4184.000 872
4185.000 940
4186.000 940
4187.000 940
4188.000 910
4189.000 902
4190.000 940
4191.000 1016
4192.000 902
4193.000 938
4194.000 1016
4195.000 902
4196.000 864
4197.000 977
4198.000 976
4199.000 940
4200.000 940
4201.000 940
4202.000 902
4203.000 977
4204.000 902
4205.000 872
4206.000 977
4207.000 902
4208.000 864
4209.000 1016
4210.000 1046
4211.000 940
4212.000 940
4213.000 940
4214.000 902
4215.000 1016
4216.000 940
4217.000 940
4218.000 902
4219.000 940
4220.000 902
4221.000 976
4222.000 940
4223.000 902
4224.000 940
4225.000 902
4226.000 902
4227.000 948
4228.000 940
4229.000 864
4230.000 977
4231.000 902
4232.000 940
4233.000 977
4234.000 864
4235.000 902
4236.000 948
4237.000 864
4238.000 902
4239.000 977
4240.000 902
4241.000 902
4242.000 940
4243.000 977
4244.000 910
4245.000 902
4246.000 940
4247.000 940
4248.000 864
4249.000 1054
4250.000 834
4251.000 1008
4252.000 940
4253.000 940
4254.000 940
4255.000 902
4256.000 938
4257.000 902
4258.000 902
4259.000 940
4260.000 910
4261.000 902
4262.000 948
4263.000 902
4264.000 864
4265.000 977
4266.000 910
4267.000 940
4268.000 902
4269.000 940
4270.000 940
4271.000 977
4272.000 902
4273.000 902
4274.000 948
4275.000 910
4276.000 970
4277.000 1054
4278.000 902
4279.000 864
4280.000 910
4281.000 902
4282.000 977
4283.000 940
4284.000 864
4285.000 902
4286.000 948
4287.000 902
4288.000 902
4289.000 940
4290.000 902
4291.000 940
4292.000 977
4293.000 940
4294.000 940
4295.000 940
4296.000 880
4297.000 1016
4298.000 902
4299.000 940
4300.000 946
4301.000 902
4302.000 940
4303.000 940
4304.000 1054
4305.000 902
4306.000 940
4307.000 910
4308.000 902
4309.000 902
4310.000 940
4311.000 902
4312.000 902
4313.000 940
4314.000 902
4315.000 864
4316.000 977
4317.000 1008
4318.000 864
4319.000 977
4320.000 940
4321.000 940
4322.000 910
4323.000 864
4324.000 940
4325.000 1010
4326.000 946
4327.000 902
4328.000 948
4329.000 902
4330.000 866
4331.000 940
4332.000 910
4333.000 902
4334.000 902
4335.000 910
4336.000 902
4337.000 940
4338.000 864
4339.000 902
4340.000 1016
4341.000 940
4342.000 864
4343.000 948
4344.000 902
4345.000 902
4346.000 902
4347.000 940
4348.000 902
4349.000 948
4350.000 940
4351.000 902
4352.000 940
4353.000 940
4354.000 864
4355.000 940
4356.000 1046
4357.000 902
4358.000 902
4359.000 902
4360.000 918
4361.000 910
4362.000 902
4363.000 902
4364.000 985
4365.000 902
4366.000 940
4367.000 977
4368.000 948
4369.000 977
4370.000 1008
4371.000 910
4372.000 902
4373.000 940
4374.000 902
4375.000 940
4376.000 977
4377.000 902
4378.000 902
4379.000 977
4380.000 940
4381.000 902
4382.000 872
4383.000 940
4384.000 902
4385.000 902
4386.000 902
4387.000 902
4388.000 940
4389.000 940
4390.000 902
4391.000 977
4392.000 940
4393.000 940
4394.000 977
4395.000 977
4396.000 902
4397.000 902
4398.000 940
4399.000 902
4400.000 977
4401.000 910
4402.000 900
4403.000 940
4404.000 977
4405.000 948
4406.000 796
4407.000 940
4408.000 940
4409.000 910
4410.000 902
4411.000 1084
4412.000 902
4413.000 940
4414.000 902
4415.000 940
4416.000 940
4417.000 902
4418.000 940
4419.000 902
4420.000 902
4421.000 934
4422.000 998
4423.000 902
4424.000 948
4425.000 1016
4426.000 864
4427.000 977
4428.000 977
4429.000 864
4430.000 940
4431.000 940
4432.000 902
4433.000 940
4434.000 902
4435.000 940
4436.000 940
4437.000 977
4438.000 910
4439.000 1046
4440.000 902
4441.000 902
4442.000 902
4443.000 977
4444.000 902
4445.000 940
4446.000 940
4447.000 940
4448.000 940
4449.000 902
4450.000 902
4451.000 977
4452.000 940
4453.000 864
4454.000 902
4455.000 1016
4456.000 940
4457.000 864
4458.000 940
4459.000 940
4460.000 902
4461.000 940
4462.000 940
4463.000 1336
4464.000 1268
4465.000 902
4466.000 1013
4467.000 940
4468.000 228
