# Slice: URLLC | 112.217.128.202:19322 -> 10.215.173.1:49006 (UDP)
# offset_sec  packet_size_bytes
0.000 6319
1.000 948
2.000 864
3.000 948
4.000 940
5.000 902
6.000 948
7.000 864
8.000 2698
9.000 2098
10.000 2889
11.000 3197
12.000 2730
13.000 1960
14.000 3709
15.000 2115
16.000 2624
17.000 2570
18.000 2454
19.000 2872
20.000 1686
21.000 872
22.000 902
23.000 902
24.000 902
25.000 948
26.000 910
27.000 1320
28.000 2430
29.000 1496
30.000 940
31.000 864
32.000 977
33.000 1863
34.000 3878
35.000 3478
36.000 2484
37.000 1422
38.000 902
39.000 1696
40.000 1130
41.000 1334
42.000 2326
43.000 1908
44.000 1832
45.000 1640
46.000 977
47.000 902
48.000 940
49.000 1108
50.000 985
51.000 902
52.000 977
53.000 902
54.000 1610
55.000 1170
56.000 910
57.000 1480
58.000 1214
59.000 976
60.000 864
61.000 977
62.000 864
63.000 948
64.000 977
65.000 1914
66.000 2120
67.000 2022
68.000 902
69.000 2152
70.000 1504
71.000 902
72.000 977
73.000 2718
74.000 2540
75.000 2358
76.000 2312
77.000 2204
78.000 2418
79.000 2670
80.000 2760
81.000 1646
82.000 1492
83.000 2604
84.000 2036
85.000 1130
86.000 1976
87.000 2568
88.000 1344
89.000 2274
90.000 3146
91.000 1856
92.000 1374
93.000 902
94.000 1610
95.000 2492
96.000 1100
97.000 940
98.000 864
99.000 977
100.000 940
101.000 902
102.000 940
103.000 910
104.000 1048
105.000 918
106.000 902
107.000 940
108.000 940
109.000 864
110.000 940
111.000 940
112.000 902
113.000 940
114.000 902
115.000 940
116.000 1766
117.000 2570
118.000 2538
119.000 2272
120.000 1908
121.000 2774
122.000 2098
123.000 2724
124.000 2264
125.000 2698
126.000 2730
127.000 2690
128.000 2142
129.000 1816
130.000 2036
131.000 1656
132.000 910
133.000 1146
134.000 1922
135.000 1776
136.000 1572
137.000 2296
138.000 2020
139.000 1792
140.000 2388
141.000 1780
142.000 940
143.000 864
144.000 2158
145.000 2992
146.000 1748
147.000 2356
148.000 2274
149.000 2602
150.000 2768
151.000 2526
152.000 2858
153.000 1930
154.000 2076
155.000 2264
156.000 1854
157.000 2012
158.000 2812
159.000 1092
160.000 1146
161.000 1428
162.000 1686
163.000 1244
164.000 1746
165.000 1374
166.000 1336
167.000 1344
168.000 1306
169.000 2250
170.000 2388
171.000 2206
172.000 2022
173.000 2234
174.000 1734
175.000 2408
176.000 1800
177.000 2328
178.000 1032
179.000 2714
180.000 1442
181.000 2288
182.000 1776
183.000 1824
184.000 985
185.000 940
186.000 1366
187.000 1946
188.000 1296
189.000 1344
190.000 912
191.000 1070
192.000 1650
193.000 1756
194.000 2150
195.000 2166
196.000 2882
197.000 1466
198.000 985
199.000 1396
200.000 1062
201.000 1070
202.000 2654
203.000 1062
204.000 1610
205.000 1780
206.000 1968
207.000 2210
208.000 1306
209.000 1832
210.000 2043
211.000 1794
212.000 1694
213.000 2494
214.000 2668
215.000 2190
216.000 2134
217.000 2576
218.000 1320
219.000 977
220.000 2182
221.000 1230
222.000 1070
223.000 2356
224.000 1238
225.000 2342
226.000 1496
227.000 902
228.000 1192
229.000 2112
230.000 1382
231.000 1900
232.000 940
233.000 1640
234.000 1572
235.000 2098
236.000 1244
237.000 1290
238.000 2636
239.000 1206
240.000 1930
241.000 2728
242.000 1550
243.000 3016
244.000 2670
245.000 1938
246.000 2660
247.000 2400
248.000 2600
249.000 2782
250.000 2676
251.000 1762
252.000 2430
253.000 1846
254.000 2730
255.000 2394
256.000 1916
257.000 2538
258.000 1986
259.000 2150
260.000 3278
261.000 2388
262.000 2074
263.000 1390
264.000 1306
265.000 1404
266.000 2066
267.000 1686
268.000 1602
269.000 1564
270.000 1898
271.000 2538
272.000 1670
273.000 1898
274.000 1846
275.000 1474
276.000 1954
277.000 1860
278.000 1518
279.000 2210
280.000 1146
281.000 1176
282.000 1450
283.000 1390
284.000 2364
285.000 1556
286.000 1366
287.000 2192
288.000 2434
289.000 1846
290.000 2332
291.000 2478
292.000 2752
293.000 2334
294.000 2218
295.000 2516
296.000 2252
297.000 1968
298.000 2144
299.000 1738
300.000 1268
301.000 1404
302.000 1442
303.000 1200
304.000 2452
305.000 2220
306.000 2722
307.000 2660
308.000 2380
309.000 2616
310.000 3398
311.000 3156
312.000 2388
313.000 1826
314.000 2464
315.000 2568
316.000 2938
317.000 3216
318.000 2530
319.000 1436
320.000 1976
321.000 2128
322.000 2760
323.000 2736
324.000 2068
325.000 2770
326.000 2394
327.000 2258
328.000 3180
329.000 3224
330.000 2410
331.000 2310
332.000 2394
333.000 3130
334.000 2372
335.000 2882
336.000 2716
337.000 2488
338.000 2668
339.000 2972
340.000 2406
341.000 2486
342.000 2236
343.000 2046
344.000 2282
345.000 1914
346.000 1976
347.000 1280
348.000 1100
349.000 1922
350.000 2760
351.000 1914
352.000 1024
353.000 2382
354.000 3178
355.000 2196
356.000 2144
357.000 2230
358.000 1991
359.000 2188
360.000 2027
361.000 1626
362.000 2348
363.000 2842
364.000 2882
365.000 2372
366.000 2280
367.000 2622
368.000 2470
369.000 2274
370.000 2820
371.000 2348
372.000 2130
373.000 3034
374.000 3314
375.000 2966
376.000 2532
377.000 2456
378.000 2450
379.000 2514
380.000 2860
381.000 2854
382.000 3306
383.000 2896
384.000 2374
385.000 1976
386.000 1952
387.000 2690
388.000 2542
389.000 2632
390.000 2920
391.000 2920
392.000 2766
393.000 3022
394.000 3064
395.000 2904
396.000 2364
397.000 1934
398.000 1382
399.000 1490
400.000 1770
401.000 2182
402.000 2280
403.000 1092
404.000 1892
405.000 1542
406.000 2260
407.000 2822
408.000 1468
409.000 1906
410.000 1496
411.000 1176
412.000 1442
413.000 1918
414.000 1678
415.000 1952
416.000 1626
417.000 1260
418.000 1542
419.000 1450
420.000 1344
421.000 2190
422.000 1572
423.000 1244
424.000 1528
425.000 1428
426.000 1452
427.000 1276
428.000 1412
429.000 2190
430.000 2174
431.000 2000
432.000 2524
433.000 1778
434.000 2120
435.000 2030
436.000 1328
437.000 1664
438.000 1762
439.000 1054
440.000 1854
441.000 1374
442.000 977
443.000 1276
444.000 1412
445.000 1344
446.000 1748
447.000 1526
448.000 1876
449.000 1098
450.000 2174
451.000 2440
452.000 2182
453.000 1668
454.000 1732
455.000 1092
456.000 1062
457.000 1176
458.000 1238
459.000 1024
460.000 902
461.000 902
462.000 1656
463.000 1786
464.000 1496
465.000 1108
466.000 1366
467.000 1100
468.000 1480
469.000 1762
470.000 1206
471.000 1990
472.000 1564
473.000 1374
474.000 1168
475.000 1016
476.000 2402
477.000 2066
478.000 2632
479.000 2478
480.000 2614
481.000 2037
482.000 1284
483.000 1734
484.000 1694
485.000 1336
486.000 977
487.000 1070
488.000 1412
489.000 902
490.000 1244
491.000 902
492.000 1016
493.000 1108
494.000 1024
495.000 902
496.000 902
497.000 988
498.000 902
499.000 940
500.000 1302
501.000 2166
502.000 1620
503.000 1824
504.000 2356
505.000 2000
506.000 2136
507.000 2048
508.000 1048
509.000 1260
510.000 1366
511.000 956
512.000 902
513.000 1356
514.000 1092
515.000 1252
516.000 1092
517.000 1298
518.000 1634
519.000 1040
520.000 1512
521.000 1252
522.000 1434
523.000 1534
524.000 2104
525.000 1898
526.000 940
527.000 902
528.000 1130
529.000 1054
530.000 977
531.000 1602
532.000 1696
533.000 1392
534.000 1514
535.000 1484
536.000 1452
537.000 1558
538.000 1536
539.000 1360
540.000 1170
541.000 1544
542.000 1550
543.000 1991
544.000 1482
545.000 1520
546.000 1664
547.000 1588
548.000 1466
549.000 1694
550.000 1710
551.000 1376
552.000 1360
553.000 1900
554.000 1628
555.000 1498
556.000 1512
557.000 1070
558.000 1254
559.000 1666
560.000 1474
561.000 1756
562.000 1848
563.000 1360
564.000 1428
565.000 1536
566.000 1460
567.000 1376
568.000 1558
569.000 1490
570.000 2022
571.000 1538
572.000 1300
573.000 1392
574.000 1520
575.000 1324
576.000 1482
577.000 1376
578.000 1406
579.000 1558
580.000 1520
581.000 1232
582.000 1634
583.000 1444
584.000 1444
585.000 1512
586.000 1512
587.000 1482
588.000 1414
589.000 1680
590.000 1406
591.000 1596
592.000 1466
593.000 1450
594.000 1412
595.000 1558
596.000 1642
597.000 1452
598.000 1816
599.000 1566
600.000 1162
601.000 1634
602.000 1718
603.000 2284
604.000 3054
605.000 3190
606.000 2840
607.000 2662
608.000 2366
609.000 2970
610.000 3042
611.000 2884
612.000 2508
613.000 1981
614.000 2172
615.000 1808
616.000 2402
617.000 1244
618.000 1328
619.000 1374
620.000 1976
621.000 2610
622.000 1300
623.000 2027
624.000 1542
625.000 1954
626.000 2894
627.000 3138
628.000 2188
629.000 2754
630.000 3438
631.000 2752
632.000 2914
633.000 2252
634.000 2326
635.000 2940
636.000 2716
637.000 2418
638.000 1940
639.000 2830
640.000 2950
641.000 1534
642.000 2740
643.000 2654
644.000 2478
645.000 2418
646.000 2882
647.000 2288
648.000 2020
649.000 985
650.000 1542
651.000 977
652.000 1856
653.000 977
654.000 2164
655.000 2012
656.000 1550
657.000 1206
658.000 902
659.000 910
660.000 940
661.000 1200
662.000 940
663.000 902
664.000 948
665.000 872
666.000 910
667.000 976
668.000 910
669.000 940
670.000 902
671.000 918
672.000 948
673.000 864
674.000 977
675.000 940
676.000 948
677.000 940
678.000 940
679.000 902
680.000 977
681.000 864
682.000 977
683.000 910
684.000 902
685.000 1046
686.000 940
687.000 902
688.000 940
689.000 977
690.000 977
691.000 940
692.000 940
693.000 910
694.000 902
695.000 902
696.000 902
697.000 926
698.000 940
699.000 834
700.000 864
701.000 902
702.000 977
703.000 902
704.000 902
705.000 940
706.000 910
707.000 902
708.000 940
709.000 940
710.000 902
711.000 1016
712.000 940
713.000 864
714.000 1016
715.000 902
716.000 902
717.000 940
718.000 940
719.000 940
720.000 948
721.000 940
722.000 874
723.000 902
724.000 918
725.000 977
726.000 940
727.000 902
728.000 1016
729.000 1016
730.000 902
731.000 864
732.000 977
733.000 1008
734.000 864
735.000 1092
736.000 970
737.000 940
738.000 977
739.000 902
740.000 864
741.000 977
742.000 864
743.000 902
744.000 940
745.000 940
746.000 1072
747.000 908
748.000 964
749.000 972
750.000 902
751.000 940
752.000 902
753.000 977
754.000 866
755.000 977
756.000 1013
757.000 828
758.000 940
759.000 940
760.000 902
761.000 872
762.000 940
763.000 977
764.000 902
765.000 902
766.000 902
767.000 910
768.000 977
769.000 872
770.000 902
771.000 948
772.000 940
773.000 910
774.000 940
775.000 902
776.000 902
777.000 940
778.000 900
779.000 902
780.000 940
781.000 902
782.000 864
783.000 948
784.000 946
785.000 940
786.000 940
787.000 938
788.000 940
789.000 910
790.000 977
791.000 977
792.000 977
793.000 902
794.000 940
795.000 948
796.000 864
797.000 902
798.000 940
799.000 918
800.000 864
801.000 948
802.000 940
803.000 902
804.000 902
805.000 977
806.000 948
807.000 948
808.000 888
809.000 902
810.000 940
811.000 902
812.000 940
813.000 976
814.000 910
815.000 940
816.000 902
817.000 834
818.000 940
819.000 976
820.000 940
821.000 902
822.000 902
823.000 985
824.000 902
825.000 902
826.000 940
827.000 910
828.000 902
829.000 910
830.000 902
831.000 902
832.000 1084
833.000 940
834.000 902
835.000 910
836.000 902
837.000 902
838.000 902
839.000 980
840.000 902
841.000 977
842.000 872
843.000 1268
844.000 2838
845.000 1970
846.000 2472
847.000 2320
848.000 2628
849.000 1810
850.000 1648
851.000 1434
852.000 1062
853.000 1496
854.000 1998
855.000 2754
856.000 2550
857.000 3036
858.000 2980
859.000 3388
860.000 2632
861.000 2870
862.000 2944
863.000 3506
864.000 2936
865.000 2456
866.000 2518
867.000 1846
868.000 940
869.000 976
870.000 940
871.000 940
872.000 864
873.000 902
874.000 910
875.000 902
876.000 940
877.000 902
878.000 940
879.000 896
880.000 940
881.000 864
882.000 902
883.000 985
884.000 902
885.000 940
886.000 902
887.000 977
888.000 977
889.000 804
890.000 940
891.000 902
892.000 977
893.000 910
894.000 940
895.000 1092
896.000 2606
897.000 1702
898.000 2592
899.000 2836
900.000 2202
901.000 2242
902.000 2098
903.000 1434
904.000 2052
905.000 940
906.000 902
907.000 940
908.000 948
909.000 902
910.000 910
911.000 948
912.000 1222
913.000 2554
914.000 985
915.000 1900
916.000 2158
917.000 1824
918.000 2114
919.000 2378
920.000 1512
921.000 1328
922.000 902
923.000 940
924.000 940
925.000 908
926.000 977
927.000 910
928.000 902
929.000 902
930.000 902
931.000 902
932.000 910
933.000 1016
934.000 864
935.000 984
936.000 910
937.000 940
938.000 902
939.000 904
940.000 918
941.000 872
942.000 940
943.000 940
944.000 940
945.000 902
946.000 902
947.000 902
948.000 940
949.000 902
950.000 910
951.000 940
952.000 940
953.000 1056
954.000 902
955.000 902
956.000 902
957.000 940
958.000 864
959.000 977
960.000 902
961.000 1008
962.000 977
963.000 910
964.000 910
965.000 1013
966.000 902
967.000 948
968.000 902
969.000 977
970.000 910
971.000 1090
972.000 864
973.000 902
974.000 1016
975.000 940
976.000 910
977.000 902
978.000 977
979.000 940
980.000 910
981.000 864
982.000 902
983.000 1016
984.000 902
985.000 902
986.000 902
987.000 902
988.000 940
989.000 902
990.000 977
991.000 948
992.000 948
993.000 902
994.000 902
995.000 910
996.000 1832
997.000 2554
998.000 1138
999.000 3408
1000.000 5896
1001.000 2952
1002.000 2852
1003.000 1832
1004.000 2904
1005.000 2812
1006.000 2682
1007.000 1306
1008.000 977
1009.000 864
1010.000 940
1011.000 1010
1012.000 864
1013.000 940
1014.000 940
1015.000 940
1016.000 940
1017.000 902
1018.000 976
1019.000 940
1020.000 902
1021.000 902
1022.000 902
1023.000 948
1024.000 910
1025.000 938
1026.000 964
1027.000 902
1028.000 872
1029.000 984
1030.000 940
1031.000 864
1032.000 977
1033.000 910
1034.000 902
1035.000 948
1036.000 940
1037.000 902
1038.000 948
1039.000 864
1040.000 940
1041.000 977
1042.000 902
1043.000 902
1044.000 940
1045.000 940
1046.000 902
1047.000 910
1048.000 864
1049.000 940
1050.000 940
1051.000 940
1052.000 940
1053.000 902
1054.000 902
1055.000 902
1056.000 912
1057.000 872
1058.000 977
1059.000 910
1060.000 948
1061.000 948
1062.000 902
1063.000 948
1064.000 902
1065.000 940
1066.000 940
1067.000 864
1068.000 940
1069.000 940
1070.000 902
1071.000 940
1072.000 910
1073.000 902
1074.000 910
1075.000 902
1076.000 910
1077.000 940
1078.000 902
1079.000 902
1080.000 940
1081.000 977
1082.000 902
1083.000 902
1084.000 948
1085.000 940
1086.000 940
1087.000 940
1088.000 1008
1089.000 940
1090.000 864
1091.000 902
1092.000 977
1093.000 940
1094.000 902
1095.000 1084
1096.000 902
1097.000 902
1098.000 1016
1099.000 902
1100.000 948
1101.000 940
1102.000 902
1103.000 910
1104.000 1016
1105.000 902
1106.000 864
1107.000 940
1108.000 902
1109.000 872
1110.000 910
1111.000 977
1112.000 940
1113.000 940
1114.000 985
1115.000 902
1116.000 940
1117.000 940
1118.000 902
1119.000 902
1120.000 1046
1121.000 902
1122.000 948
1123.000 910
1124.000 902
1125.000 977
1126.000 940
1127.000 864
1128.000 977
1129.000 977
1130.000 940
1131.000 864
1132.000 940
1133.000 902
1134.000 940
1135.000 902
1136.000 902
1137.000 902
1138.000 940
1139.000 902
1140.000 902
1141.000 940
1142.000 902
1143.000 902
1144.000 910
1145.000 902
1146.000 940
1147.000 902
1148.000 1512
1149.000 2182
1150.000 2790
1151.000 2994
1152.000 1626
1153.000 2043
1154.000 2098
1155.000 1450
1156.000 2646
1157.000 2798
1158.000 2164
1159.000 1632
1160.000 2200
1161.000 2424
1162.000 1466
1163.000 1176
1164.000 1252
1165.000 1984
1166.000 2488
1167.000 1184
1168.000 940
1169.000 1546
1170.000 1816
1171.000 2370
1172.000 2384
1173.000 948
1174.000 2380
1175.000 2164
1176.000 2630
1177.000 1748
1178.000 1124
1179.000 2356
1180.000 1840
1181.000 2554
1182.000 2458
1183.000 2142
1184.000 1252
1185.000 902
1186.000 1146
1187.000 2334
1188.000 1762
1189.000 2592
1190.000 1974
1191.000 2234
1192.000 1526
1193.000 2318
1194.000 2250
1195.000 1732
1196.000 2058
1197.000 2092
1198.000 2804
1199.000 2082
1200.000 1412
1201.000 1756
1202.000 1224
1203.000 1838
1204.000 2614
1205.000 2442
1206.000 2136
1207.000 2478
1208.000 2258
1209.000 2606
1210.000 2043
1211.000 1710
1212.000 2934
1213.000 2046
1214.000 1948
1215.000 1976
1216.000 2027
1217.000 2324
1218.000 2508
1219.000 2576
1220.000 2714
1221.000 1238
1222.000 1284
1223.000 2716
1224.000 2746
1225.000 2464
1226.000 2896
1227.000 2176
1228.000 1442
1229.000 1170
1230.000 1854
1231.000 2746
1232.000 2542
1233.000 2060
1234.000 1130
1235.000 1876
1236.000 2752
1237.000 2584
1238.000 2850
1239.000 2098
1240.000 2686
1241.000 2158
1242.000 2974
1243.000 2792
1244.000 2754
1245.000 2356
1246.000 2258
1247.000 2220
1248.000 1786
1249.000 2272
1250.000 2486
1251.000 1898
1252.000 2776
1253.000 2154
1254.000 2842
1255.000 2630
1256.000 2272
1257.000 2890
1258.000 1746
1259.000 1716
1260.000 1130
1261.000 902
1262.000 2174
1263.000 1192
1264.000 2590
1265.000 1604
1266.000 3138
1267.000 2486
1268.000 1032
1269.000 1602
1270.000 2646
1271.000 2646
1272.000 2882
1273.000 2966
1274.000 2052
1275.000 1518
1276.000 2304
1277.000 2182
1278.000 1428
1279.000 2556
1280.000 1870
1281.000 1862
1282.000 902
1283.000 902
1284.000 1176
1285.000 2864
1286.000 1770
1287.000 2478
1288.000 1412
1289.000 2686
1290.000 2996
1291.000 2824
1292.000 2692
1293.000 2326
1294.000 2090
1295.000 2204
1296.000 1906
1297.000 1352
1298.000 1450
1299.000 1352
1300.000 1504
1301.000 940
1302.000 1594
1303.000 902
1304.000 910
1305.000 985
1306.000 940
1307.000 940
1308.000 1016
1309.000 1024
1310.000 1254
1311.000 1366
1312.000 1130
1313.000 1550
1314.000 1794
1315.000 1366
1316.000 1472
1317.000 1016
1318.000 1754
1319.000 2462
1320.000 3138
1321.000 2228
1322.000 1466
1323.000 1944
1324.000 2076
1325.000 2660
1326.000 2570
1327.000 1800
1328.000 1086
1329.000 1138
1330.000 2226
1331.000 2310
1332.000 2082
1333.000 1428
1334.000 2516
1335.000 2252
1336.000 2728
1337.000 1138
1338.000 1756
1339.000 2408
1340.000 1922
1341.000 1070
1342.000 1724
1343.000 1366
1344.000 1932
1345.000 2060
1346.000 2592
1347.000 2524
1348.000 1678
1349.000 2076
1350.000 2340
1351.000 2152
1352.000 2850
1353.000 2152
1354.000 1390
1355.000 2532
1356.000 2266
1357.000 1954
1358.000 2120
1359.000 1638
1360.000 1390
1361.000 2060
1362.000 2310
1363.000 1580
1364.000 1290
1365.000 1962
1366.000 2196
1367.000 940
1368.000 910
1369.000 1632
1370.000 1740
1371.000 2504
1372.000 2610
1373.000 1518
1374.000 1526
1375.000 1092
1376.000 1458
1377.000 902
1378.000 2312
1379.000 1550
1380.000 2418
1381.000 2020
1382.000 1840
1383.000 2074
1384.000 2632
1385.000 2102
1386.000 1932
1387.000 1504
1388.000 1138
1389.000 1794
1390.000 1016
1391.000 902
1392.000 1298
1393.000 2568
1394.000 2052
1395.000 1374
1396.000 1776
1397.000 2190
1398.000 1656
1399.000 1268
1400.000 1252
1401.000 2478
1402.000 2142
1403.000 2014
1404.000 1548
1405.000 1740
1406.000 1618
1407.000 1366
1408.000 1854
1409.000 1914
1410.000 2080
1411.000 1700
1412.000 1610
1413.000 2758
1414.000 1878
1415.000 2128
1416.000 2692
1417.000 2518
1418.000 2720
1419.000 2218
1420.000 2342
1421.000 2262
1422.000 940
1423.000 1176
1424.000 1404
1425.000 1290
1426.000 2546
1427.000 2568
1428.000 2568
1429.000 2210
1430.000 1390
1431.000 1016
1432.000 2790
1433.000 1460
1434.000 1658
1435.000 2296
1436.000 940
1437.000 864
1438.000 940
1439.000 1016
1440.000 902
1441.000 902
1442.000 1054
1443.000 902
1444.000 956
1445.000 940
1446.000 864
1447.000 940
1448.000 910
1449.000 902
1450.000 910
1451.000 910
1452.000 940
1453.000 2098
1454.000 2676
1455.000 1450
1456.000 1336
1457.000 2706
1458.000 2304
1459.000 1490
1460.000 1352
1461.000 2098
1462.000 2918
1463.000 1784
1464.000 2198
1465.000 2376
1466.000 1548
1467.000 2378
1468.000 1146
1469.000 2570
1470.000 1512
1471.000 985
1472.000 977
1473.000 902
1474.000 940
1475.000 902
1476.000 902
1477.000 940
1478.000 977
1479.000 902
1480.000 902
1481.000 940
1482.000 864
1483.000 904
1484.000 940
1485.000 940
1486.000 902
1487.000 1046
1488.000 902
1489.000 977
1490.000 940
1491.000 940
1492.000 864
1493.000 977
1494.000 872
1495.000 902
1496.000 940
1497.000 940
1498.000 977
1499.000 940
1500.000 900
1501.000 940
1502.000 940
1503.000 940
1504.000 872
1505.000 1013
1506.000 902
1507.000 977
1508.000 977
1509.000 902
1510.000 902
1511.000 977
1512.000 910
1513.000 864
1514.000 977
1515.000 940
1516.000 902
1517.000 940
1518.000 902
1519.000 902
1520.000 900
1521.000 985
1522.000 1016
1523.000 1046
1524.000 970
1525.000 977
1526.000 940
1527.000 902
1528.000 872
1529.000 940
1530.000 977
1531.000 956
1532.000 796
1533.000 910
1534.000 940
1535.000 977
1536.000 940
1537.000 902
1538.000 940
1539.000 977
1540.000 902
1541.000 864
1542.000 940
1543.000 940
1544.000 940
1545.000 977
1546.000 902
1547.000 977
1548.000 977
1549.000 940
1550.000 864
1551.000 940
1552.000 1016
1553.000 940
1554.000 940
1555.000 902
1556.000 940
1557.000 940
1558.000 976
1559.000 902
1560.000 940
1561.000 940
1562.000 940
1563.000 902
1564.000 910
1565.000 940
1566.000 940
1567.000 902
1568.000 940
1569.000 948
1570.000 1016
1571.000 864
1572.000 1052
1573.000 902
1574.000 902
1575.000 910
1576.000 864
1577.000 902
1578.000 977
1579.000 2494
1580.000 2654
1581.000 2358
1582.000 1604
1583.000 1898
1584.000 1420
1585.000 1838
1586.000 2266
1587.000 2526
1588.000 1968
1589.000 1526
1590.000 2494
1591.000 2750
1592.000 2188
1593.000 2052
1594.000 2168
1595.000 2690
1596.000 2836
1597.000 1564
1598.000 1382
1599.000 1336
1600.000 2524
1601.000 2158
1602.000 2092
1603.000 2076
1604.000 2592
1605.000 2562
1606.000 3048
1607.000 2616
1608.000 3040
1609.000 2068
1610.000 1846
1611.000 1870
1612.000 2502
1613.000 1374
1614.000 2782
1615.000 2332
1616.000 1466
1617.000 2562
1618.000 1792
1619.000 2796
1620.000 3078
1621.000 1652
1622.000 2052
1623.000 2168
1624.000 1314
1625.000 1108
1626.000 1958
1627.000 2282
1628.000 1130
1629.000 1892
1630.000 2166
1631.000 1290
1632.000 1414
1633.000 2790
1634.000 1594
1635.000 1504
1636.000 2204
1637.000 2554
1638.000 1360
1639.000 1526
1640.000 2304
1641.000 2614
1642.000 1724
1643.000 1222
1644.000 948
1645.000 2082
1646.000 2776
1647.000 1474
1648.000 1824
1649.000 2082
1650.000 1314
1651.000 1854
1652.000 1754
1653.000 2024
1654.000 2714
1655.000 1420
1656.000 1778
1657.000 1846
1658.000 2668
1659.000 1366
1660.000 2096
1661.000 2152
1662.000 2310
1663.000 2434
1664.000 1800
1665.000 2188
1666.000 2798
1667.000 2522
1668.000 2482
1669.000 2638
1670.000 2242
1671.000 2302
1672.000 2646
1673.000 2994
1674.000 2524
1675.000 2172
1676.000 2106
1677.000 2554
1678.000 2340
1679.000 2174
1680.000 2258
1681.000 1454
1682.000 2556
1683.000 1884
1684.000 1192
1685.000 1070
1686.000 940
1687.000 918
1688.000 864
1689.000 994
1690.000 2182
1691.000 1682
1692.000 2460
1693.000 977
1694.000 2058
1695.000 2448
1696.000 2006
1697.000 1694
1698.000 1976
1699.000 2098
1700.000 2356
1701.000 2158
1702.000 1862
1703.000 2372
1704.000 2312
1705.000 2304
1706.000 2546
1707.000 2546
1708.000 2956
1709.000 1382
1710.000 1472
1711.000 2054
1712.000 2158
1713.000 2182
1714.000 2334
1715.000 2560
1716.000 1050
1717.000 977
1718.000 940
1719.000 902
1720.000 940
1721.000 896
1722.000 910
1723.000 977
1724.000 910
1725.000 2322
1726.000 2460
1727.000 1940
1728.000 1792
1729.000 2542
1730.000 3024
1731.000 1640
1732.000 2822
1733.000 2033
1734.000 1382
1735.000 2762
1736.000 1450
1737.000 1078
1738.000 2182
1739.000 1488
1740.000 2226
1741.000 3190
1742.000 1894
1743.000 1404
1744.000 2554
1745.000 2068
1746.000 1344
1747.000 1366
1748.000 2692
1749.000 2714
1750.000 1368
1751.000 1762
1752.000 1292
1753.000 1898
1754.000 2272
1755.000 2698
1756.000 2616
1757.000 1534
1758.000 2750
1759.000 1534
1760.000 2128
1761.000 2158
1762.000 1746
1763.000 2146
1764.000 1868
1765.000 2178
1766.000 1450
1767.000 2722
1768.000 1222
1769.000 1694
1770.000 2342
1771.000 1374
1772.000 2454
1773.000 2556
1774.000 2568
1775.000 2074
1776.000 2242
1777.000 2652
1778.000 2372
1779.000 2428
1780.000 940
1781.000 1130
1782.000 1694
1783.000 2302
1784.000 1376
1785.000 1268
1786.000 2060
1787.000 1700
1788.000 2404
1789.000 2196
1790.000 2250
1791.000 1686
1792.000 2472
1793.000 2060
1794.000 985
1795.000 940
1796.000 940
1797.000 902
1798.000 902
1799.000 977
1800.000 1626
1801.000 2608
1802.000 2120
1803.000 2302
1804.000 1916
1805.000 2396
1806.000 2660
1807.000 2234
1808.000 2234
1809.000 1260
1810.000 2326
1811.000 2554
1812.000 2184
1813.000 1002
1814.000 1040
1815.000 1938
1816.000 2554
1817.000 3050
1818.000 2594
1819.000 2540
1820.000 2402
1821.000 2204
1822.000 2708
1823.000 2052
1824.000 2908
1825.000 2674
1826.000 1965
1827.000 1820
1828.000 2562
1829.000 2488
1830.000 2020
1831.000 902
1832.000 902
1833.000 2440
1834.000 2030
1835.000 2722
1836.000 2618
1837.000 2348
1838.000 2748
1839.000 2098
1840.000 2462
1841.000 2888
1842.000 2007
1843.000 2576
1844.000 2732
1845.000 2516
1846.000 1130
1847.000 2006
1848.000 2380
1849.000 2012
1850.000 1032
1851.000 2266
1852.000 2768
1853.000 2662
1854.000 2304
1855.000 2440
1856.000 1100
1857.000 1916
1858.000 2350
1859.000 2470
1860.000 2342
1861.000 2120
1862.000 2218
1863.000 1168
1864.000 948
1865.000 1214
1866.000 948
1867.000 1526
1868.000 1626
1869.000 1718
1870.000 2476
1871.000 2264
1872.000 1626
1873.000 2522
1874.000 2120
1875.000 1408
1876.000 1298
1877.000 2043
1878.000 2420
1879.000 2644
1880.000 2152
1881.000 2014
1882.000 1372
1883.000 977
1884.000 902
1885.000 940
1886.000 902
1887.000 902
1888.000 910
1889.000 940
1890.000 902
1891.000 940
1892.000 866
1893.000 902
1894.000 940
1895.000 910
1896.000 940
1897.000 977
1898.000 826
1899.000 1040
1900.000 940
1901.000 2628
1902.000 1974
1903.000 1784
1904.000 985
1905.000 1404
1906.000 1634
1907.000 1998
1908.000 1914
1909.000 1428
1910.000 1260
1911.000 2027
1912.000 1062
1913.000 1534
1914.000 2152
1915.000 1480
1916.000 1694
1917.000 1184
1918.000 977
1919.000 940
1920.000 1526
1921.000 1922
1922.000 2258
1923.000 2130
1924.000 1824
1925.000 2040
1926.000 1572
1927.000 1108
1928.000 902
1929.000 1184
1930.000 1488
1931.000 1556
1932.000 1876
1933.000 1678
1934.000 1840
1935.000 1770
1936.000 2586
1937.000 1924
1938.000 2160
1939.000 1480
1940.000 2134
1941.000 1754
1942.000 977
1943.000 864
1944.000 977
1945.000 910
1946.000 977
1947.000 872
1948.000 902
1949.000 918
1950.000 902
1951.000 948
1952.000 948
1953.000 902
1954.000 1084
1955.000 940
1956.000 902
1957.000 902
1958.000 1054
1959.000 902
1960.000 902
1961.000 940
1962.000 864
1963.000 977
1964.000 940
1965.000 902
1966.000 902
1967.000 948
1968.000 1016
1969.000 902
1970.000 902
1971.000 902
1972.000 910
1973.000 956
1974.000 902
1975.000 902
1976.000 976
1977.000 910
1978.000 872
1979.000 1016
1980.000 902
1981.000 902
1982.000 902
1983.000 940
1984.000 940
1985.000 948
1986.000 910
1987.000 902
1988.000 910
1989.000 902
1990.000 940
1991.000 940
1992.000 902
1993.000 977
1994.000 940
1995.000 910
1996.000 872
1997.000 940
1998.000 940
1999.000 866
2000.000 940
2001.000 872
2002.000 902
2003.000 948
2004.000 902
2005.000 902
2006.000 918
2007.000 902
2008.000 902
2009.000 977
2010.000 864
2011.000 902
2012.000 977
2013.000 902
2014.000 1016
2015.000 948
2016.000 977
2017.000 918
2018.000 940
2019.000 977
2020.000 940
2021.000 940
2022.000 940
2023.000 902
2024.000 977
2025.000 976
2026.000 864
2027.000 902
2028.000 1052
2029.000 902
2030.000 985
2031.000 902
2032.000 898
2033.000 940
2034.000 977
2035.000 864
2036.000 940
2037.000 902
2038.000 940
2039.000 977
2040.000 918
2041.000 902
2042.000 940
2043.000 940
2044.000 872
2045.000 948
2046.000 902
2047.000 976
2048.000 940
2049.000 902
2050.000 902
2051.000 977
2052.000 902
2053.000 910
2054.000 902
2055.000 902
2056.000 796
2057.000 940
2058.000 902
2059.000 902
2060.000 1008
2061.000 1013
2062.000 940
2063.000 864
2064.000 977
2065.000 940
2066.000 977
2067.000 977
2068.000 902
2069.000 864
2070.000 1054
2071.000 940
2072.000 940
2073.000 902
2074.000 940
2075.000 902
2076.000 940
2077.000 902
2078.000 864
2079.000 977
2080.000 940
2081.000 902
2082.000 902
2083.000 940
2084.000 940
2085.000 976
2086.000 977
2087.000 910
2088.000 940
2089.000 902
2090.000 977
2091.000 977
2092.000 864
2093.000 902
2094.000 977
2095.000 940
2096.000 946
2097.000 940
2098.000 977
2099.000 902
2100.000 1016
2101.000 872
2102.000 902
2103.000 2027
2104.000 2182
2105.000 2352
2106.000 1886
2107.000 1648
2108.000 2050
2109.000 1710
2110.000 1374
2111.000 2798
2112.000 2782
2113.000 2852
2114.000 2424
2115.000 2562
2116.000 2546
2117.000 1640
2118.000 1792
2119.000 1930
2120.000 1366
2121.000 2082
2122.000 2852
2123.000 2006
2124.000 1526
2125.000 2354
2126.000 1442
2127.000 1566
2128.000 2060
2129.000 1678
2130.000 2376
2131.000 1024
2132.000 2440
2133.000 902
2134.000 1466
2135.000 2652
2136.000 977
2137.000 1998
2138.000 2394
2139.000 1900
2140.000 940
2141.000 902
2142.000 977
2143.000 940
2144.000 902
2145.000 940
2146.000 948
2147.000 902
2148.000 1488
2149.000 1938
2150.000 1110
2151.000 2714
2152.000 2914
2153.000 2350
2154.000 1130
2155.000 1016
2156.000 1176
2157.000 1252
2158.000 1910
2159.000 2440
2160.000 1778
2161.000 1168
2162.000 2096
2163.000 1168
2164.000 872
2165.000 910
2166.000 902
2167.000 977
2168.000 1008
2169.000 902
2170.000 977
2171.000 948
2172.000 902
2173.000 2060
2174.000 2720
2175.000 1404
2176.000 2302
2177.000 2360
2178.000 1800
2179.000 1268
2180.000 1140
2181.000 1024
2182.000 1478
2183.000 1932
2184.000 2460
2185.000 2007
2186.000 2076
2187.000 2198
2188.000 2212
2189.000 1390
2190.000 3176
2191.000 2166
2192.000 2806
2193.000 2320
2194.000 2538
2195.000 1965
2196.000 1748
2197.000 1588
2198.000 2164
2199.000 2043
2200.000 2348
2201.000 1428
2202.000 902
2203.000 940
2204.000 1716
2205.000 2138
2206.000 3254
2207.000 2630
2208.000 2334
2209.000 1590
2210.000 1168
2211.000 1816
2212.000 1854
2213.000 2720
2214.000 2040
2215.000 2436
2216.000 2972
2217.000 3368
2218.000 2454
2219.000 2344
2220.000 2768
2221.000 2896
2222.000 1944
2223.000 2968
2224.000 2258
2225.000 2320
2226.000 2168
2227.000 2304
2228.000 2158
2229.000 1488
2230.000 1070
2231.000 1108
2232.000 1382
2233.000 1062
2234.000 1176
2235.000 902
2236.000 902
2237.000 2196
2238.000 2494
2239.000 1534
2240.000 2688
2241.000 2578
2242.000 2036
2243.000 2684
2244.000 1642
2245.000 1146
2246.000 1662
2247.000 2622
2248.000 2274
2249.000 1734
2250.000 2074
2251.000 1244
2252.000 2524
2253.000 1900
2254.000 1466
2255.000 1496
2256.000 2220
2257.000 1450
2258.000 2104
2259.000 1868
2260.000 2082
2261.000 2470
2262.000 1586
2263.000 1282
2264.000 1930
2265.000 1656
2266.000 1762
2267.000 2120
2268.000 1816
2269.000 1846
2270.000 2234
2271.000 1556
2272.000 1138
2273.000 1534
2274.000 904
2275.000 1566
2276.000 977
2277.000 1108
2278.000 1062
2279.000 1458
2280.000 1884
2281.000 2716
2282.000 1390
2283.000 1222
2284.000 1100
2285.000 2098
2286.000 2092
2287.000 3050
2288.000 1376
2289.000 1130
2290.000 948
2291.000 977
2292.000 1472
2293.000 3102
2294.000 2816
2295.000 2076
2296.000 2144
2297.000 1636
2298.000 2768
2299.000 1840
2300.000 2350
2301.000 2936
2302.000 3134
2303.000 2388
2304.000 1062
2305.000 2264
2306.000 2288
2307.000 1558
2308.000 1876
2309.000 1734
2310.000 2068
2311.000 1518
2312.000 1556
2313.000 1996
2314.000 1710
2315.000 2340
2316.000 1184
2317.000 940
2318.000 918
2319.000 1734
2320.000 2074
2321.000 1282
2322.000 2082
2323.000 1678
2324.000 1860
2325.000 2288
2326.000 2996
2327.000 2568
2328.000 2768
2329.000 2392
2330.000 2496
2331.000 2602
2332.000 2060
2333.000 3072
2334.000 2524
2335.000 1398
2336.000 1930
2337.000 1626
2338.000 2530
2339.000 1710
2340.000 1981
2341.000 2500
2342.000 2814
2343.000 2708
2344.000 2464
2345.000 2036
2346.000 2146
2347.000 2644
2348.000 2370
2349.000 1908
2350.000 2356
2351.000 2320
2352.000 3012
2353.000 2698
2354.000 2730
2355.000 2504
2356.000 2120
2357.000 2212
2358.000 2718
2359.000 2544
2360.000 1998
2361.000 2014
2362.000 1664
2363.000 2416
2364.000 2088
2365.000 2784
2366.000 2502
2367.000 1716
2368.000 2274
2369.000 2007
2370.000 2066
2371.000 1634
2372.000 2382
2373.000 2748
2374.000 1754
2375.000 1552
2376.000 1800
2377.000 1824
2378.000 1816
2379.000 940
2380.000 2228
2381.000 2470
2382.000 1970
2383.000 1884
2384.000 1998
2385.000 2276
2386.000 2742
2387.000 2644
2388.000 2532
2389.000 2288
2390.000 2230
2391.000 2096
2392.000 2134
2393.000 1946
2394.000 1572
2395.000 1800
2396.000 2112
2397.000 1710
2398.000 1192
2399.000 1128
2400.000 2488
2401.000 1672
2402.000 1944
2403.000 1818
2404.000 2000
2405.000 1838
2406.000 1838
2407.000 1664
2408.000 2586
2409.000 1778
2410.000 2782
2411.000 1214
2412.000 2630
2413.000 1954
2414.000 1366
2415.000 2024
2416.000 1856
2417.000 1694
2418.000 1100
2419.000 1450
2420.000 2206
2421.000 2114
2422.000 2600
2423.000 1952
2424.000 2616
2425.000 2152
2426.000 1862
2427.000 1564
2428.000 977
2429.000 940
2430.000 985
2431.000 1556
2432.000 2312
2433.000 2236
2434.000 1802
2435.000 2326
2436.000 1588
2437.000 1588
2438.000 2016
2439.000 1724
2440.000 2638
2441.000 2242
2442.000 2744
2443.000 2730
2444.000 2236
2445.000 1382
2446.000 2104
2447.000 2606
2448.000 2174
2449.000 2674
2450.000 2448
2451.000 1070
2452.000 1900
2453.000 1206
2454.000 1610
2455.000 902
2456.000 940
2457.000 964
2458.000 910
2459.000 900
2460.000 977
2461.000 1010
2462.000 940
2463.000 902
2464.000 977
2465.000 872
2466.000 902
2467.000 977
2468.000 940
2469.000 902
2470.000 940
2471.000 902
2472.000 902
2473.000 940
2474.000 940
2475.000 940
2476.000 940
2477.000 902
2478.000 902
2479.000 948
2480.000 902
2481.000 940
2482.000 940
2483.000 902
2484.000 1054
2485.000 940
2486.000 864
2487.000 902
2488.000 977
2489.000 948
2490.000 940
2491.000 902
2492.000 902
2493.000 910
2494.000 985
2495.000 902
2496.000 940
2497.000 948
2498.000 902
2499.000 940
2500.000 902
2501.000 902
2502.000 902
2503.000 942
2504.000 938
2505.000 866
2506.000 977
2507.000 902
2508.000 872
2509.000 977
2510.000 902
2511.000 864
2512.000 948
2513.000 910
2514.000 902
2515.000 948
2516.000 902
2517.000 902
2518.000 948
2519.000 940
2520.000 864
2521.000 977
2522.000 902
2523.000 977
2524.000 977
2525.000 910
2526.000 902
2527.000 902
2528.000 940
2529.000 902
2530.000 1122
2531.000 902
2532.000 888
2533.000 977
2534.000 902
2535.000 902
2536.000 977
2537.000 896
2538.000 940
2539.000 948
2540.000 948
2541.000 902
2542.000 910
2543.000 942
2544.000 938
2545.000 980
2546.000 864
2547.000 872
2548.000 898
2549.000 902
2550.000 902
2551.000 940
2552.000 902
2553.000 940
2554.000 1744
2555.000 1890
2556.000 1902
2557.000 2912
2558.000 2360
2559.000 2182
2560.000 2220
2561.000 2218
2562.000 2852
2563.000 1344
2564.000 940
2565.000 796
2566.000 902
2567.000 948
2568.000 1512
2569.000 2538
2570.000 1222
2571.000 1856
2572.000 1754
2573.000 1784
2574.000 902
2575.000 864
2576.000 977
2577.000 977
2578.000 902
2579.000 910
2580.000 902
2581.000 1008
2582.000 902
2583.000 940
2584.000 985
2585.000 910
2586.000 940
2587.000 902
2588.000 910
2589.000 864
2590.000 940
2591.000 940
2592.000 1084
2593.000 940
2594.000 940
2595.000 902
2596.000 940
2597.000 940
2598.000 940
2599.000 944
2600.000 940
2601.000 976
2602.000 977
2603.000 1968
2604.000 1632
2605.000 1728
2606.000 1016
2607.000 940
2608.000 864
2609.000 977
2610.000 902
2611.000 977
2612.000 977
2613.000 902
2614.000 902
2615.000 1786
2616.000 2238
2617.000 2446
2618.000 1558
2619.000 977
2620.000 902
2621.000 977
2622.000 864
2623.000 902
2624.000 977
2625.000 902
2626.000 977
2627.000 940
2628.000 940
2629.000 864
2630.000 977
2631.000 940
2632.000 940
2633.000 902
2634.000 902
2635.000 1068
2636.000 977
2637.000 888
2638.000 902
2639.000 940
2640.000 940
2641.000 940
2642.000 940
2643.000 902
2644.000 1054
2645.000 2176
2646.000 2288
2647.000 2190
2648.000 2118
2649.000 2952
2650.000 1816
2651.000 2524
2652.000 2632
2653.000 1772
2654.000 1732
2655.000 2082
2656.000 1290
2657.000 1252
2658.000 977
2659.000 902
2660.000 940
2661.000 902
2662.000 902
2663.000 910
2664.000 902
2665.000 870
2666.000 902
2667.000 1046
2668.000 940
2669.000 940
2670.000 872
2671.000 902
2672.000 1008
2673.000 956
2674.000 940
2675.000 864
2676.000 1016
2677.000 940
2678.000 902
2679.000 908
2680.000 902
2681.000 902
2682.000 948
2683.000 788
2684.000 1040
2685.000 977
2686.000 902
2687.000 910
2688.000 940
2689.000 940
2690.000 902
2691.000 940
2692.000 902
2693.000 1762
2694.000 2068
2695.000 2872
2696.000 1382
2697.000 1214
2698.000 2488
2699.000 1808
2700.000 1252
2701.000 2310
2702.000 1922
2703.000 1976
2704.000 1474
2705.000 956
2706.000 902
2707.000 948
2708.000 1130
2709.000 1062
2710.000 1184
2711.000 940
2712.000 902
2713.000 940
2714.000 910
2715.000 902
2716.000 902
2717.000 976
2718.000 938
2719.000 970
2720.000 976
2721.000 948
2722.000 940
2723.000 910
2724.000 866
2725.000 902
2726.000 940
2727.000 940
2728.000 880
2729.000 972
2730.000 902
2731.000 940
2732.000 910
2733.000 902
2734.000 977
2735.000 910
2736.000 902
2737.000 1764
2738.000 2280
2739.000 2120
2740.000 2630
2741.000 2760
2742.000 2030
2743.000 1496
2744.000 1540
2745.000 1252
2746.000 2254
2747.000 2586
2748.000 2914
2749.000 2190
2750.000 1070
2751.000 2640
2752.000 1946
2753.000 977
2754.000 1742
2755.000 2456
2756.000 1846
2757.000 2540
2758.000 2402
2759.000 2122
2760.000 2820
2761.000 1968
2762.000 1710
2763.000 1176
2764.000 1054
2765.000 2356
2766.000 872
2767.000 940
2768.000 977
2769.000 902
2770.000 864
2771.000 948
2772.000 796
2773.000 902
2774.000 872
2775.000 902
2776.000 940
2777.000 940
2778.000 940
2779.000 864
2780.000 977
2781.000 977
2782.000 902
2783.000 948
2784.000 902
2785.000 902
2786.000 977
2787.000 900
2788.000 948
2789.000 977
2790.000 940
2791.000 910
2792.000 940
2793.000 902
2794.000 902
2795.000 940
2796.000 902
2797.000 940
2798.000 977
2799.000 902
2800.000 977
2801.000 1016
2802.000 902
2803.000 1374
2804.000 2320
2805.000 2708
2806.000 2394
2807.000 2000
2808.000 2934
2809.000 2170
2810.000 1626
2811.000 2592
2812.000 2492
2813.000 1298
2814.000 1724
2815.000 1298
2816.000 1662
2817.000 1032
2818.000 940
2819.000 940
2820.000 940
2821.000 977
2822.000 940
2823.000 910
2824.000 977
2825.000 1580
2826.000 2154
2827.000 902
2828.000 985
2829.000 940
2830.000 902
2831.000 1046
2832.000 872
2833.000 940
2834.000 1176
2835.000 1024
2836.000 1954
2837.000 2426
2838.000 2662
2839.000 1628
2840.000 1306
2841.000 1200
2842.000 1884
2843.000 1900
2844.000 1024
2845.000 2722
2846.000 2622
2847.000 2196
2848.000 2718
2849.000 2722
2850.000 2510
2851.000 2554
2852.000 2448
2853.000 2910
2854.000 2698
2855.000 2396
2856.000 2280
2857.000 2068
2858.000 1382
2859.000 2912
2860.000 1862
2861.000 2982
2862.000 1740
2863.000 2043
2864.000 2738
2865.000 1764
2866.000 2258
2867.000 1892
2868.000 1930
2869.000 2888
2870.000 2022
2871.000 2334
2872.000 1984
2873.000 2410
2874.000 1936
2875.000 1814
2876.000 2280
2877.000 1504
2878.000 1388
2879.000 872
2880.000 1962
2881.000 2516
2882.000 1596
2883.000 2472
2884.000 1868
2885.000 2348
2886.000 2226
2887.000 2198
2888.000 1650
2889.000 2524
2890.000 1846
2891.000 2150
2892.000 1062
2893.000 2226
2894.000 1824
2895.000 1770
2896.000 2412
2897.000 2236
2898.000 2326
2899.000 2826
2900.000 1960
2901.000 2530
2902.000 1078
2903.000 2678
2904.000 1290
2905.000 1984
2906.000 1672
2907.000 2782
2908.000 1588
2909.000 2536
2910.000 2130
2911.000 2264
2912.000 1388
2913.000 1398
2914.000 2552
2915.000 1442
2916.000 2248
2917.000 2372
2918.000 2486
2919.000 2854
2920.000 2440
2921.000 2196
2922.000 940
2923.000 1810
2924.000 1300
2925.000 2022
2926.000 2524
2927.000 1780
2928.000 2068
2929.000 1762
2930.000 2672
2931.000 1574
2932.000 2536
2933.000 2174
2934.000 2043
2935.000 3178
2936.000 2842
2937.000 2766
2938.000 2074
2939.000 1912
2940.000 2984
2941.000 1981
2942.000 2444
2943.000 2264
2944.000 2388
2945.000 2584
2946.000 2234
2947.000 1024
2948.000 1748
2949.000 1252
2950.000 2236
2951.000 1832
2952.000 1854
2953.000 1358
2954.000 2640
2955.000 2030
2956.000 2922
2957.000 2012
2958.000 1740
2959.000 2830
2960.000 1260
2961.000 977
2962.000 2182
2963.000 2492
2964.000 2890
2965.000 1800
2966.000 1244
2967.000 2296
2968.000 2952
2969.000 977
2970.000 940
2971.000 1008
2972.000 902
2973.000 872
2974.000 940
2975.000 940
2976.000 918
2977.000 864
2978.000 940
2979.000 940
2980.000 902
2981.000 940
2982.000 910
2983.000 940
2984.000 902
2985.000 902
2986.000 910
2987.000 1490
2988.000 2174
2989.000 1854
2990.000 2568
2991.000 1582
2992.000 2090
2993.000 1320
2994.000 1740
2995.000 1892
2996.000 2226
2997.000 1822
2998.000 1976
2999.000 1620
3000.000 2150
3001.000 2088
3002.000 2480
3003.000 2166
3004.000 2244
3005.000 2398
3006.000 1922
3007.000 1494
3008.000 2638
3009.000 1788
3010.000 1886
3011.000 2030
3012.000 1778
3013.000 1192
3014.000 1406
3015.000 1024
3016.000 940
3017.000 1436
3018.000 1016
3019.000 2652
3020.000 2042
3021.000 2632
3022.000 2272
3023.000 2220
3024.000 2286
3025.000 948
3026.000 910
3027.000 910
3028.000 902
3029.000 1013
3030.000 910
3031.000 910
3032.000 940
3033.000 864
3034.000 976
3035.000 977
3036.000 942
3037.000 948
3038.000 938
3039.000 902
3040.000 948
3041.000 910
3042.000 864
3043.000 948
3044.000 910
3045.000 940
3046.000 940
3047.000 902
3048.000 910
3049.000 977
3050.000 902
3051.000 910
3052.000 977
3053.000 902
3054.000 864
3055.000 985
3056.000 902
3057.000 902
3058.000 940
3059.000 902
3060.000 902
3061.000 977
3062.000 940
3063.000 872
3064.000 2144
3065.000 2022
3066.000 2180
3067.000 2248
3068.000 2758
3069.000 2632
3070.000 1914
3071.000 2180
3072.000 1436
3073.000 910
3074.000 2408
3075.000 1904
3076.000 1054
3077.000 940
3078.000 948
3079.000 2494
3080.000 1792
3081.000 1998
3082.000 2120
3083.000 1374
3084.000 1214
3085.000 1374
3086.000 1991
3087.000 1716
3088.000 1930
3089.000 2510
3090.000 1504
3091.000 2228
3092.000 1352
3093.000 985
3094.000 1046
3095.000 910
3096.000 940
3097.000 948
3098.000 940
3099.000 872
3100.000 940
3101.000 977
3102.000 940
3103.000 902
3104.000 977
3105.000 940
3106.000 902
3107.000 948
3108.000 1488
3109.000 1816
3110.000 2720
3111.000 1810
3112.000 940
3113.000 926
3114.000 902
3115.000 940
3116.000 948
3117.000 864
3118.000 910
3119.000 910
3120.000 902
3121.000 902
3122.000 940
3123.000 940
3124.000 977
3125.000 910
3126.000 977
3127.000 864
3128.000 977
3129.000 940
3130.000 864
3131.000 940
3132.000 902
3133.000 902
3134.000 940
3135.000 902
3136.000 902
3137.000 977
3138.000 902
3139.000 977
3140.000 940
3141.000 902
3142.000 977
3143.000 1710
3144.000 2470
3145.000 2588
3146.000 2014
3147.000 2850
3148.000 1626
3149.000 2242
3150.000 1548
3151.000 2562
3152.000 2524
3153.000 1062
3154.000 1610
3155.000 940
3156.000 977
3157.000 2174
3158.000 1170
3159.000 1116
3160.000 902
3161.000 940
3162.000 940
3163.000 940
3164.000 940
3165.000 902
3166.000 902
3167.000 1016
3168.000 902
3169.000 984
3170.000 977
3171.000 1922
3172.000 902
3173.000 1146
3174.000 872
3175.000 902
3176.000 1526
3177.000 1200
3178.000 2022
3179.000 2676
3180.000 2146
3181.000 1436
3182.000 1618
3183.000 2364
3184.000 2408
3185.000 1638
3186.000 2454
3187.000 2524
3188.000 2568
3189.000 2372
3190.000 2078
3191.000 1880
3192.000 1732
3193.000 1032
3194.000 2604
3195.000 1908
3196.000 2676
3197.000 2150
3198.000 1810
3199.000 2714
3200.000 2706
3201.000 1800
3202.000 2828
3203.000 2037
3204.000 1298
3205.000 1596
3206.000 1686
3207.000 1916
3208.000 2546
3209.000 1900
3210.000 2676
3211.000 2980
3212.000 2416
3213.000 1640
3214.000 2366
3215.000 1276
3216.000 948
3217.000 902
3218.000 977
3219.000 910
3220.000 864
3221.000 902
3222.000 940
3223.000 864
3224.000 976
3225.000 902
3226.000 940
3227.000 940
3228.000 902
3229.000 985
3230.000 1078
3231.000 902
3232.000 948
3233.000 1192
3234.000 1320
3235.000 1512
3236.000 2500
3237.000 2144
3238.000 1314
3239.000 2404
3240.000 1602
3241.000 2130
3242.000 2164
3243.000 1556
3244.000 1520
3245.000 2502
3246.000 2356
3247.000 2636
3248.000 2052
3249.000 2500
3250.000 1558
3251.000 2486
3252.000 2043
3253.000 2614
3254.000 1024
3255.000 2272
3256.000 1572
3257.000 2052
3258.000 3026
3259.000 2556
3260.000 1734
3261.000 902
3262.000 940
3263.000 948
3264.000 2106
3265.000 1764
3266.000 1990
3267.000 2030
3268.000 2974
3269.000 1504
3270.000 2012
3271.000 1946
3272.000 910
3273.000 2804
3274.000 2142
3275.000 1328
3276.000 2304
3277.000 918
3278.000 1496
3279.000 1368
3280.000 1404
3281.000 1990
3282.000 2104
3283.000 1724
3284.000 2532
3285.000 1756
3286.000 2644
3287.000 2674
3288.000 2374
3289.000 2302
3290.000 1846
3291.000 2310
3292.000 1016
3293.000 902
3294.000 985
3295.000 940
3296.000 864
3297.000 938
3298.000 977
3299.000 902
3300.000 864
3301.000 940
3302.000 940
3303.000 910
3304.000 977
3305.000 864
3306.000 956
3307.000 940
3308.000 902
3309.000 902
3310.000 796
3311.000 977
3312.000 902
3313.000 900
3314.000 940
3315.000 940
3316.000 902
3317.000 910
3318.000 864
3319.000 940
3320.000 940
3321.000 940
3322.000 940
3323.000 902
3324.000 940
3325.000 902
3326.000 940
3327.000 977
3328.000 864
3329.000 977
3330.000 940
3331.000 902
3332.000 977
3333.000 880
3334.000 902
3335.000 977
3336.000 940
3337.000 902
3338.000 910
3339.000 902
3340.000 902
3341.000 1046
3342.000 902
3343.000 940
3344.000 948
3345.000 910
3346.000 902
3347.000 1046
3348.000 940
3349.000 864
3350.000 940
3351.000 940
3352.000 977
3353.000 948
3354.000 910
3355.000 902
3356.000 2168
3357.000 2090
3358.000 2888
3359.000 2120
3360.000 1542
3361.000 2624
3362.000 1800
3363.000 1740
3364.000 2994
3365.000 2266
3366.000 1314
3367.000 2644
3368.000 948
3369.000 864
3370.000 1526
3371.000 1442
3372.000 1534
3373.000 1708
3374.000 1786
3375.000 2022
3376.000 1762
3377.000 1344
3378.000 1130
3379.000 2188
3380.000 2638
3381.000 2654
3382.000 1686
3383.000 977
3384.000 940
3385.000 940
3386.000 1876
3387.000 2012
3388.000 2296
3389.000 2762
3390.000 2454
3391.000 1688
3392.000 2708
3393.000 2548
3394.000 2016
3395.000 1314
3396.000 2214
3397.000 1868
3398.000 1596
3399.000 2448
3400.000 2714
3401.000 2598
3402.000 2950
3403.000 1868
3404.000 1292
3405.000 977
3406.000 1838
3407.000 1550
3408.000 1352
3409.000 1824
3410.000 1712
3411.000 1624
3412.000 1246
3413.000 1862
3414.000 1832
3415.000 1884
3416.000 2722
3417.000 1406
3418.000 2654
3419.000 3018
3420.000 2410
3421.000 1520
3422.000 2256
3423.000 2850
3424.000 2428
3425.000 2320
3426.000 1344
3427.000 2144
3428.000 2482
3429.000 2562
3430.000 2692
3431.000 1884
3432.000 1648
3433.000 1824
3434.000 2386
3435.000 2356
3436.000 2170
3437.000 2360
3438.000 2494
3439.000 2402
3440.000 1938
3441.000 2676
3442.000 3118
3443.000 2762
3444.000 3002
3445.000 2674
3446.000 2090
3447.000 2570
3448.000 3100
3449.000 3140
3450.000 1870
3451.000 2022
3452.000 2214
3453.000 2500
3454.000 1610
3455.000 2066
3456.000 2768
3457.000 2820
3458.000 1840
3459.000 1800
3460.000 2250
3461.000 1656
3462.000 1062
3463.000 2446
3464.000 1092
3465.000 2592
3466.000 2748
3467.000 2030
3468.000 2730
3469.000 2508
3470.000 1176
3471.000 1168
3472.000 1542
3473.000 1322
3474.000 2060
3475.000 1824
3476.000 1116
3477.000 2076
3478.000 2532
3479.000 2404
3480.000 2082
3481.000 2188
3482.000 2614
3483.000 2888
3484.000 2462
3485.000 2220
3486.000 1390
3487.000 2826
3488.000 2706
3489.000 2236
3490.000 2024
3491.000 2484
3492.000 1298
3493.000 2374
3494.000 2302
3495.000 1596
3496.000 2652
3497.000 2912
3498.000 3176
3499.000 2068
3500.000 2578
3501.000 2568
3502.000 2366
3503.000 1648
3504.000 2192
3505.000 2424
3506.000 2100
3507.000 2250
3508.000 1542
3509.000 2098
3510.000 3270
3511.000 2684
3512.000 2464
3513.000 3002
3514.000 3010
3515.000 2524
3516.000 1830
3517.000 2326
3518.000 2342
3519.000 3050
3520.000 2252
3521.000 1894
3522.000 1024
3523.000 985
3524.000 2090
3525.000 2266
3526.000 2448
3527.000 2236
3528.000 1852
3529.000 1854
3530.000 2174
3531.000 2752
3532.000 1222
3533.000 1276
3534.000 1930
3535.000 2426
3536.000 1816
3537.000 1290
3538.000 2122
3539.000 2076
3540.000 2394
3541.000 1514
3542.000 2342
3543.000 2134
3544.000 1954
3545.000 2310
3546.000 2906
3547.000 1710
3548.000 2166
3549.000 1634
3550.000 1558
3551.000 1944
3552.000 1200
3553.000 1364
3554.000 1382
3555.000 2268
3556.000 2492
3557.000 1962
3558.000 2546
3559.000 2980
3560.000 2630
3561.000 2260
3562.000 2568
3563.000 1981
3564.000 2068
3565.000 1526
3566.000 2790
3567.000 2522
3568.000 1664
3569.000 2166
3570.000 2150
3571.000 1984
3572.000 1284
3573.000 1092
3574.000 1991
3575.000 1260
3576.000 1710
3577.000 2014
3578.000 2402
3579.000 1952
3580.000 1884
3581.000 1962
3582.000 3010
3583.000 1656
3584.000 1786
3585.000 2984
3586.000 1498
3587.000 1192
3588.000 1664
3589.000 1374
3590.000 1870
3591.000 2198
3592.000 1724
3593.000 2440
3594.000 2218
3595.000 1246
3596.000 2396
3597.000 1322
3598.000 1184
3599.000 940
3600.000 2396
3601.000 2272
3602.000 1062
3603.000 1100
3604.000 985
3605.000 2084
3606.000 2006
3607.000 2744
3608.000 2570
3609.000 1986
3610.000 2226
3611.000 2060
3612.000 1850
3613.000 2776
3614.000 1850
3615.000 1886
3616.000 2090
3617.000 2520
3618.000 2198
3619.000 1092
3620.000 1902
3621.000 2244
3622.000 2382
3623.000 2790
3624.000 2880
3625.000 2388
3626.000 1618
3627.000 1952
3628.000 1498
3629.000 2440
3630.000 2020
3631.000 2424
3632.000 2318
3633.000 1064
3634.000 1244
3635.000 2600
3636.000 1154
3637.000 1496
3638.000 1054
3639.000 1344
3640.000 1572
3641.000 2554
3642.000 2304
3643.000 2226
3644.000 1876
3645.000 2470
3646.000 2228
3647.000 2424
3648.000 1336
3649.000 1016
3650.000 1390
3651.000 2380
3652.000 2188
3653.000 1854
3654.000 1716
3655.000 1962
3656.000 1412
3657.000 1596
3658.000 1334
3659.000 2296
3660.000 2058
3661.000 2462
3662.000 1398
3663.000 1390
3664.000 1900
3665.000 1878
3666.000 2834
3667.000 2396
3668.000 1960
3669.000 2378
3670.000 1832
3671.000 1610
3672.000 1981
3673.000 1450
3674.000 1092
3675.000 2276
3676.000 2032
3677.000 1754
3678.000 1176
3679.000 2022
3680.000 2928
3681.000 1870
3682.000 1328
3683.000 1130
3684.000 1132
3685.000 1024
3686.000 2158
3687.000 2828
3688.000 2654
3689.000 2022
3690.000 1116
3691.000 1572
3692.000 1981
3693.000 902
3694.000 2972
3695.000 2434
3696.000 1016
3697.000 1502
3698.000 1404
3699.000 1550
3700.000 1092
3701.000 1214
3702.000 1846
3703.000 1488
3704.000 1474
3705.000 2296
3706.000 2812
3707.000 2972
3708.000 3124
3709.000 2336
3710.000 2138
3711.000 2220
3712.000 2448
3713.000 1878
3714.000 2694
3715.000 2654
3716.000 2600
3717.000 1586
3718.000 1100
3719.000 1344
3720.000 1724
3721.000 2098
3722.000 1610
3723.000 1176
3724.000 2068
3725.000 1518
3726.000 1796
3727.000 1412
3728.000 1496
3729.000 1458
3730.000 2744
3731.000 2456
3732.000 2298
3733.000 1658
3734.000 1412
3735.000 1558
3736.000 2138
3737.000 2150
3738.000 1984
3739.000 2136
3740.000 2624
3741.000 1840
3742.000 1642
3743.000 1306
3744.000 2410
3745.000 2550
3746.000 2374
3747.000 2060
3748.000 2396
3749.000 2000
3750.000 2630
3751.000 2600
3752.000 2258
3753.000 2272
3754.000 1024
3755.000 1184
3756.000 1908
3757.000 1138
3758.000 2296
3759.000 2266
3760.000 1130
3761.000 2836
3762.000 2144
3763.000 1282
3764.000 1222
3765.000 1864
3766.000 1794
3767.000 2104
3768.000 2794
3769.000 2024
3770.000 2608
3771.000 2052
3772.000 2334
3773.000 2858
3774.000 2030
3775.000 2226
3776.000 1682
3777.000 1262
3778.000 2724
3779.000 2370
3780.000 3080
3781.000 1922
3782.000 1648
3783.000 1808
3784.000 1168
3785.000 2090
3786.000 2336
3787.000 2158
3788.000 2804
3789.000 1718
3790.000 2396
3791.000 2646
3792.000 2728
3793.000 1862
3794.000 977
3795.000 1396
3796.000 1070
3797.000 1062
3798.000 3040
3799.000 1954
3800.000 2340
3801.000 2120
3802.000 2158
3803.000 2684
3804.000 1688
3805.000 2866
3806.000 2592
3807.000 2642
3808.000 2942
3809.000 2286
3810.000 2584
3811.000 1832
3812.000 2534
3813.000 2492
3814.000 3040
3815.000 2736
3816.000 2668
3817.000 2616
3818.000 2602
3819.000 2600
3820.000 2616
3821.000 2694
3822.000 1976
3823.000 2556
3824.000 2486
3825.000 2188
3826.000 1868
3827.000 1458
3828.000 1742
3829.000 2860
3830.000 2104
3831.000 1200
3832.000 2134
3833.000 2692
3834.000 2380
3835.000 1260
3836.000 1892
3837.000 2486
3838.000 2182
3839.000 2260
3840.000 2722
3841.000 1640
3842.000 2466
3843.000 1824
3844.000 1890
3845.000 2084
3846.000 1976
3847.000 2570
3848.000 2576
3849.000 2762
3850.000 2126
3851.000 2830
3852.000 1656
3853.000 2076
3854.000 1784
3855.000 2188
3856.000 1656
3857.000 1016
3858.000 1892
3859.000 2198
3860.000 1588
3861.000 1458
3862.000 1458
3863.000 1550
3864.000 1786
3865.000 2872
3866.000 2684
3867.000 2604
3868.000 2106
3869.000 2082
3870.000 2494
3871.000 1778
3872.000 2610
3873.000 1900
3874.000 1914
3875.000 2076
3876.000 1818
3877.000 2744
3878.000 2940
3879.000 1474
3880.000 1924
3881.000 2188
3882.000 1800
3883.000 2144
3884.000 1914
3885.000 2290
3886.000 2310
3887.000 2128
3888.000 2446
3889.000 1848
3890.000 2640
3891.000 1958
3892.000 1702
3893.000 1968
3894.000 1832
3895.000 2714
3896.000 2932
3897.000 2880
3898.000 2060
3899.000 2456
3900.000 1574
3901.000 1344
3902.000 1732
3903.000 1640
3904.000 1762
3905.000 940
3906.000 918
3907.000 2090
3908.000 2740
3909.000 3224
3910.000 2706
3911.000 2190
3912.000 1792
3913.000 1960
3914.000 2024
3915.000 2212
3916.000 3286
3917.000 2692
3918.000 1632
3919.000 1878
3920.000 1414
3921.000 2012
3922.000 1672
3923.000 1876
3924.000 977
3925.000 1184
3926.000 2000
3927.000 1900
3928.000 3078
3929.000 1688
3930.000 1450
3931.000 1054
3932.000 1870
3933.000 2090
3934.000 2168
3935.000 2418
3936.000 994
3937.000 1480
3938.000 2392
3939.000 1308
3940.000 2250
3941.000 2266
3942.000 2022
3943.000 2622
3944.000 1894
3945.000 2252
3946.000 3192
3947.000 2538
3948.000 2814
3949.000 1824
3950.000 2052
3951.000 2234
3952.000 2778
3953.000 2624
3954.000 2632
3955.000 2632
3956.000 1746
3957.000 2262
3958.000 1434
3959.000 1534
3960.000 1140
3961.000 1092
3962.000 2112
3963.000 1788
3964.000 2676
3965.000 1960
3966.000 964
3967.000 940
3968.000 864
3969.000 972
3970.000 940
3971.000 940
3972.000 1012
3973.000 910
3974.000 940
3975.000 864
3976.000 902
3977.000 977
3978.000 902
3979.000 902
3980.000 940
3981.000 902
3982.000 1084
3983.000 796
3984.000 1122
3985.000 796
3986.000 902
3987.000 940
3988.000 940
3989.000 902
3990.000 940
3991.000 902
3992.000 872
3993.000 940
3994.000 902
3995.000 940
3996.000 940
3997.000 902
3998.000 902
3999.000 977
4000.000 940
4001.000 902
4002.000 940
4003.000 864
4004.000 902
4005.000 1092
4006.000 940
4007.000 864
4008.000 1084
4009.000 902
4010.000 940
4011.000 940
4012.000 977
4013.000 902
4014.000 940
4015.000 977
4016.000 864
4017.000 977
4018.000 940
4019.000 902
4020.000 872
4021.000 902
4022.000 902
4023.000 977
4024.000 940
4025.000 940
4026.000 910
4027.000 902
4028.000 864
4029.000 940
4030.000 902
4031.000 902
4032.000 874
4033.000 902
4034.000 900
4035.000 977
4036.000 902
4037.000 864
4038.000 910
4039.000 902
4040.000 902
4041.000 910
4042.000 864
4043.000 902
4044.000 977
4045.000 948
4046.000 902
4047.000 948
4048.000 940
4049.000 940
4050.000 976
4051.000 902
4052.000 902
4053.000 910
4054.000 864
4055.000 902
4056.000 984
4057.000 902
4058.000 902
4059.000 940
4060.000 977
4061.000 940
4062.000 940
4063.000 902
4064.000 940
4065.000 977
4066.000 1084
4067.000 902
4068.000 940
4069.000 902
4070.000 1016
4071.000 902
4072.000 940
4073.000 712
4074.000 1702
4075.000 940
4076.000 864
4077.000 940
4078.000 1016
4079.000 796
4080.000 902
4081.000 977
4082.000 864
4083.000 902
4084.000 940
4085.000 872
4086.000 977
4087.000 977
4088.000 864
4089.000 940
4090.000 976
4091.000 940
4092.000 940
4093.000 910
4094.000 902
4095.000 902
4096.000 977
4097.000 902
4098.000 902
4099.000 977
4100.000 902
4101.000 1008
4102.000 948
4103.000 902
4104.000 902
4105.000 977
4106.000 910
4107.000 902
4108.000 977
4109.000 902
4110.000 864
4111.000 940
4112.000 902
4113.000 902
4114.000 902
4115.000 910
4116.000 940
4117.000 910
4118.000 902
4119.000 940
4120.000 977
4121.000 940
4122.000 864
4123.000 940
4124.000 940
4125.000 977
4126.000 910
4127.000 902
4128.000 902
4129.000 942
4130.000 872
4131.000 940
4132.000 940
4133.000 977
4134.000 864
4135.000 940
4136.000 938
4137.000 902
4138.000 940
4139.000 872
4140.000 910
4141.000 940
4142.000 864
4143.000 948
4144.000 910
4145.000 902
4146.000 910
4147.000 977
4148.000 864
4149.000 910
4150.000 940
4151.000 940
4152.000 940
4153.000 976
4154.000 940
4155.000 940
4156.000 940
4157.000 940
4158.000 910
4159.000 977
4160.000 940
4161.000 1008
4162.000 977
4163.000 902
4164.000 902
4165.000 940
4166.000 902
4167.000 940
4168.000 1016
4169.000 992
4170.000 902
4171.000 1016
4172.000 1046
4173.000 940
4174.000 940
4175.000 932
4176.000 1108
4177.000 977
4178.000 864
4179.000 940
4180.000 902
4181.000 977
4182.000 940
4183.000 796
4184.000 948
4185.000 902
4186.000 910
4187.000 940
4188.000 938
4189.000 902
4190.000 977
4191.000 872
4192.000 902
4193.000 910
4194.000 902
4195.000 864
4196.000 964
4197.000 864
4198.000 940
4199.000 926
4200.000 940
4201.000 864
4202.000 940
4203.000 902
4204.000 976
4205.000 940
4206.000 872
4207.000 940
4208.000 977
4209.000 872
4210.000 1008
4211.000 940
4212.000 902
4213.000 902
4214.000 872
4215.000 910
4216.000 902
4217.000 910
4218.000 902
4219.000 918
4220.000 940
4221.000 902
4222.000 910
4223.000 910
4224.000 940
4225.000 977
4226.000 977
4227.000 940
4228.000 902
4229.000 904
4230.000 902
4231.000 910
4232.000 902
4233.000 902
4234.000 948
4235.000 940
4236.000 940
4237.000 864
4238.000 977
4239.000 902
4240.000 902
4241.000 872
4242.000 902
4243.000 940
4244.000 940
4245.000 902
4246.000 940
4247.000 940
4248.000 902
4249.000 938
4250.000 1013
4251.000 902
4252.000 910
4253.000 948
4254.000 864
4255.000 940
4256.000 940
4257.000 940
4258.000 902
4259.000 902
4260.000 902
4261.000 940
4262.000 902
4263.000 910
4264.000 902
4265.000 977
4266.000 918
4267.000 864
4268.000 1046
4269.000 1038
4270.000 1002
4271.000 902
4272.000 902
4273.000 902
4274.000 977
4275.000 902
4276.000 864
4277.000 940
4278.000 940
4279.000 834
4280.000 864
4281.000 977
4282.000 977
4283.000 940
4284.000 948
4285.000 940
4286.000 902
4287.000 1016
4288.000 864
4289.000 940
4290.000 940
4291.000 940
4292.000 902
4293.000 902
4294.000 940
4295.000 977
4296.000 948
4297.000 940
4298.000 864
4299.000 940
4300.000 902
4301.000 1084
4302.000 940
4303.000 940
4304.000 902
4305.000 940
4306.000 902
4307.000 940
4308.000 976
4309.000 940
4310.000 940
4311.000 1016
4312.000 940
4313.000 902
4314.000 976
4315.000 902
4316.000 864
4317.000 948
4318.000 902
4319.000 940
4320.000 940
4321.000 940
4322.000 910
4323.000 910
4324.000 864
4325.000 1046
4326.000 985
4327.000 940
4328.000 864
4329.000 1046
4330.000 976
4331.000 902
4332.000 918
4333.000 864
4334.000 940
4335.000 940
4336.000 902
4337.000 977
4338.000 904
4339.000 940
4340.000 864
4341.000 948
4342.000 940
4343.000 902
4344.000 977
4345.000 902
4346.000 940
4347.000 977
4348.000 940
4349.000 902
4350.000 902
4351.000 902
4352.000 940
4353.000 940
4354.000 902
4355.000 902
4356.000 977
4357.000 940
4358.000 864
4359.000 977
4360.000 902
4361.000 940
4362.000 972
4363.000 940
4364.000 864
4365.000 977
4366.000 977
4367.000 902
4368.000 977
4369.000 902
4370.000 902
4371.000 902
4372.000 910
4373.000 940
4374.000 1016
4375.000 976
4376.000 902
4377.000 977
4378.000 948
4379.000 940
4380.000 1046
4381.000 902
4382.000 940
4383.000 940
4384.000 940
4385.000 902
4386.000 948
4387.000 940
4388.000 940
4389.000 902
4390.000 977
4391.000 940
4392.000 902
4393.000 796
4394.000 902
4395.000 910
4396.000 940
4397.000 864
4398.000 946
4399.000 977
4400.000 902
4401.000 902
4402.000 948
4403.000 902
4404.000 902
4405.000 940
4406.000 940
4407.000 940
4408.000 940
4409.000 864
4410.000 940
4411.000 940
4412.000 902
4413.000 902
4414.000 902
4415.000 940
4416.000 902
4417.000 940
4418.000 902
4419.000 948
4420.000 910
4421.000 902
4422.000 902
4423.000 977
4424.000 910
4425.000 940
4426.000 940
4427.000 872
4428.000 1084
4429.000 985
4430.000 940
4431.000 948
4432.000 940
4433.000 940
4434.000 902
4435.000 1048
4436.000 902
4437.000 880
4438.000 940
4439.000 940
4440.000 902
4441.000 910
4442.000 910
4443.000 902
4444.000 977
4445.000 864
4446.000 985
4447.000 942
4448.000 946
4449.000 910
4450.000 976
4451.000 902
4452.000 940
4453.000 940
4454.000 872
4455.000 910
4456.000 948
4457.000 910
4458.000 910
4459.000 902
4460.000 902
4461.000 940
4462.000 977
4463.000 916
4464.000 902
4465.000 910
4466.000 948
4467.000 910
4468.000 948
4469.000 938
4470.000 948
4471.000 902
4472.000 902
4473.000 902
4474.000 977
4475.000 940
4476.000 2168
4477.000 2682
4478.000 2166
4479.000 2372
4480.000 2174
4481.000 2342
4482.000 1444
4483.000 1556
4484.000 1740
4485.000 1840
4486.000 1564
4487.000 1260
4488.000 2380
4489.000 2092
4490.000 2236
4491.000 2322
4492.000 1434
4493.000 1952
4494.000 2420
4495.000 2001
4496.000 2310
4497.000 2320
4498.000 2310
4499.000 3472
4500.000 2914
4501.000 1868
4502.000 1838
4503.000 1960
4504.000 1314
4505.000 1564
4506.000 1596
4507.000 1856
4508.000 2214
4509.000 2230
4510.000 2212
4511.000 2334
4512.000 2632
4513.000 1642
4514.000 1390
4515.000 3066
4516.000 2146
4517.000 2488
4518.000 2486
4519.000 1830
4520.000 2898
4521.000 3012
4522.000 2478
4523.000 2372
4524.000 1260
4525.000 1298
4526.000 2336
4527.000 1550
4528.000 1472
4529.000 2310
4530.000 1328
4531.000 2610
4532.000 1854
4533.000 1070
4534.000 1184
4535.000 1024
4536.000 977
4537.000 2190
4538.000 2754
4539.000 2478
4540.000 2370
4541.000 2980
4542.000 2568
4543.000 3064
4544.000 3206
4545.000 2502
4546.000 2204
4547.000 2358
4548.000 3088
4549.000 2362
4550.000 2760
4551.000 2364
4552.000 2122
4553.000 2654
4554.000 2790
4555.000 2007
4556.000 2562
4557.000 2256
4558.000 1986
4559.000 1856
4560.000 1436
4561.000 1474
4562.000 1960
4563.000 2084
4564.000 2624
4565.000 1672
4566.000 2068
4567.000 1384
4568.000 1542
4569.000 1192
4570.000 1344
4571.000 1390
4572.000 1682
4573.000 2450
4574.000 2104
4575.000 1762
4576.000 2752
4577.000 3042
4578.000 1886
4579.000 1850
4580.000 1710
4581.000 1572
4582.000 1634
4583.000 1428
4584.000 2096
4585.000 2390
4586.000 2136
4587.000 2348
4588.000 2654
4589.000 2776
4590.000 2662
4591.000 1604
4592.000 1854
4593.000 2668
4594.000 1618
4595.000 2007
4596.000 2150
4597.000 2090
4598.000 1404
4599.000 1496
4600.000 2220
4601.000 2918
4602.000 2104
4603.000 1574
4604.000 2560
4605.000 2138
4606.000 2212
4607.000 2014
4608.000 2150
4609.000 2662
4610.000 1776
4611.000 1762
4612.000 2622
4613.000 1816
4614.000 1850
4615.000 1938
4616.000 2198
4617.000 2532
4618.000 1344
4619.000 2272
4620.000 2136
4621.000 2380
4622.000 2766
4623.000 1588
4624.000 2424
4625.000 2394
4626.000 2464
4627.000 2022
4628.000 2720
4629.000 2220
4630.000 1946
4631.000 1200
4632.000 2098
4633.000 1750
4634.000 2290
4635.000 1764
4636.000 1298
4637.000 1472
4638.000 2060
4639.000 2250
4640.000 2234
4641.000 1900
4642.000 1990
4643.000 1816
4644.000 1396
4645.000 2502
4646.000 1390
4647.000 2236
4648.000 2570
4649.000 2616
4650.000 1880
4651.000 1466
4652.000 2150
4653.000 2298
4654.000 1534
4655.000 1762
4656.000 2280
4657.000 2106
4658.000 1556
4659.000 1830
4660.000 2112
4661.000 1146
4662.000 1100
4663.000 2184
4664.000 2036
4665.000 2454
4666.000 2454
4667.000 1894
4668.000 1786
4669.000 1100
4670.000 1054
4671.000 2646
4672.000 1398
4673.000 1290
4674.000 2204
4675.000 2194
4676.000 1206
4677.000 2060
4678.000 1838
4679.000 2278
4680.000 1624
4681.000 1686
4682.000 1374
4683.000 2420
4684.000 2620
4685.000 1816
4686.000 1558
4687.000 2076
4688.000 2462
4689.000 2354
4690.000 2054
4691.000 2046
4692.000 1998
4693.000 1780
4694.000 1542
4695.000 2396
4696.000 1962
4697.000 2342
4698.000 2472
4699.000 1968
4700.000 1564
4701.000 1390
4702.000 1718
4703.000 2114
4704.000 1510
4705.000 1666
4706.000 2500
4707.000 1950
4708.000 3010
4709.000 2854
4710.000 2792
4711.000 2724
4712.000 2482
4713.000 2382
4714.000 2486
4715.000 2104
4716.000 2722
4717.000 2264
4718.000 1840
4719.000 1640
4720.000 2212
4721.000 2090
4722.000 2204
4723.000 2394
4724.000 1580
4725.000 1908
4726.000 3124
4727.000 2386
4728.000 1810
4729.000 1756
4730.000 1558
4731.000 1610
4732.000 2054
4733.000 1016
4734.000 902
4735.000 902
4736.000 902
4737.000 1013
4738.000 977
4739.000 864
4740.000 902
4741.000 940
4742.000 977
4743.000 902
4744.000 940
4745.000 864
4746.000 910
4747.000 940
4748.000 902
4749.000 902
4750.000 977
4751.000 910
4752.000 940
4753.000 872
4754.000 940
4755.000 940
4756.000 977
4757.000 864
4758.000 902
4759.000 977
4760.000 1252
4761.000 2698
4762.000 1406
4763.000 2340
4764.000 1482
4765.000 872
4766.000 910
4767.000 1868
4768.000 1830
4769.000 2014
4770.000 2106
4771.000 1808
4772.000 874
4773.000 1412
4774.000 1870
4775.000 1054
4776.000 864
4777.000 910
4778.000 940
4779.000 902
4780.000 902
4781.000 902
4782.000 1292
4783.000 2370
4784.000 1974
4785.000 1754
4786.000 2192
4787.000 1458
4788.000 1762
4789.000 1374
4790.000 1238
4791.000 2204
4792.000 1610
4793.000 1602
4794.000 2266
4795.000 2898
4796.000 1968
4797.000 2880
4798.000 1900
4799.000 2230
4800.000 1960
4801.000 2624
4802.000 2648
4803.000 2616
4804.000 2362
4805.000 1981
4806.000 2092
4807.000 2006
4808.000 2532
4809.000 2616
4810.000 2710
4811.000 2043
4812.000 2682
4813.000 2952
4814.000 1550
4815.000 1876
4816.000 2298
4817.000 2906
4818.000 2310
4819.000 1688
4820.000 1734
4821.000 2356
4822.000 1754
4823.000 2027
4824.000 1702
4825.000 1678
4826.000 1618
4827.000 1398
4828.000 1206
4829.000 2142
4830.000 2030
4831.000 1192
4832.000 2158
4833.000 2342
4834.000 2470
4835.000 1564
4836.000 1702
4837.000 1116
4838.000 2076
4839.000 2866
4840.000 2866
4841.000 2836
4842.000 2122
4843.000 1960
4844.000 1230
4845.000 940
4846.000 977
4847.000 1656
4848.000 1991
4849.000 1138
4850.000 940
4851.000 1938
4852.000 2524
4853.000 2768
4854.000 2260
4855.000 3152
4856.000 2622
4857.000 2698
4858.000 2198
4859.000 1222
4860.000 1674
4861.000 2036
4862.000 2892
4863.000 2898
4864.000 2976
4865.000 2320
4866.000 2740
4867.000 1824
4868.000 1762
4869.000 2106
4870.000 2548
4871.000 1314
4872.000 2540
4873.000 1930
4874.000 2402
4875.000 2030
4876.000 2624
4877.000 2348
4878.000 2668
4879.000 1412
4880.000 2334
4881.000 2266
4882.000 1930
4883.000 1908
4884.000 1778
4885.000 2112
4886.000 1640
4887.000 2758
4888.000 2572
4889.000 2586
4890.000 2294
4891.000 2402
4892.000 2456
4893.000 2006
4894.000 1406
4895.000 1320
4896.000 2488
4897.000 1906
4898.000 2272
4899.000 2344
4900.000 3598
4901.000 2820
4902.000 1534
4903.000 2576
4904.000 1860
4905.000 2268
4906.000 2001
4907.000 1864
4908.000 1960
4909.000 1244
4910.000 2150
4911.000 2958
4912.000 2604
4913.000 2800
4914.000 2800
4915.000 2768
4916.000 2424
4917.000 2462
4918.000 2027
4919.000 2440
4920.000 1374
4921.000 1588
4922.000 1686
4923.000 1824
4924.000 1542
4925.000 2554
4926.000 2456
4927.000 2804
4928.000 2836
4929.000 2424
4930.000 2424
4931.000 2130
4932.000 2804
4933.000 1542
4934.000 1322
4935.000 1214
4936.000 1236
4937.000 1968
4938.000 2830
4939.000 2210
4940.000 1908
4941.000 2104
4942.000 1192
4943.000 1054
4944.000 1412
4945.000 1594
4946.000 2510
4947.000 2876
4948.000 1772
4949.000 2304
4950.000 2090
4951.000 2166
4952.000 1596
4953.000 2228
4954.000 2790
4955.000 3052
4956.000 2548
4957.000 2950
4958.000 3368
4959.000 1946
4960.000 1922
4961.000 2480
4962.000 1252
4963.000 2808
4964.000 1938
4965.000 1534
4966.000 1998
4967.000 1116
4968.000 1778
4969.000 1908
4970.000 2530
4971.000 2706
4972.000 2652
4973.000 2528
4974.000 2668
4975.000 2592
4976.000 2220
4977.000 2088
4978.000 2832
4979.000 2722
4980.000 3012
4981.000 2944
4982.000 2562
4983.000 2546
4984.000 1610
4985.000 1878
4986.000 2120
4987.000 1922
4988.000 1268
4989.000 2490
4990.000 1976
4991.000 1906
4992.000 2744
4993.000 2052
4994.000 2328
4995.000 2212
4996.000 2126
4997.000 1396
4998.000 2306
4999.000 2830
5000.000 2552
5001.000 2556
5002.000 1914
5003.000 2014
5004.000 1870
5005.000 2584
5006.000 2600
5007.000 1970
5008.000 2782
5009.000 3186
5010.000 3066
5011.000 3312
5012.000 1952
5013.000 1024
5014.000 1092
5015.000 864
5016.000 2098
5017.000 2150
5018.000 2054
5019.000 2168
5020.000 2632
5021.000 2760
5022.000 2448
5023.000 1976
5024.000 2738
5025.000 2828
5026.000 1998
5027.000 2954
5028.000 2646
5029.000 2136
5030.000 2486
5031.000 2856
5032.000 1940
5033.000 2152
5034.000 3168
5035.000 2060
5036.000 2710
5037.000 3244
5038.000 3192
5039.000 2956
5040.000 2732
5041.000 2524
5042.000 3368
5043.000 1260
5044.000 2418
5045.000 2644
5046.000 1328
5047.000 2276
5048.000 2480
5049.000 2912
5050.000 2582
5051.000 2958
5052.000 2220
5053.000 2752
5054.000 3192
5055.000 2310
5056.000 1344
5057.000 940
5058.000 1488
5059.000 1840
5060.000 940
5061.000 910
5062.000 1496
5063.000 2334
5064.000 2936
5065.000 2732
5066.000 2586
5067.000 2460
5068.000 2802
5069.000 2306
5070.000 2462
5071.000 3110
5072.000 3050
5073.000 2062
5074.000 2096
5075.000 2606
5076.000 1488
5077.000 2184
5078.000 2188
5079.000 2478
5080.000 2342
5081.000 1878
5082.000 1642
5083.000 2188
5084.000 2600
5085.000 1778
5086.000 2794
5087.000 2578
5088.000 2388
5089.000 2210
5090.000 2160
5091.000 1886
5092.000 2234
5093.000 3040
5094.000 3092
5095.000 1458
5096.000 1016
5097.000 2494
5098.000 1694
5099.000 2016
5100.000 1800
5101.000 2630
5102.000 2128
5103.000 2880
5104.000 2380
5105.000 2212
5106.000 1838
5107.000 2538
5108.000 3244
5109.000 2244
5110.000 2288
5111.000 1724
5112.000 2236
5113.000 2402
5114.000 2342
5115.000 1724
5116.000 1146
5117.000 1952
5118.000 2006
5119.000 1702
5120.000 1938
5121.000 1696
5122.000 1762
5123.000 2242
5124.000 3074
5125.000 2602
5126.000 2928
5127.000 2656
5128.000 2234
5129.000 2836
5130.000 2538
5131.000 2828
5132.000 2060
5133.000 1960
5134.000 2632
5135.000 2722
5136.000 1922
5137.000 1574
5138.000 2684
5139.000 2258
5140.000 1968
5141.000 2430
5142.000 2500
5143.000 2236
5144.000 1512
5145.000 2662
5146.000 2104
5147.000 902
5148.000 1732
5149.000 2070
5150.000 2174
5151.000 2742
5152.000 2252
5153.000 1846
5154.000 1450
5155.000 1860
5156.000 2206
5157.000 1762
5158.000 2272
5159.000 2000
5160.000 1062
5161.000 2534
5162.000 1434
5163.000 1680
5164.000 1396
5165.000 1214
5166.000 1146
5167.000 1762
5168.000 1724
5169.000 2972
5170.000 2266
5171.000 1252
5172.000 1788
5173.000 2244
5174.000 2288
5175.000 2043
5176.000 1276
5177.000 2360
5178.000 2222
5179.000 2430
5180.000 2220
5181.000 2380
5182.000 1214
5183.000 1382
5184.000 2152
5185.000 1754
5186.000 1694
5187.000 1412
5188.000 2280
5189.000 1580
5190.000 1886
5191.000 2060
5192.000 2098
5193.000 2188
5194.000 1862
5195.000 2000
5196.000 2212
5197.000 1968
5198.000 2374
5199.000 2464
5200.000 2288
5201.000 2190
5202.000 2528
5203.000 1960
5204.000 2098
5205.000 2340
5206.000 2426
5207.000 1298
5208.000 1290
5209.000 1772
5210.000 2226
5211.000 1516
5212.000 1510
5213.000 2576
5214.000 1868
5215.000 2834
5216.000 2298
5217.000 1642
5218.000 2006
5219.000 1366
5220.000 1724
5221.000 2440
5222.000 1724
5223.000 1214
5224.000 2630
5225.000 1498
5226.000 940
5227.000 1382
5228.000 2326
5229.000 1780
5230.000 2312
5231.000 2478
5232.000 2424
5233.000 2332
5234.000 2510
5235.000 1282
5236.000 1626
5237.000 1830
5238.000 1892
5239.000 1412
5240.000 1168
5241.000 2036
5242.000 2058
5243.000 1746
5244.000 2258
5245.000 2646
5246.000 2266
5247.000 2280
5248.000 2484
5249.000 956
5250.000 940
5251.000 940
5252.000 940
5253.000 912
5254.000 1052
5255.000 902
5256.000 940
5257.000 940
5258.000 864
5259.000 948
5260.000 940
5261.000 902
5262.000 940
5263.000 902
5264.000 902
5265.000 977
5266.000 1016
5267.000 2046
5268.000 2326
5269.000 2024
5270.000 1466
5271.000 1848
5272.000 2194
5273.000 2600
5274.000 2594
5275.000 1922
5276.000 1944
5277.000 1922
5278.000 2182
5279.000 2202
5280.000 1990
5281.000 2956
5282.000 2894
5283.000 2372
5284.000 2272
5285.000 1868
5286.000 2934
5287.000 1854
5288.000 1968
5289.000 2348
5290.000 2606
5291.000 3048
5292.000 2348
5293.000 1580
5294.000 2964
5295.000 2472
5296.000 2400
5297.000 2340
5298.000 2258
5299.000 2098
5300.000 1396
5301.000 1054
5302.000 1892
5303.000 2502
5304.000 1390
5305.000 902
5306.000 940
5307.000 948
5308.000 902
5309.000 940
5310.000 940
5311.000 940
5312.000 864
5313.000 948
5314.000 910
5315.000 910
5316.000 940
5317.000 940
5318.000 977
5319.000 902
5320.000 977
5321.000 872
5322.000 902
5323.000 948
5324.000 977
5325.000 902
5326.000 834
5327.000 902
5328.000 902
5329.000 977
5330.000 1008
5331.000 864
5332.000 940
5333.000 902
5334.000 910
5335.000 918
5336.000 864
5337.000 902
5338.000 948
5339.000 902
5340.000 902
5341.000 977
5342.000 864
5343.000 902
5344.000 977
5345.000 948
5346.000 864
5347.000 984
5348.000 940
5349.000 940
5350.000 940
5351.000 940
5352.000 946
5353.000 940
5354.000 940
5355.000 902
5356.000 977
5357.000 902
5358.000 902
5359.000 902
5360.000 940
5361.000 902
5362.000 977
5363.000 940
5364.000 970
5365.000 977
5366.000 902
5367.000 902
5368.000 2212
5369.000 2402
5370.000 2332
5371.000 2380
5372.000 1374
5373.000 2200
5374.000 1352
5375.000 2056
5376.000 2362
5377.000 2242
5378.000 1504
5379.000 2480
5380.000 977
5381.000 2410
5382.000 1094
5383.000 2188
5384.000 2934
5385.000 2234
5386.000 1984
5387.000 985
5388.000 1784
5389.000 1740
5390.000 1932
5391.000 2248
5392.000 956
5393.000 1016
5394.000 2638
5395.000 2530
5396.000 1894
5397.000 2456
5398.000 1184
5399.000 2120
5400.000 2630
5401.000 3162
5402.000 2214
5403.000 1672
5404.000 2598
5405.000 2434
5406.000 1748
5407.000 1991
5408.000 1754
5409.000 2180
5410.000 2884
5411.000 2780
5412.000 1981
5413.000 1474
5414.000 2128
5415.000 2798
5416.000 2304
5417.000 2722
5418.000 3140
5419.000 2472
5420.000 1420
5421.000 1792
5422.000 2618
5423.000 2282
5424.000 2508
5425.000 2592
5426.000 2594
5427.000 2364
5428.000 2334
5429.000 2268
5430.000 2340
5431.000 1480
5432.000 1930
5433.000 2138
5434.000 1838
5435.000 2408
5436.000 2022
5437.000 2858
5438.000 1572
5439.000 2484
5440.000 2128
5441.000 3444
5442.000 1474
5443.000 1848
5444.000 1688
5445.000 2426
5446.000 3314
5447.000 2478
5448.000 2288
5449.000 2208
5450.000 2654
5451.000 3524
5452.000 1542
5453.000 1054
5454.000 940
5455.000 1816
5456.000 2784
5457.000 2882
5458.000 1884
5459.000 2260
5460.000 2210
5461.000 2524
5462.000 2430
5463.000 1928
5464.000 2394
5465.000 2158
5466.000 1618
5467.000 2256
5468.000 1520
5469.000 1186
5470.000 1016
5471.000 2764
5472.000 2136
5473.000 2172
5474.000 2336
5475.000 2174
5476.000 2450
5477.000 1808
5478.000 1618
5479.000 1486
5480.000 1580
5481.000 1108
5482.000 1368
5483.000 1814
5484.000 2128
5485.000 2342
5486.000 2500
5487.000 2158
5488.000 2776
5489.000 2128
5490.000 1762
5491.000 2394
5492.000 2814
5493.000 2190
5494.000 1876
5495.000 1550
5496.000 2998
5497.000 2390
5498.000 2874
5499.000 1794
5500.000 1862
5501.000 1810
5502.000 1862
5503.000 2272
5504.000 1694
5505.000 1548
5506.000 1016
5507.000 1900
5508.000 1556
5509.000 2824
5510.000 3682
5511.000 2918
5512.000 2638
5513.000 2466
5514.000 2862
5515.000 2720
5516.000 3180
5517.000 2784
5518.000 2936
5519.000 2037
5520.000 1674
5521.000 3146
5522.000 1906
5523.000 1518
5524.000 1680
5525.000 2964
5526.000 1981
5527.000 2006
5528.000 2358
5529.000 2682
5530.000 1936
5531.000 2424
5532.000 3276
5533.000 1860
5534.000 2066
5535.000 1700
5536.000 2448
5537.000 1914
5538.000 1946
5539.000 1108
5540.000 1944
5541.000 2128
5542.000 2472
5543.000 1702
5544.000 1184
5545.000 2036
5546.000 1900
5547.000 1360
5548.000 2750
5549.000 1770
5550.000 1488
5551.000 1248
5552.000 1420
5553.000 2168
5554.000 2216
5555.000 2800
5556.000 2304
5557.000 3194
5558.000 2890
5559.000 2532
5560.000 2516
5561.000 2418
5562.000 2418
5563.000 2280
5564.000 2154
5565.000 2198
5566.000 3032
5567.000 2714
5568.000 2180
5569.000 2856
5570.000 2714
5571.000 1610
5572.000 1724
5573.000 948
5574.000 1222
5575.000 1306
5576.000 1808
5577.000 1246
5578.000 1930
5579.000 2768
5580.000 2662
5581.000 2020
5582.000 1932
5583.000 2006
5584.000 1946
5585.000 1184
5586.000 2692
5587.000 1800
5588.000 2096
5589.000 1688
5590.000 2240
5591.000 2302
5592.000 2007
5593.000 2938
5594.000 2836
5595.000 1428
5596.000 1024
5597.000 2478
5598.000 2076
5599.000 2584
5600.000 1742
5601.000 1808
5602.000 1490
5603.000 2508
5604.000 1946
5605.000 1792
5606.000 2036
5607.000 2888
5608.000 2790
5609.000 2350
5610.000 2554
5611.000 1564
5612.000 1534
5613.000 1634
5614.000 3092
5615.000 2384
5616.000 2206
5617.000 2472
5618.000 1214
5619.000 1560
5620.000 2312
5621.000 1710
5622.000 2776
5623.000 1510
5624.000 1648
5625.000 1702
5626.000 1572
5627.000 2104
5628.000 1594
5629.000 1726
5630.000 2690
5631.000 2294
5632.000 1976
5633.000 1894
5634.000 1606
5635.000 2728
5636.000 1604
5637.000 1556
5638.000 864
5639.000 2518
5640.000 2276
5641.000 1686
5642.000 1860
5643.000 1854
5644.000 1002
5645.000 2614
5646.000 2898
5647.000 2562
5648.000 2798
5649.000 2908
5650.000 1680
5651.000 1344
5652.000 2298
5653.000 1450
5654.000 1914
5655.000 2670
5656.000 3416
5657.000 2378
5658.000 3010
5659.000 2540
5660.000 2122
5661.000 2228
5662.000 1916
5663.000 1854
5664.000 2516
5665.000 2054
5666.000 2504
5667.000 2438
5668.000 1472
5669.000 1146
5670.000 902
5671.000 1298
5672.000 977
5673.000 1062
5674.000 1512
5675.000 1965
5676.000 2006
5677.000 2164
5678.000 2006
5679.000 2426
5680.000 2748
5681.000 2024
5682.000 2288
5683.000 2174
5684.000 2440
5685.000 2716
5686.000 1846
5687.000 1868
5688.000 2286
5689.000 2006
5690.000 1450
5691.000 1268
5692.000 1778
5693.000 1732
5694.000 3164
5695.000 1884
5696.000 1670
5697.000 2314
5698.000 2472
5699.000 2752
5700.000 2724
5701.000 1884
5702.000 2090
5703.000 2250
5704.000 2282
5705.000 2734
5706.000 2782
5707.000 1732
5708.000 2390
5709.000 1998
5710.000 2000
5711.000 1880
5712.000 2394
5713.000 1762
5714.000 2576
5715.000 1594
5716.000 1694
5717.000 2956
5718.000 2768
5719.000 1770
5720.000 1016
5721.000 1016
5722.000 2812
5723.000 2782
5724.000 2474
5725.000 2260
5726.000 2610
5727.000 3488
5728.000 1968
5729.000 2610
5730.000 3048
5731.000 2446
5732.000 2027
5733.000 3172
5734.000 3234
5735.000 1832
5736.000 1390
5737.000 2166
5738.000 1336
5739.000 2562
5740.000 1930
5741.000 2410
5742.000 2510
5743.000 2894
5744.000 2204
5745.000 2540
5746.000 2037
5747.000 1342
5748.000 2058
5749.000 1802
5750.000 2348
5751.000 2052
5752.000 1746
5753.000 2708
5754.000 2266
5755.000 2416
5756.000 2128
5757.000 2136
5758.000 2576
5759.000 2724
5760.000 1672
5761.000 1594
5762.000 2276
5763.000 1838
5764.000 1244
5765.000 1634
5766.000 2020
5767.000 1724
5768.000 2182
5769.000 1374
5770.000 1184
5771.000 1032
5772.000 1186
5773.000 2448
5774.000 2202
5775.000 2318
5776.000 2700
5777.000 2030
5778.000 1908
5779.000 1876
5780.000 1930
5781.000 2342
5782.000 2140
5783.000 1970
5784.000 2414
5785.000 2250
5786.000 1396
5787.000 1138
5788.000 1862
5789.000 1924
5790.000 2068
5791.000 2020
5792.000 2710
5793.000 2166
5794.000 2576
5795.000 3076
5796.000 2896
5797.000 2522
5798.000 2052
5799.000 1960
5800.000 2690
5801.000 2052
5802.000 2022
5803.000 1862
5804.000 1876
5805.000 2714
5806.000 1906
5807.000 2310
5808.000 2776
5809.000 2220
5810.000 2486
5811.000 2122
5812.000 2926
5813.000 1610
5814.000 2372
5815.000 2060
5816.000 2512
5817.000 1268
5818.000 1246
5819.000 1260
5820.000 1450
5821.000 1686
5822.000 1976
5823.000 1664
5824.000 2120
5825.000 1784
5826.000 2394
5827.000 1778
5828.000 1328
5829.000 1184
5830.000 2014
5831.000 3024
5832.000 2036
5833.000 2388
5834.000 2043
5835.000 1466
5836.000 1838
5837.000 2270
5838.000 2646
5839.000 2236
5840.000 2052
5841.000 2540
5842.000 3262
5843.000 2294
5844.000 3124
5845.000 2318
5846.000 2244
5847.000 2334
5848.000 1892
5849.000 1450
5850.000 2944
5851.000 1802
5852.000 2226
5853.000 2462
5854.000 2198
5855.000 2282
5856.000 1762
5857.000 2426
5858.000 2950
5859.000 2056
5860.000 2154
5861.000 2652
5862.000 2738
5863.000 2524
5864.000 3346
5865.000 2250
5866.000 2250
5867.000 2412
5868.000 2926
5869.000 1626
5870.000 1816
5871.000 2022
5872.000 2030
5873.000 1810
5874.000 2356
5875.000 2394
5876.000 2784
5877.000 2526
5878.000 1664
5879.000 1612
5880.000 2822
5881.000 3098
5882.000 2378
5883.000 2076
5884.000 2220
5885.000 1518
5886.000 2440
5887.000 1612
5888.000 1214
5889.000 994
5890.000 1100
5891.000 1062
5892.000 940
5893.000 1016
5894.000 1092
5895.000 2098
5896.000 2454
5897.000 1908
5898.000 1344
5899.000 1032
5900.000 1810
5901.000 2380
5902.000 2356
5903.000 2702
5904.000 2502
5905.000 2304
5906.000 2812
5907.000 1016
5908.000 1276
5909.000 1528
5910.000 994
5911.000 1282
5912.000 1192
5913.000 1314
5914.000 1526
5915.000 2332
5916.000 2568
5917.000 3044
5918.000 2472
5919.000 3108
5920.000 2546
5921.000 2114
5922.000 2204
5923.000 1854
5924.000 2370
5925.000 2986
5926.000 2738
5927.000 2364
5928.000 2440
5929.000 2630
5930.000 1784
5931.000 1368
5932.000 1542
5933.000 2408
5934.000 2080
5935.000 1436
5936.000 2332
5937.000 2296
5938.000 2128
5939.000 2366
5940.000 1958
5941.000 1448
5942.000 2246
5943.000 2120
5944.000 2076
5945.000 2934
5946.000 2043
5947.000 1876
5948.000 1832
5949.000 2966
5950.000 2030
5951.000 1564
5952.000 1222
5953.000 1770
5954.000 2424
5955.000 3006
5956.000 2248
5957.000 1778
5958.000 2348
5959.000 1450
5960.000 2212
5961.000 1914
5962.000 1572
5963.000 1968
5964.000 2790
5965.000 2070
5966.000 2166
5967.000 2358
5968.000 1776
5969.000 2360
5970.000 2778
5971.000 2312
5972.000 1772
5973.000 1488
5974.000 2234
5975.000 1042
