# Slice: URLLC | 112.217.128.202:322 -> 10.215.173.1:48738 (TCP)
# offset_sec  packet_size_bytes
0.000 4028
1.000 64
2.000 64
4.000 64
6.000 64
8.000 64
10.000 64
12.000 64
14.000 64
16.000 64
18.000 64
20.000 64
22.000 64
24.000 64
26.000 64
28.000 64
30.000 64
32.000 64
34.000 64
36.000 64
38.000 64
40.000 64
42.000 64
44.000 64
46.000 64
48.000 64
50.000 64
52.000 64
54.000 64
56.000 64
58.000 64
60.000 64
62.000 64
64.000 64
66.000 64
68.000 64
70.000 64
72.000 64
74.000 64
76.000 64
78.000 64
80.000 64
82.000 64
84.000 64
86.000 64
88.000 64
90.000 64
92.000 64
94.000 64
96.000 64
98.000 64
100.000 64
102.000 64
104.000 64
106.000 64
108.000 64
110.000 64
112.000 64
114.000 64
116.000 64
118.000 64
120.000 64
122.000 64
124.000 64
126.000 64
128.000 64
130.000 64
132.000 64
134.000 64
136.000 64
138.000 64
140.000 64
142.000 64
144.000 64
146.000 64
148.000 64
150.000 64
152.000 64
154.000 64
156.000 64
158.000 64
160.000 64
162.000 64
164.000 64
166.000 64
168.000 64
170.000 64
172.000 64
174.000 64
176.000 64
178.000 64
180.000 64
182.000 64
184.000 64
186.000 64
188.000 64
190.000 64
192.000 64
194.000 64
196.000 64
198.000 64
200.000 64
202.000 64
204.000 64
206.000 64
208.000 64
210.000 64
212.000 64
214.000 64
216.000 64
218.000 64
220.000 64
222.000 64
224.000 64
226.000 64
228.000 64
230.000 64
232.000 64
234.000 64
236.000 64
238.000 64
240.000 64
242.000 64
244.000 64
246.000 64
248.000 64
250.000 64
252.000 64
254.000 64
256.000 64
258.000 64
260.000 64
262.000 64
264.000 64
266.000 64
268.000 64
270.000 64
272.000 64
274.000 64
276.000 64
278.000 64
280.000 64
282.000 64
284.000 64
286.000 64
288.000 64
290.000 64
292.000 64
294.000 64
296.000 64
298.000 64
300.000 64
302.000 64
304.000 64
306.000 64
308.000 64
310.000 64
312.000 64
314.000 64
316.000 64
318.000 64
320.000 64
322.000 64
324.000 64
326.000 64
328.000 64
330.000 64
332.000 64
334.000 64
336.000 64
338.000 64
340.000 64
342.000 64
344.000 64
346.000 64
348.000 64
350.000 64
352.000 64
354.000 64
356.000 64
358.000 64
360.000 64
362.000 64
364.000 64
366.000 64
368.000 64
370.000 64
372.000 64
374.000 64
376.000 64
378.000 64
380.000 64
382.000 64
384.000 64
386.000 64
388.000 64
390.000 64
392.000 64
394.000 64
396.000 64
398.000 64
400.000 64
402.000 64
404.000 64
406.000 64
408.000 64
410.000 64
412.000 64
414.000 64
416.000 64
418.000 64
420.000 64
422.000 64
424.000 64
426.000 64
428.000 64
430.000 64
432.000 64
434.000 64
436.000 64
438.000 64
440.000 64
442.000 64
444.000 64
446.000 64
448.000 64
450.000 64
452.000 64
454.000 64
456.000 64
458.000 64
460.000 64
462.000 64
464.000 64
466.000 64
468.000 64
470.000 64
472.000 64
474.000 64
476.000 64
478.000 64
480.000 64
482.000 64
484.000 64
486.000 64
488.000 64
490.000 64
492.000 64
494.000 64
496.000 64
498.000 64
500.000 64
502.000 64
504.000 64
506.000 64
508.000 64
510.000 64
512.000 64
514.000 64
516.000 64
518.000 64
520.000 64
522.000 64
524.000 64
526.000 64
528.000 64
530.000 64
532.000 64
534.000 64
536.000 64
538.000 64
540.000 64
542.000 64
544.000 64
546.000 64
548.000 64
550.000 64
552.000 64
554.000 64
556.000 64
558.000 64
560.000 64
562.000 64
564.000 64
566.000 64
568.000 64
570.000 64
572.000 64
574.000 64
576.000 64
578.000 64
580.000 64
582.000 64
584.000 64
586.000 64
588.000 64
590.000 64
592.000 64
594.000 64
596.000 64
598.000 64
600.000 64
602.000 64
604.000 64
606.000 64
608.000 64
610.000 64
612.000 64
614.000 64
616.000 64
618.000 64
620.000 64
622.000 64
624.000 64
626.000 64
628.000 64
630.000 64
632.000 64
634.000 64
636.000 64
638.000 64
640.000 64
642.000 64
644.000 64
646.000 64
648.000 64
650.000 64
652.000 64
654.000 64
656.000 64
658.000 64
660.000 64
662.000 64
664.000 64
666.000 64
668.000 64
670.000 64
672.000 64
674.000 64
676.000 64
678.000 64
680.000 64
682.000 64
684.000 64
686.000 64
688.000 64
690.000 64
692.000 64
694.000 64
696.000 64
698.000 64
700.000 64
702.000 64
704.000 64
706.000 64
708.000 64
710.000 64
712.000 64
714.000 64
716.000 64
718.000 64
720.000 64
722.000 64
724.000 64
726.000 64
728.000 64
730.000 64
732.000 64
734.000 64
736.000 64
738.000 64
740.000 64
742.000 64
744.000 64
746.000 64
748.000 64
750.000 64
752.000 64
754.000 64
756.000 64
758.000 64
760.000 64
762.000 64
764.000 64
766.000 64
768.000 64
770.000 64
772.000 64
774.000 64
776.000 64
778.000 64
780.000 64
782.000 64
784.000 64
786.000 64
788.000 64
790.000 64
792.000 64
794.000 64
796.000 64
798.000 64
800.000 64
802.000 64
804.000 64
806.000 64
808.000 64
810.000 64
812.000 64
814.000 64
816.000 64
818.000 64
820.000 64
822.000 64
824.000 64
826.000 64
828.000 64
830.000 64
832.000 64
834.000 64
836.000 64
838.000 64
840.000 64
842.000 64
844.000 64
846.000 64
848.000 64
850.000 64
852.000 64
854.000 64
856.000 64
858.000 64
860.000 64
862.000 64
864.000 64
866.000 64
868.000 64
870.000 64
872.000 64
874.000 64
876.000 64
878.000 64
880.000 64
882.000 64
884.000 64
886.000 64
888.000 64
890.000 64
892.000 64
894.000 64
896.000 64
898.000 64
900.000 64
902.000 64
904.000 64
906.000 64
908.000 64
910.000 64
912.000 64
914.000 64
916.000 64
918.000 64
920.000 64
922.000 64
924.000 64
926.000 64
928.000 64
930.000 64
932.000 64
934.000 64
936.000 64
938.000 64
940.000 64
942.000 64
944.000 64
946.000 64
948.000 64
950.000 64
952.000 64
954.000 64
956.000 64
958.000 64
960.000 64
962.000 64
964.000 64
966.000 64
968.000 64
970.000 64
972.000 64
974.000 64
976.000 64
978.000 64
980.000 64
982.000 64
984.000 64
986.000 64
988.000 64
990.000 64
992.000 64
994.000 64
996.000 64
998.000 64
1000.000 64
1002.000 64
1004.000 64
1006.000 64
1008.000 64
1010.000 64
1012.000 64
1014.000 64
1016.000 64
1018.000 64
1020.000 64
1022.000 64
1024.000 64
1026.000 64
1028.000 64
1030.000 64
1032.000 64
1034.000 64
1036.000 64
1038.000 64
1040.000 64
1042.000 64
1044.000 64
1046.000 64
1048.000 64
1050.000 64
1052.000 64
1054.000 64
1056.000 64
1058.000 64
1060.000 64
1062.000 64
1064.000 64
1066.000 64
1068.000 64
1070.000 64
1072.000 64
1074.000 64
1076.000 64
1078.000 64
1080.000 64
1082.000 64
1084.000 64
1086.000 64
1088.000 64
1090.000 64
1092.000 64
1094.000 64
1096.000 64
1098.000 64
1100.000 64
1102.000 64
1104.000 64
1106.000 64
1108.000 64
1110.000 64
1112.000 64
1114.000 64
1116.000 64
1118.000 64
1120.000 64
1122.000 64
1124.000 64
1126.000 64
1128.000 64
1130.000 64
1132.000 64
1134.000 64
1136.000 64
1138.000 64
1140.000 64
1142.000 64
1144.000 64
1146.000 64
1148.000 64
1150.000 64
1152.000 64
1154.000 64
1156.000 64
1158.000 64
1160.000 64
1162.000 64
1164.000 64
1166.000 64
1168.000 64
1170.000 64
1172.000 64
1174.000 64
1176.000 64
1178.000 64
1180.000 64
1182.000 64
1184.000 64
1186.000 64
1188.000 64
1190.000 64
1192.000 64
1194.000 64
1196.000 64
1198.000 64
1200.000 64
1202.000 64
1204.000 64
1206.000 64
1208.000 64
1210.000 64
1212.000 64
1214.000 64
1216.000 64
1218.000 64
1220.000 64
1222.000 64
1224.000 64
1226.000 64
1228.000 64
1230.000 64
1232.000 64
1234.000 64
1236.000 64
1238.000 64
1240.000 64
1242.000 64
1244.000 64
1246.000 64
1248.000 64
1250.000 64
1252.000 64
1254.000 64
1256.000 64
1258.000 64
1260.000 64
1262.000 64
1264.000 64
1266.000 64
1268.000 64
1270.000 64
1272.000 64
1274.000 64
1276.000 64
1278.000 64
1280.000 64
1282.000 64
1284.000 64
1286.000 64
1288.000 64
1290.000 64
1292.000 64
1294.000 64
1296.000 64
1298.000 64
1300.000 64
1302.000 64
1304.000 64
1306.000 64
1308.000 64
1310.000 64
1312.000 64
1314.000 64
1316.000 64
1318.000 64
1320.000 64
1322.000 64
1324.000 64
1326.000 64
1328.000 64
1330.000 64
1332.000 64
1334.000 64
1336.000 64
1338.000 64
1340.000 64
1342.000 64
1344.000 64
1346.000 64
1348.000 64
1350.000 64
1352.000 64
1354.000 64
1356.000 64
1358.000 64
1360.000 64
1362.000 64
1364.000 64
1366.000 64
1368.000 64
1370.000 64
1372.000 64
1374.000 64
1376.000 64
1378.000 64
1380.000 64
1382.000 64
1384.000 64
1386.000 64
1388.000 64
1390.000 64
1392.000 64
1394.000 64
1396.000 64
1398.000 64
1400.000 64
1402.000 64
1404.000 64
1406.000 64
1408.000 64
1410.000 64
1412.000 64
1414.000 64
1416.000 64
1418.000 64
1420.000 64
1422.000 64
1424.000 64
1426.000 64
1428.000 64
1430.000 64
1432.000 64
1434.000 64
1436.000 64
1438.000 64
1440.000 64
1442.000 64
1444.000 64
1446.000 64
1448.000 64
1450.000 64
1452.000 64
1454.000 64
1456.000 64
1458.000 64
1460.000 64
1462.000 64
1464.000 64
1466.000 64
1468.000 64
1470.000 64
1472.000 64
1474.000 64
1476.000 64
1478.000 64
1480.000 64
1482.000 64
1484.000 64
1486.000 64
1488.000 64
1490.000 64
1492.000 64
1494.000 64
1496.000 64
1498.000 64
1500.000 64
1502.000 64
1504.000 64
1506.000 64
1508.000 64
1510.000 64
1512.000 64
1514.000 64
1516.000 64
1518.000 64
1520.000 64
1522.000 64
1524.000 64
1526.000 64
1528.000 64
1530.000 64
1532.000 64
1534.000 64
1536.000 64
1538.000 64
1540.000 64
1542.000 64
1544.000 64
1546.000 64
1548.000 64
1550.000 64
1552.000 64
1554.000 64
1556.000 64
1558.000 64
1560.000 64
1562.000 64
1564.000 64
1566.000 64
1568.000 64
1570.000 64
1572.000 64
1574.000 64
1576.000 64
1578.000 64
1580.000 64
1582.000 64
1584.000 64
1586.000 64
1588.000 64
1590.000 64
1592.000 64
1594.000 64
1596.000 64
1598.000 64
1600.000 64
1602.000 64
1604.000 64
1606.000 64
1608.000 64
1610.000 64
1612.000 64
1614.000 64
1616.000 64
1618.000 64
1620.000 64
1622.000 64
1624.000 64
1626.000 64
1628.000 64
1630.000 64
1632.000 64
1634.000 64
1636.000 64
1638.000 64
1640.000 64
1642.000 64
1644.000 64
1646.000 64
1648.000 64
1650.000 64
1652.000 64
1654.000 64
1656.000 64
1658.000 64
1660.000 64
1662.000 64
1664.000 64
1666.000 64
1668.000 64
1670.000 64
1672.000 64
1674.000 64
1676.000 64
1678.000 64
1680.000 64
1682.000 64
1684.000 64
1686.000 64
1688.000 64
1690.000 64
1692.000 64
1694.000 64
1696.000 64
1698.000 64
1700.000 64
1702.000 64
1704.000 64
1706.000 64
1708.000 64
1710.000 64
1712.000 64
1714.000 64
1716.000 64
1718.000 64
1720.000 64
1722.000 64
1724.000 64
1726.000 64
1728.000 64
1730.000 64
1732.000 64
1734.000 64
1736.000 64
1738.000 64
1740.000 64
1742.000 64
1744.000 64
1746.000 64
1748.000 64
1750.000 64
1752.000 64
1754.000 64
1756.000 64
1758.000 64
1760.000 64
1762.000 64
1764.000 64
1766.000 64
1768.000 64
1770.000 64
1772.000 64
1774.000 64
1776.000 64
1778.000 64
1780.000 64
1782.000 64
1784.000 64
1786.000 64
1788.000 64
1790.000 64
1792.000 64
1794.000 64
1796.000 64
1798.000 64
1800.000 64
1802.000 64
1804.000 64
1806.000 64
1808.000 64
1810.000 64
1812.000 64
1814.000 64
1816.000 64
1818.000 64
1820.000 64
1822.000 64
1824.000 64
1826.000 64
1828.000 64
1830.000 64
1832.000 64
1834.000 64
1836.000 64
1838.000 64
1840.000 64
1842.000 64
1844.000 64
1846.000 64
1848.000 64
1850.000 64
1852.000 64
1854.000 64
1856.000 64
1858.000 64
1860.000 64
1862.000 64
1864.000 64
1866.000 64
1868.000 64
1870.000 64
1872.000 64
1874.000 64
1876.000 64
1878.000 64
1880.000 64
1882.000 64
1884.000 64
1886.000 64
1888.000 64
1890.000 64
1892.000 64
1894.000 64
1896.000 64
1898.000 64
1900.000 64
1902.000 64
1904.000 64
1906.000 64
1908.000 64
1910.000 64
1912.000 64
1914.000 64
1916.000 64
1918.000 64
1920.000 64
1922.000 64
1924.000 64
1926.000 64
1928.000 64
1930.000 64
1932.000 64
1934.000 64
1936.000 64
1938.000 64
1940.000 64
1942.000 64
1944.000 64
1946.000 64
1948.000 64
1950.000 64
1952.000 64
1954.000 64
1956.000 64
1958.000 64
1960.000 64
1962.000 64
1964.000 64
1966.000 64
1968.000 64
1970.000 64
1972.000 64
1974.000 64
1976.000 64
1978.000 64
1980.000 64
1982.000 64
1984.000 64
1986.000 64
1988.000 64
1990.000 64
1992.000 64
1994.000 64
1996.000 64
1998.000 64
2000.000 64
2002.000 64
2004.000 64
2006.000 64
2008.000 64
2010.000 64
2012.000 64
2014.000 64
2016.000 64
2018.000 64
2020.000 64
2022.000 64
2024.000 64
2026.000 64
2028.000 64
2030.000 64
2032.000 64
2034.000 64
2036.000 64
2038.000 64
2040.000 64
2042.000 64
2044.000 64
2046.000 64
2048.000 64
2050.000 64
2052.000 64
2054.000 64
2056.000 64
2058.000 64
2060.000 64
2062.000 64
2064.000 64
2066.000 64
2068.000 64
2070.000 64
2072.000 64
2074.000 64
2076.000 64
2078.000 64
2080.000 64
2082.000 64
2084.000 64
2086.000 64
2088.000 64
2090.000 64
2092.000 64
2094.000 64
2096.000 64
2098.000 64
2100.000 64
2102.000 64
2104.000 64
2106.000 64
2108.000 64
2110.000 64
2112.000 64
2114.000 64
2116.000 64
2118.000 64
2120.000 64
2122.000 64
2124.000 64
2126.000 64
2128.000 64
2130.000 64
2132.000 64
2134.000 64
2136.000 64
2138.000 64
2140.000 64
2142.000 64
2144.000 64
2146.000 64
2148.000 64
2150.000 64
2152.000 64
2154.000 64
2156.000 64
2158.000 64
2160.000 64
2162.000 64
2164.000 64
2166.000 64
2168.000 64
2170.000 64
2172.000 64
2174.000 64
2176.000 64
2178.000 64
2180.000 64
2182.000 64
2184.000 64
2186.000 64
2188.000 64
2190.000 64
2192.000 64
2194.000 64
2196.000 64
2198.000 64
2200.000 64
2202.000 64
2204.000 64
2206.000 64
2208.000 64
2210.000 64
2212.000 64
2214.000 64
2216.000 64
2218.000 64
2220.000 64
2222.000 64
2224.000 64
2226.000 64
2228.000 64
2230.000 64
2232.000 64
2234.000 64
2236.000 64
2238.000 64
2240.000 64
2242.000 64
2244.000 64
2246.000 64
2248.000 64
2250.000 64
2252.000 64
2254.000 64
2256.000 64
2258.000 64
2260.000 64
2262.000 64
2264.000 64
2266.000 64
2268.000 64
2270.000 64
2272.000 64
2274.000 64
2276.000 64
2278.000 64
2280.000 64
2282.000 64
2284.000 64
2286.000 64
2288.000 64
2290.000 64
2292.000 64
2294.000 64
2296.000 64
2298.000 64
2300.000 64
2302.000 64
2304.000 64
2306.000 64
2308.000 64
2310.000 64
2312.000 64
2314.000 64
2316.000 64
2318.000 64
2320.000 64
2322.000 64
2324.000 64
2326.000 64
2328.000 64
2330.000 64
2332.000 64
2334.000 64
2336.000 64
2338.000 64
2340.000 64
2342.000 64
2344.000 64
2346.000 64
2348.000 64
2350.000 64
2352.000 64
2354.000 64
2356.000 64
2358.000 64
2360.000 64
2362.000 64
2364.000 64
2366.000 64
2368.000 64
2370.000 64
2372.000 64
2374.000 64
2376.000 64
2378.000 64
2380.000 64
2382.000 64
2384.000 64
2386.000 64
2388.000 64
2390.000 64
2392.000 64
2394.000 64
2396.000 64
2398.000 64
2400.000 64
2402.000 64
2404.000 64
2406.000 64
2408.000 64
2410.000 64
2412.000 64
2414.000 64
2416.000 64
2418.000 64
2420.000 64
2422.000 64
2424.000 64
2426.000 64
2428.000 64
2430.000 64
2432.000 64
2434.000 64
2436.000 64
2438.000 64
2440.000 64
2442.000 64
2444.000 64
2446.000 64
2448.000 64
2450.000 64
2452.000 64
2454.000 64
2456.000 64
2458.000 64
2460.000 64
2462.000 64
2464.000 64
2466.000 64
2468.000 64
2470.000 64
2472.000 64
2474.000 64
2476.000 64
2478.000 64
2480.000 64
2482.000 64
2484.000 64
2486.000 64
2488.000 64
2490.000 64
2492.000 64
2494.000 64
2496.000 64
2498.000 64
2500.000 64
2502.000 64
2504.000 64
2506.000 64
2508.000 64
2510.000 64
2512.000 64
2514.000 64
2516.000 64
2518.000 64
2520.000 64
2522.000 64
2524.000 64
2526.000 64
2528.000 64
2530.000 64
2532.000 64
2534.000 64
2536.000 64
2538.000 64
2540.000 64
2542.000 64
2544.000 64
2546.000 64
2548.000 64
2550.000 64
2552.000 64
2554.000 64
2556.000 64
2558.000 64
2560.000 64
2562.000 64
2564.000 64
2566.000 64
2568.000 64
2570.000 64
2572.000 64
2574.000 64
2576.000 64
2578.000 64
2580.000 64
2582.000 64
2584.000 64
2586.000 64
2588.000 64
2590.000 64
2592.000 64
2594.000 64
2596.000 64
2598.000 64
2600.000 64
2602.000 64
2604.000 64
2606.000 64
2608.000 64
2610.000 64
2612.000 64
2614.000 64
2616.000 64
2618.000 64
2620.000 64
2622.000 64
2624.000 64
2626.000 64
2628.000 64
2630.000 64
2632.000 64
2634.000 64
2636.000 64
2638.000 64
2640.000 64
2642.000 64
2644.000 64
2646.000 64
2648.000 64
2650.000 64
2652.000 64
2654.000 64
2656.000 64
2658.000 64
2660.000 64
2662.000 64
2664.000 64
2666.000 64
2668.000 64
2670.000 64
2672.000 64
2674.000 64
2676.000 64
2678.000 64
2680.000 64
2682.000 64
2684.000 64
2686.000 64
2688.000 64
2690.000 64
2692.000 64
2694.000 64
2696.000 64
2698.000 64
2700.000 64
2702.000 64
2704.000 64
2706.000 64
2708.000 64
2710.000 64
2712.000 64
2714.000 64
2716.000 64
2718.000 64
2720.000 64
2722.000 64
2724.000 64
2726.000 64
2728.000 64
2730.000 64
2732.000 64
2734.000 64
2736.000 64
2738.000 64
2740.000 64
2742.000 64
2744.000 64
2746.000 64
2748.000 64
2750.000 64
2752.000 64
2754.000 64
2756.000 64
2758.000 64
2760.000 64
2762.000 64
2764.000 64
2766.000 64
2768.000 64
2770.000 64
2772.000 64
2774.000 64
2776.000 64
2778.000 64
2780.000 64
2782.000 64
2784.000 64
2786.000 64
2788.000 64
2790.000 64
2792.000 64
2794.000 64
2796.000 64
2798.000 64
2800.000 64
2802.000 64
2804.000 64
2806.000 64
2808.000 64
2810.000 64
2812.000 64
2814.000 64
2816.000 64
2818.000 64
2820.000 64
2822.000 64
2824.000 64
2826.000 64
2828.000 64
2830.000 64
2832.000 64
2834.000 64
2836.000 64
2838.000 64
2840.000 64
2842.000 64
2844.000 64
2846.000 64
2848.000 64
2850.000 64
2852.000 64
2854.000 64
2856.000 64
2858.000 64
2860.000 64
2862.000 64
2864.000 64
2866.000 64
2868.000 64
2870.000 64
2872.000 64
2874.000 64
2876.000 64
2878.000 64
2880.000 64
2882.000 64
2884.000 64
2886.000 64
2888.000 64
2890.000 64
2892.000 64
2894.000 64
2896.000 64
2898.000 64
2900.000 64
2902.000 64
2904.000 64
2906.000 64
2908.000 64
2910.000 64
2912.000 64
2914.000 64
2916.000 64
2918.000 64
2920.000 64
2922.000 64
2924.000 64
2926.000 64
2928.000 64
2930.000 64
2932.000 64
2934.000 64
2936.000 64
2938.000 64
2940.000 64
2942.000 64
2944.000 64
2946.000 64
2948.000 64
2950.000 64
2952.000 64
2954.000 64
2956.000 64
2958.000 64
2960.000 64
2962.000 64
2964.000 64
2966.000 64
2969.000 64
2970.000 64
2972.000 64
2974.000 64
2977.000 64
2979.000 64
2981.000 64
2983.000 64
2985.000 64
2987.000 64
2989.000 64
2991.000 64
2993.000 64
2995.000 64
2997.000 64
2999.000 64
3001.000 64
3003.000 64
3005.000 64
3007.000 64
3009.000 64
3011.000 64
3013.000 64
3015.000 64
3017.000 64
3019.000 64
3021.000 64
3023.000 64
3025.000 64
3027.000 64
3029.000 64
3031.000 64
3033.000 64
3035.000 64
3037.000 64
3039.000 64
3041.000 64
3043.000 64
3045.000 64
3047.000 64
3049.000 64
3051.000 64
3053.000 64
3055.000 64
3057.000 64
3059.000 64
3061.000 64
3063.000 64
3065.000 64
3067.000 64
3069.000 64
3071.000 64
3073.000 64
3075.000 64
3077.000 64
3079.000 64
3081.000 64
3083.000 64
3085.000 64
3087.000 64
3089.000 64
3091.000 64
3093.000 64
3095.000 64
3097.000 64
3099.000 64
3101.000 64
3103.000 64
3105.000 64
3107.000 64
3109.000 64
3111.000 64
3113.000 64
3115.000 64
3117.000 64
3119.000 64
3121.000 64
3123.000 64
3125.000 64
3127.000 64
3129.000 64
3131.000 64
3133.000 64
3135.000 64
3137.000 64
3139.000 64
3141.000 64
3143.000 64
3145.000 64
3147.000 64
3149.000 64
3151.000 64
3153.000 64
3155.000 64
3157.000 64
3159.000 64
3161.000 64
3163.000 64
3165.000 64
3167.000 64
3169.000 64
3171.000 64
3173.000 64
3175.000 64
3177.000 64
3179.000 64
3181.000 64
3183.000 64
3185.000 64
3187.000 64
3189.000 64
3191.000 64
3193.000 64
3195.000 64
3197.000 64
3199.000 64
3201.000 64
3203.000 64
3205.000 64
3207.000 64
3209.000 64
3211.000 64
3213.000 64
3215.000 64
3217.000 64
3219.000 64
3221.000 64
3223.000 64
3225.000 64
3227.000 64
3229.000 64
3231.000 64
3233.000 64
3235.000 64
3237.000 64
3239.000 64
3241.000 64
3243.000 64
3245.000 64
3247.000 64
3249.000 64
3251.000 64
3253.000 64
3255.000 64
3257.000 64
3259.000 64
3261.000 64
3263.000 64
3265.000 64
3267.000 64
3269.000 64
3271.000 64
3273.000 64
3275.000 64
3277.000 64
3279.000 64
3281.000 64
3283.000 64
3285.000 64
3287.000 64
3289.000 64
3291.000 64
3293.000 64
3295.000 64
3297.000 64
3299.000 64
3301.000 64
3303.000 64
3305.000 64
3307.000 64
3309.000 64
3311.000 64
3313.000 64
3315.000 64
3317.000 64
3319.000 64
3321.000 64
3323.000 64
3325.000 64
3327.000 64
3329.000 64
3331.000 64
3333.000 64
3335.000 64
3337.000 64
3339.000 64
3341.000 64
3343.000 64
3345.000 64
3347.000 64
3349.000 64
3351.000 64
3353.000 64
3355.000 64
3357.000 64
3359.000 64
3361.000 64
3363.000 64
3365.000 64
3367.000 64
3369.000 64
3371.000 64
3373.000 64
3375.000 64
3377.000 64
3379.000 64
3381.000 64
3383.000 64
3385.000 64
3387.000 64
3389.000 64
3391.000 64
3393.000 64
3395.000 64
3397.000 64
3399.000 64
3401.000 64
3403.000 64
3405.000 64
3407.000 64
3409.000 64
3411.000 64
3413.000 64
3415.000 64
3417.000 64
3419.000 64
3421.000 64
3423.000 64
3425.000 64
3427.000 64
3429.000 64
3431.000 64
3433.000 64
3435.000 64
3437.000 64
3439.000 64
3441.000 64
3443.000 64
3445.000 64
3447.000 64
3449.000 64
3451.000 64
3453.000 64
3455.000 64
3457.000 64
3459.000 64
3461.000 64
3463.000 64
3465.000 64
3467.000 64
3469.000 64
3471.000 64
3473.000 64
3475.000 64
3477.000 64
3479.000 64
3481.000 64
3483.000 64
3485.000 64
3487.000 64
3489.000 64
3491.000 64
3493.000 64
3495.000 64
3497.000 64
3499.000 64
3501.000 64
3503.000 64
3505.000 64
3507.000 64
3509.000 64
3511.000 64
3513.000 64
3515.000 64
3517.000 64
3519.000 64
3521.000 64
3523.000 64
3525.000 64
3527.000 64
3529.000 64
3531.000 64
3533.000 64
3535.000 64
3537.000 64
3539.000 64
3541.000 64
3543.000 64
3545.000 64
3547.000 64
3549.000 64
3551.000 64
3553.000 64
3555.000 64
3557.000 64
3559.000 64
3561.000 64
3563.000 64
3565.000 64
3567.000 64
3569.000 64
3571.000 64
3573.000 64
3575.000 64
3577.000 64
3579.000 64
3581.000 64
3583.000 64
3585.000 64
3587.000 64
3589.000 64
3591.000 64
3593.000 64
3595.000 64
3597.000 64
3599.000 64
3601.000 64
3603.000 64
3605.000 64
3607.000 64
3609.000 64
3611.000 64
3613.000 64
3615.000 64
3617.000 64
3619.000 64
3621.000 64
3623.000 64
3625.000 64
3627.000 64
3629.000 64
3631.000 64
3633.000 64
3635.000 64
3637.000 64
3639.000 64
3641.000 64
3643.000 64
3645.000 64
3647.000 64
3649.000 64
3651.000 64
3653.000 64
3655.000 64
3657.000 64
3659.000 64
3661.000 64
3663.000 64
3665.000 64
3667.000 64
3669.000 64
3671.000 64
3673.000 64
3675.000 64
3677.000 64
3679.000 64
3681.000 64
3683.000 64
3685.000 64
3687.000 64
3689.000 64
3691.000 64
3693.000 64
3695.000 64
3697.000 64
3699.000 64
3701.000 64
3703.000 64
3705.000 64
3707.000 64
3709.000 64
3711.000 64
3713.000 64
3715.000 64
3717.000 64
3719.000 64
3721.000 64
3723.000 64
3725.000 64
3727.000 64
3729.000 64
3731.000 64
3733.000 64
3735.000 64
3737.000 64
3739.000 64
3741.000 64
3743.000 64
3745.000 64
3747.000 64
3749.000 64
3751.000 64
3753.000 64
3755.000 64
3757.000 64
3759.000 64
3761.000 64
3763.000 64
3765.000 64
3767.000 64
3769.000 64
3771.000 64
3773.000 64
3775.000 64
3777.000 64
3779.000 64
3781.000 64
3783.000 64
3785.000 64
3787.000 64
3789.000 64
3791.000 64
3793.000 64
3795.000 64
3797.000 64
3799.000 64
3801.000 64
3803.000 64
3805.000 64
3807.000 64
3809.000 64
3811.000 64
3813.000 64
3815.000 64
3817.000 64
3819.000 64
3821.000 64
3823.000 64
3825.000 64
3827.000 64
3829.000 64
3831.000 64
3833.000 64
3835.000 64
3837.000 64
3839.000 64
3841.000 64
3843.000 64
3845.000 64
3847.000 64
3849.000 64
3851.000 64
3853.000 64
3855.000 64
3857.000 64
3859.000 64
3861.000 64
3863.000 64
3865.000 64
3867.000 64
3869.000 64
3871.000 64
3873.000 64
3875.000 64
3877.000 64
3879.000 64
3881.000 64
3883.000 64
3885.000 64
3887.000 64
3889.000 64
3891.000 64
3893.000 64
3895.000 64
3897.000 64
3899.000 64
3901.000 64
3903.000 64
3905.000 64
3907.000 64
3909.000 64
3911.000 64
3913.000 64
3915.000 64
3917.000 64
3919.000 64
3921.000 64
3923.000 64
3925.000 64
3927.000 64
3929.000 64
3931.000 64
3933.000 64
3935.000 64
3937.000 64
3939.000 64
3941.000 64
3943.000 64
3945.000 64
3947.000 64
3949.000 64
3951.000 64
3953.000 64
3955.000 64
3957.000 64
3959.000 64
3961.000 64
3963.000 64
3965.000 64
3967.000 64
3969.000 64
3971.000 64
3973.000 64
3975.000 64
3977.000 64
3979.000 64
3981.000 64
3983.000 64
3985.000 64
3987.000 64
3989.000 64
3991.000 64
3993.000 64
3995.000 64
3997.000 64
3999.000 64
4001.000 64
4003.000 64
4005.000 64
4007.000 64
4009.000 64
4011.000 64
4013.000 64
4015.000 64
4017.000 64
4019.000 64
4021.000 64
4023.000 64
4025.000 64
4027.000 64
4029.000 64
4031.000 64
4033.000 64
4035.000 64
4037.000 64
4039.000 64
4041.000 64
4043.000 64
4045.000 64
4047.000 64
4049.000 64
4051.000 64
4053.000 64
4055.000 64
4057.000 64
4059.000 64
4061.000 64
4063.000 64
4065.000 64
4067.000 64
4069.000 64
4071.000 64
4073.000 64
4075.000 64
4077.000 64
4079.000 64
4081.000 64
4083.000 64
4085.000 64
4087.000 64
4089.000 64
4091.000 64
4093.000 64
4095.000 64
4097.000 64
4099.000 64
4101.000 64
4103.000 64
4105.000 64
4107.000 64
4109.000 64
4111.000 64
4113.000 64
4115.000 64
4117.000 64
4119.000 64
4121.000 64
4123.000 64
4125.000 64
4127.000 64
4129.000 64
4131.000 64
4133.000 64
4135.000 64
4137.000 64
4139.000 64
4141.000 64
4143.000 64
4145.000 64
4147.000 64
4149.000 64
4151.000 64
4153.000 64
4155.000 64
4157.000 64
4159.000 64
4161.000 64
4163.000 64
4165.000 64
4167.000 64
4169.000 64
4171.000 64
4173.000 64
4175.000 64
4177.000 64
4179.000 64
4181.000 64
4183.000 64
4185.000 64
4187.000 64
4189.000 64
4191.000 64
4193.000 64
4195.000 64
4197.000 64
4199.000 64
4201.000 64
4203.000 64
4205.000 64
4207.000 64
4209.000 64
4211.000 64
4213.000 64
4215.000 64
4217.000 64
4219.000 64
4221.000 64
4223.000 64
4225.000 64
4227.000 64
4229.000 64
4231.000 64
4233.000 64
4235.000 64
4237.000 64
4239.000 64
4241.000 64
4243.000 64
4245.000 64
4247.000 64
4249.000 64
4251.000 64
4253.000 64
4255.000 64
4257.000 64
4259.000 64
4261.000 64
4263.000 64
4265.000 64
4267.000 64
4269.000 64
4271.000 64
4273.000 64
4275.000 64
4277.000 64
4279.000 64
4281.000 64
4283.000 64
4285.000 64
4287.000 64
4289.000 64
4291.000 64
4293.000 64
4295.000 64
4297.000 64
4299.000 64
4301.000 64
4303.000 64
4305.000 64
4307.000 64
4309.000 64
4311.000 64
4313.000 64
4315.000 64
4317.000 64
4319.000 64
4321.000 64
4323.000 64
4325.000 64
4327.000 64
4329.000 64
4331.000 64
4333.000 64
4335.000 64
4337.000 64
4339.000 64
4341.000 64
4343.000 64
4345.000 64
4347.000 64
4349.000 64
4351.000 64
4353.000 64
4355.000 64
4357.000 64
4359.000 64
4361.000 64
4363.000 64
4365.000 64
4367.000 64
4369.000 64
4371.000 64
4373.000 64
4375.000 64
4377.000 64
4379.000 64
4381.000 64
4383.000 64
4385.000 64
4387.000 64
4389.000 64
4391.000 64
4393.000 64
4395.000 64
4397.000 64
4399.000 64
4401.000 64
4403.000 64
4405.000 64
4407.000 64
4409.000 64
4411.000 64
4413.000 64
4415.000 64
4417.000 64
4419.000 64
4421.000 64
4423.000 64
4425.000 64
4427.000 64
4429.000 64
4431.000 64
4433.000 64
4435.000 64
4437.000 64
4439.000 64
4441.000 64
4443.000 64
4445.000 64
4447.000 64
4449.000 64
4451.000 64
4453.000 64
4455.000 64
4457.000 64
4459.000 64
4461.000 64
4463.000 64
4465.000 64
4467.000 64
4469.000 64
4471.000 64
4473.000 64
4475.000 64
4477.000 64
4479.000 64
4481.000 64
4483.000 64
4485.000 64
4487.000 64
4489.000 64
4491.000 64
4493.000 64
4495.000 64
4497.000 64
4499.000 64
4501.000 64
4503.000 64
4505.000 64
4507.000 64
4509.000 64
4511.000 64
4513.000 64
4515.000 64
4517.000 64
4519.000 64
4521.000 64
4523.000 64
4525.000 64
4527.000 64
4529.000 64
4531.000 64
4533.000 64
4535.000 64
4537.000 64
4539.000 64
4541.000 64
4543.000 64
4545.000 64
4547.000 64
4549.000 64
4551.000 64
4553.000 64
4555.000 64
4557.000 64
4559.000 64
4561.000 64
4563.000 64
4565.000 64
4567.000 64
4569.000 64
4571.000 64
4573.000 64
4575.000 64
4577.000 64
4579.000 64
4581.000 64
4583.000 64
4585.000 64
4587.000 64
4589.000 64
4591.000 64
4593.000 64
4595.000 64
4597.000 64
4599.000 64
4601.000 64
4603.000 64
4605.000 64
4607.000 64
4609.000 64
4611.000 64
4613.000 64
4615.000 64
4617.000 64
4619.000 64
4621.000 64
4623.000 64
4625.000 64
4627.000 64
4629.000 64
4631.000 64
4633.000 64
4635.000 64
4637.000 64
4639.000 64
4641.000 64
4643.000 64
4645.000 64
4647.000 64
4649.000 64
4651.000 64
4653.000 64
4655.000 64
4657.000 64
4659.000 64
4661.000 64
4663.000 64
4665.000 64
4667.000 64
4669.000 64
4671.000 64
4673.000 64
4675.000 64
4677.000 64
4679.000 64
4681.000 64
4683.000 64
4685.000 64
4687.000 64
4689.000 64
4691.000 64
4693.000 64
4695.000 64
4697.000 64
4699.000 64
4701.000 64
4703.000 64
4705.000 64
4707.000 64
4709.000 64
4711.000 64
4713.000 64
4715.000 64
4717.000 64
4719.000 64
4721.000 64
4723.000 64
4725.000 64
4727.000 64
4729.000 64
4731.000 64
4733.000 64
4735.000 64
4737.000 64
4739.000 64
4741.000 64
4743.000 64
4745.000 64
4747.000 64
4749.000 64
4751.000 64
4753.000 64
4755.000 64
4757.000 64
4759.000 64
4761.000 64
4763.000 64
4765.000 64
4767.000 64
4769.000 64
4771.000 64
4773.000 64
4775.000 64
4777.000 64
4779.000 64
4781.000 64
4783.000 64
4785.000 64
4787.000 64
4789.000 64
4791.000 64
4793.000 64
4795.000 64
4797.000 64
4799.000 64
4801.000 64
4803.000 64
4805.000 64
4807.000 64
4809.000 64
4811.000 64
4813.000 64
4815.000 64
4817.000 64
4819.000 64
4821.000 64
4823.000 64
4825.000 64
4827.000 64
4829.000 64
4831.000 64
4833.000 64
4835.000 64
4837.000 64
4839.000 64
4841.000 64
4843.000 64
4845.000 64
4847.000 64
4849.000 64
4851.000 64
4853.000 64
4855.000 64
4857.000 64
4859.000 64
4861.000 64
4863.000 64
4865.000 64
4867.000 64
4869.000 64
4871.000 64
4873.000 64
4875.000 64
4877.000 64
4879.000 64
4881.000 64
4883.000 64
4885.000 64
4887.000 64
4889.000 64
4891.000 64
4893.000 64
4895.000 64
4897.000 64
4899.000 64
4901.000 64
4903.000 64
4905.000 64
4907.000 64
4909.000 64
4911.000 64
4913.000 64
4915.000 64
4917.000 64
4919.000 64
4921.000 64
4923.000 64
4925.000 64
4927.000 64
4929.000 64
4931.000 64
4933.000 64
4935.000 64
4937.000 64
4939.000 64
4941.000 64
4943.000 64
4945.000 64
4947.000 64
4949.000 64
4951.000 64
4953.000 64
4955.000 64
4957.000 64
4959.000 64
4961.000 64
4963.000 64
4965.000 64
4967.000 64
4969.000 64
4971.000 64
4973.000 64
4975.000 64
4977.000 64
4979.000 64
4981.000 64
4983.000 64
4985.000 64
4987.000 64
4989.000 64
4991.000 64
4993.000 64
4995.000 64
4997.000 64
4999.000 64
5001.000 64
5003.000 64
5005.000 64
5007.000 64
5009.000 64
5011.000 64
5013.000 64
5015.000 64
5017.000 64
5019.000 64
5021.000 64
5023.000 64
5025.000 64
5027.000 64
5029.000 64
5031.000 64
5033.000 64
5035.000 64
5037.000 64
5039.000 64
5041.000 64
5043.000 64
5045.000 64
5047.000 64
5049.000 64
5051.000 64
5053.000 64
5055.000 64
5057.000 64
5059.000 64
5061.000 64
5063.000 64
5065.000 64
5067.000 64
5069.000 64
5071.000 64
5073.000 64
5075.000 64
5077.000 64
5079.000 64
5081.000 64
5083.000 64
5085.000 64
5087.000 64
5089.000 64
5091.000 64
5093.000 64
5095.000 64
5097.000 64
5099.000 64
5101.000 64
5103.000 64
5105.000 64
5107.000 64
5109.000 64
5111.000 64
5113.000 64
5115.000 64
5117.000 64
5119.000 64
5121.000 64
5123.000 64
5125.000 64
5127.000 64
5129.000 64
5131.000 64
5133.000 64
5135.000 64
5137.000 64
5139.000 64
5141.000 64
5143.000 64
5145.000 64
5147.000 64
5149.000 64
5151.000 64
5153.000 64
5155.000 64
5157.000 64
5159.000 64
5161.000 64
5163.000 64
5165.000 64
5167.000 64
5169.000 64
5171.000 64
5173.000 64
5175.000 64
5177.000 64
5179.000 64
5181.000 64
5183.000 64
5185.000 64
5187.000 64
5189.000 64
5191.000 64
5193.000 64
5195.000 64
5197.000 64
5199.000 64
5201.000 64
5203.000 64
5205.000 64
5207.000 64
5209.000 64
5211.000 64
5213.000 64
5215.000 64
5217.000 64
5219.000 64
5221.000 64
5223.000 64
5225.000 64
5227.000 64
5229.000 64
5231.000 64
5233.000 64
5235.000 64
5237.000 64
5239.000 64
5241.000 64
5243.000 64
5245.000 64
5247.000 64
5249.000 64
5251.000 64
5253.000 64
5255.000 64
5257.000 64
5259.000 64
5261.000 64
5263.000 64
5265.000 64
5267.000 64
5269.000 64
5271.000 64
5273.000 64
5275.000 64
5277.000 64
5279.000 64
5281.000 64
5283.000 64
5285.000 64
5287.000 64
5289.000 64
5291.000 64
5293.000 64
5295.000 64
5297.000 64
5299.000 64
5301.000 64
5303.000 64
5305.000 64
5307.000 64
5309.000 64
5311.000 64
5313.000 64
5315.000 64
5317.000 64
5319.000 64
5321.000 64
5323.000 64
5325.000 64
5327.000 64
5329.000 64
5331.000 64
5333.000 64
5335.000 64
5337.000 64
5339.000 64
5341.000 64
5343.000 64
5345.000 64
5347.000 64
5349.000 64
5351.000 64
5353.000 64
5355.000 64
5357.000 64
5359.000 64
5361.000 64
5363.000 64
5365.000 64
5367.000 64
5369.000 64
5371.000 64
5373.000 64
5375.000 64
5377.000 64
5379.000 64
5381.000 64
5383.000 64
5385.000 64
5387.000 64
5389.000 64
5391.000 64
5393.000 64
5395.000 64
5397.000 64
5399.000 64
5401.000 64
5403.000 64
5405.000 64
5407.000 64
5409.000 64
5411.000 64
5413.000 64
5415.000 64
5417.000 64
5419.000 64
5421.000 64
5423.000 64
5425.000 64
5427.000 64
5429.000 64
5431.000 64
5433.000 64
5435.000 64
5437.000 64
5439.000 64
5441.000 64
5443.000 64
5445.000 64
5447.000 64
5449.000 64
5451.000 64
5453.000 64
5455.000 64
5457.000 64
5459.000 64
5461.000 64
5463.000 64
5465.000 64
5467.000 64
5469.000 64
5471.000 64
5473.000 64
5475.000 64
5477.000 64
5479.000 64
5481.000 64
5483.000 64
5485.000 64
5487.000 64
5489.000 64
5491.000 64
5493.000 64
5495.000 64
5497.000 64
5499.000 64
5501.000 64
5503.000 64
5505.000 64
5507.000 64
5509.000 64
5511.000 64
5513.000 64
5515.000 64
5517.000 64
5519.000 64
5521.000 64
5523.000 64
5525.000 64
5527.000 64
5529.000 64
5531.000 64
5533.000 64
5535.000 64
5537.000 64
5539.000 64
5541.000 64
5543.000 64
5545.000 64
5547.000 64
5549.000 64
5551.000 64
5553.000 64
5555.000 64
5557.000 64
5559.000 64
5561.000 64
5563.000 64
5565.000 64
5567.000 64
5569.000 64
5571.000 64
5573.000 64
5575.000 64
5577.000 64
5579.000 64
5581.000 64
5583.000 64
5585.000 64
5587.000 64
5589.000 64
5591.000 64
5593.000 64
5595.000 64
5597.000 64
5599.000 64
5601.000 64
5603.000 64
5605.000 64
5607.000 64
5609.000 64
5611.000 64
5613.000 64
5615.000 64
5617.000 64
5619.000 64
5621.000 64
5623.000 64
5625.000 64
5627.000 64
5629.000 64
5631.000 64
5633.000 64
5635.000 64
5637.000 64
5639.000 64
5641.000 64
5643.000 64
5645.000 64
5647.000 64
5649.000 64
5651.000 64
5653.000 64
5655.000 64
5657.000 64
5659.000 64
5661.000 64
5663.000 64
5665.000 64
5667.000 64
5669.000 64
5671.000 64
5673.000 64
5675.000 64
5677.000 64
5679.000 64
5681.000 64
5683.000 64
5685.000 64
5687.000 64
5689.000 64
5691.000 64
5693.000 64
5695.000 64
5697.000 64
5699.000 64
5701.000 64
5703.000 64
5705.000 64
5707.000 64
5709.000 64
5711.000 64
5713.000 64
5715.000 64
5717.000 64
5719.000 64
5721.000 64
5723.000 64
5725.000 64
5727.000 64
5729.000 64
5731.000 64
5733.000 64
5735.000 64
5737.000 64
5739.000 64
5741.000 64
5743.000 64
5745.000 64
5747.000 64
5749.000 64
5751.000 64
5753.000 64
5755.000 64
5757.000 64
5759.000 64
5761.000 64
5763.000 64
5765.000 64
5767.000 64
5769.000 64
5771.000 64
5773.000 64
5775.000 64
5777.000 64
5779.000 64
5781.000 64
5783.000 64
5785.000 64
5787.000 64
5789.000 64
5791.000 64
5793.000 64
5795.000 64
5797.000 64
5799.000 64
5801.000 64
5803.000 64
5805.000 64
5807.000 64
5809.000 64
5811.000 64
5813.000 64
5815.000 64
5817.000 64
5819.000 64
5821.000 64
5823.000 64
5825.000 64
5827.000 64
5829.000 64
5831.000 64
5833.000 64
5835.000 64
5837.000 64
5839.000 64
5841.000 64
5843.000 64
5845.000 64
5847.000 64
5849.000 64
5851.000 64
5853.000 64
5855.000 64
5857.000 64
5859.000 64
5861.000 64
5863.000 64
5865.000 64
5867.000 64
5869.000 64
5871.000 64
5873.000 64
5875.000 64
5877.000 64
5879.000 64
5881.000 64
5883.000 64
5885.000 64
5887.000 64
5889.000 64
5891.000 64
5893.000 64
5895.000 64
5897.000 64
5899.000 64
5901.000 64
5903.000 64
5905.000 64
5907.000 64
5909.000 64
5911.000 64
5913.000 64
5915.000 64
5917.000 64
5919.000 64
5921.000 64
5923.000 64
5925.000 64
5927.000 64
5929.000 64
5931.000 64
5933.000 64
5935.000 64
5937.000 64
5939.000 64
5941.000 64
5943.000 64
5945.000 64
5947.000 64
5949.000 64
5951.000 64
5953.000 64
5955.000 64
5957.000 64
5959.000 64
5961.000 64
5963.000 64
5965.000 64
5967.000 64
5969.000 64
5971.000 64
5973.000 64
5975.000 64
5977.000 64
5979.000 64
5981.000 64
5983.000 64
5985.000 64
5987.000 64
5989.000 64
5991.000 64
5993.000 64
5995.000 64
5997.000 64
5999.000 64
6001.000 64
6003.000 64
6005.000 64
6007.000 64
6009.000 64
6011.000 64
6013.000 64
6015.000 64
6017.000 64
6019.000 64
6021.000 64
6023.000 64
6025.000 64
6027.000 64
6029.000 64
6031.000 64
6033.000 64
6035.000 64
6037.000 64
6039.000 64
6041.000 64
6043.000 64
6045.000 64
6047.000 64
6049.000 64
6051.000 64
6053.000 64
6055.000 64
6057.000 64
6059.000 64
6061.000 64
6063.000 64
6065.000 64
6067.000 64
6069.000 64
6071.000 64
6073.000 64
6075.000 64
6077.000 64
6079.000 64
6081.000 64
6083.000 64
6085.000 64
6087.000 64
6089.000 64
6091.000 64
6093.000 64
6095.000 64
6097.000 64
6099.000 64
6101.000 64
6103.000 64
6105.000 64
6107.000 64
6109.000 64
6111.000 64
6113.000 64
6115.000 64
6117.000 64
6119.000 64
6121.000 64
6123.000 64
6125.000 64
6127.000 64
6129.000 64
6131.000 64
6133.000 64
6135.000 64
6137.000 64
6139.000 64
6141.000 64
6143.000 64
6145.000 64
6147.000 64
6149.000 64
6151.000 64
6153.000 64
6155.000 64
6157.000 64
6159.000 64
6161.000 64
6163.000 64
6165.000 64
6167.000 64
6169.000 64
6171.000 64
6173.000 64
6175.000 64
6177.000 64
6179.000 64
6181.000 64
6183.000 64
6185.000 64
6187.000 64
6189.000 64
6191.000 64
6193.000 64
6195.000 64
6197.000 64
6199.000 64
6201.000 64
6203.000 64
6205.000 64
6207.000 64
6209.000 64
6211.000 64
6213.000 64
6215.000 64
6217.000 64
6219.000 64
6221.000 64
6223.000 64
6225.000 64
6227.000 64
6229.000 64
6231.000 64
6233.000 64
6235.000 64
6237.000 64
6239.000 64
6241.000 64
6243.000 64
6245.000 64
6247.000 64
6249.000 64
6251.000 64
6253.000 64
6255.000 64
6257.000 64
6259.000 64
6261.000 64
6263.000 64
6265.000 64
6267.000 64
6269.000 64
6271.000 64
6273.000 64
6275.000 64
6277.000 64
6279.000 64
6281.000 64
6283.000 64
6285.000 64
6287.000 64
6289.000 64
6291.000 64
6293.000 64
6295.000 64
6297.000 64
6299.000 64
6301.000 64
6303.000 64
6305.000 64
6307.000 64
6309.000 64
6311.000 64
6313.000 64
6315.000 64
6317.000 64
6319.000 64
6321.000 64
6323.000 64
6325.000 64
6327.000 64
6329.000 64
6331.000 64
6333.000 64
6335.000 64
6337.000 64
6339.000 64
6341.000 64
6343.000 64
6345.000 64
6347.000 64
6349.000 64
6351.000 64
6353.000 64
6355.000 64
6357.000 64
6359.000 64
6361.000 64
6363.000 64
6365.000 64
6367.000 64
6369.000 64
6371.000 64
6373.000 64
6375.000 64
6377.000 64
6379.000 64
6381.000 64
6383.000 64
6385.000 64
6387.000 64
6389.000 64
6391.000 64
6393.000 64
6395.000 64
6397.000 64
6399.000 64
6401.000 64
6403.000 64
6405.000 64
6407.000 64
6409.000 64
6411.000 64
6413.000 64
6415.000 64
6417.000 64
6419.000 64
6421.000 64
6423.000 64
6425.000 64
6427.000 64
6429.000 64
6431.000 64
6433.000 64
6435.000 64
6437.000 64
6439.000 64
6441.000 64
6443.000 64
6445.000 64
6447.000 64
6449.000 64
6451.000 64
6453.000 64
6455.000 64
6457.000 64
6459.000 64
6461.000 64
6463.000 64
6465.000 64
6467.000 64
6469.000 64
6471.000 64
6473.000 64
6475.000 64
6477.000 64
6479.000 64
6481.000 64
6483.000 64
6485.000 64
6487.000 64
6489.000 64
6491.000 64
6493.000 64
6495.000 64
6497.000 64
6499.000 64
6501.000 64
6503.000 64
6505.000 64
6507.000 64
6509.000 64
6511.000 64
6513.000 64
6515.000 64
6517.000 64
6519.000 64
6521.000 64
6523.000 64
6525.000 64
6527.000 64
6529.000 64
6531.000 64
6533.000 64
6535.000 64
6537.000 64
6539.000 64
6541.000 64
6543.000 64
6545.000 64
6547.000 64
6549.000 64
6551.000 64
6553.000 64
6555.000 64
6557.000 64
6559.000 64
6561.000 64
6563.000 64
6565.000 64
6567.000 64
6569.000 64
6571.000 64
6573.000 64
6575.000 64
6577.000 64
6579.000 64
6581.000 64
6583.000 64
6585.000 64
6587.000 64
6589.000 64
6591.000 64
6593.000 64
6595.000 64
6597.000 64
6599.000 64
6601.000 64
6603.000 64
6605.000 64
6607.000 64
6609.000 64
6611.000 64
6613.000 64
6615.000 64
6617.000 64
6619.000 64
6621.000 64
6623.000 64
6625.000 64
6627.000 64
6629.000 64
6631.000 64
6633.000 64
6635.000 64
6637.000 64
6639.000 64
6641.000 64
6643.000 64
6645.000 64
6647.000 64
6649.000 64
6651.000 64
6653.000 64
6655.000 64
6657.000 64
6659.000 64
6661.000 64
6663.000 64
6665.000 64
6667.000 64
6669.000 64
6671.000 64
6673.000 64
6675.000 64
6677.000 64
6679.000 64
6681.000 64
6683.000 64
6685.000 64
6687.000 64
6689.000 64
6691.000 64
6693.000 64
6695.000 64
6697.000 64
6699.000 64
6701.000 64
6703.000 64
6705.000 64
6707.000 64
6709.000 64
6711.000 64
6713.000 64
6715.000 64
6717.000 64
6719.000 64
6721.000 64
6723.000 64
6725.000 64
6727.000 64
6729.000 64
6731.000 64
6733.000 64
6735.000 64
6737.000 64
6739.000 64
6741.000 64
6743.000 64
6745.000 64
6747.000 64
6749.000 64
6751.000 64
6753.000 64
6755.000 64
6758.000 64
6759.000 64
6761.000 64
6763.000 64
6765.000 64
6768.000 64
6770.000 64
6772.000 64
6774.000 64
6776.000 64
6778.000 64
6780.000 64
6782.000 64
6784.000 64
6786.000 64
6788.000 64
6790.000 64
6792.000 64
6794.000 64
6796.000 64
6798.000 64
6800.000 64
6802.000 64
6804.000 64
6806.000 64
6808.000 64
6810.000 64
6812.000 64
6814.000 64
6816.000 64
6818.000 64
6820.000 64
6822.000 64
6824.000 64
6826.000 64
6828.000 64
6830.000 64
6832.000 64
6834.000 64
6836.000 64
6838.000 64
6840.000 64
6842.000 64
6844.000 64
6846.000 64
6848.000 64
6850.000 64
6852.000 64
6854.000 64
6856.000 64
6858.000 64
6860.000 64
6862.000 64
6864.000 64
6866.000 64
6868.000 64
6870.000 64
6872.000 64
6874.000 64
6876.000 64
6878.000 64
6880.000 64
6882.000 64
6884.000 64
6886.000 64
6888.000 64
6890.000 64
6892.000 64
6894.000 64
6896.000 64
6898.000 64
6900.000 64
6902.000 64
6904.000 64
6906.000 64
6908.000 64
6910.000 64
6912.000 64
6914.000 64
6916.000 64
6918.000 64
6920.000 64
6922.000 64
6924.000 64
6926.000 64
6928.000 64
6930.000 64
6932.000 64
6934.000 64
6936.000 64
6938.000 64
6940.000 64
6942.000 64
6944.000 64
6946.000 64
6948.000 64
6950.000 64
6952.000 64
6954.000 64
6956.000 64
6958.000 64
6960.000 64
6962.000 64
6964.000 64
6966.000 64
6968.000 64
6970.000 64
6972.000 64
6974.000 64
6976.000 64
6978.000 64
6980.000 64
6982.000 64
6984.000 64
6986.000 64
6988.000 64
6990.000 64
6992.000 64
6994.000 64
6996.000 64
6998.000 64
7000.000 64
7002.000 64
7004.000 64
7006.000 64
7008.000 64
7010.000 64
7012.000 64
7014.000 64
7016.000 64
7018.000 64
7020.000 64
7022.000 64
7024.000 64
7026.000 64
7028.000 64
7030.000 64
7032.000 64
7034.000 64
7036.000 64
7038.000 64
7040.000 64
7042.000 64
7044.000 64
7046.000 64
7048.000 64
7050.000 64
7052.000 64
7054.000 64
7056.000 64
7058.000 64
7060.000 64
7062.000 64
7064.000 64
7066.000 64
7068.000 64
7070.000 64
7072.000 64
7074.000 64
7076.000 64
7078.000 64
7080.000 64
7082.000 64
7084.000 64
7086.000 64
7088.000 64
7090.000 64
7092.000 64
7094.000 64
7096.000 64
7098.000 64
7100.000 64
7102.000 64
7104.000 64
7106.000 64
7108.000 64
7110.000 64
7112.000 64
7114.000 64
7116.000 64
7118.000 64
7120.000 64
7122.000 64
7124.000 64
7126.000 64
7128.000 64
7130.000 64
7132.000 64
7134.000 64
7136.000 64
7138.000 64
7140.000 64
7142.000 64
7144.000 64
7146.000 64
7148.000 64
7150.000 64
7152.000 64
7154.000 64
7156.000 64
7158.000 64
7160.000 64
7162.000 64
7164.000 64
7166.000 64
7168.000 64
7170.000 64
7172.000 64
7174.000 64
7176.000 64
7178.000 64
7180.000 64
7182.000 64
7184.000 64
7186.000 64
7188.000 64
7190.000 64
7192.000 64
7194.000 64
7196.000 64
7198.000 64
7200.000 64
7202.000 64
7204.000 64
7206.000 64
7208.000 64
7210.000 64
7212.000 64
7214.000 64
7216.000 64
7218.000 64
7220.000 64
7222.000 64
7224.000 64
7226.000 64
7228.000 64
7230.000 64
7232.000 64
7234.000 64
7236.000 64
7238.000 64
7240.000 64
7242.000 64
7244.000 64
7246.000 64
7248.000 64
7250.000 64
7252.000 64
7254.000 64
7256.000 64
7258.000 64
7260.000 64
7262.000 64
7264.000 64
7266.000 64
7268.000 64
7270.000 64
7272.000 64
7274.000 64
7276.000 64
7278.000 64
7280.000 64
7282.000 64
7284.000 64
7286.000 64
7288.000 64
7290.000 64
7292.000 64
7294.000 64
7296.000 64
7298.000 64
7300.000 64
7302.000 64
7304.000 64
7306.000 64
7308.000 64
7310.000 64
7312.000 64
7314.000 64
7316.000 64
7318.000 64
7320.000 64
7322.000 64
7324.000 64
7326.000 64
7328.000 64
7330.000 64
7332.000 64
7334.000 64
7336.000 64
7338.000 64
7340.000 64
7342.000 64
7344.000 64
7346.000 64
7348.000 64
7350.000 64
7352.000 64
7354.000 64
7356.000 64
7358.000 64
7360.000 64
7362.000 64
7364.000 64
7366.000 64
7368.000 64
7370.000 64
7372.000 64
7374.000 64
7376.000 64
7378.000 64
7380.000 64
7382.000 64
7384.000 64
7386.000 64
7388.000 64
7390.000 64
7392.000 64
7394.000 64
7396.000 64
7398.000 64
7400.000 64
7402.000 64
7404.000 64
7406.000 64
7408.000 64
7410.000 64
7412.000 64
7414.000 64
7416.000 64
7418.000 64
7420.000 64
7422.000 64
7424.000 64
7426.000 64
7428.000 64
7430.000 64
7432.000 64
7434.000 64
7436.000 64
7438.000 64
7440.000 64
7442.000 64
7444.000 64
7446.000 64
7448.000 64
7450.000 64
7452.000 64
7454.000 64
7456.000 64
7458.000 64
7460.000 64
7462.000 64
7464.000 64
7466.000 64
7468.000 64
7470.000 64
7472.000 64
7474.000 64
7476.000 64
7478.000 64
7480.000 64
7482.000 64
7484.000 64
7486.000 64
7488.000 64
7490.000 64
7492.000 64
7494.000 64
7496.000 64
7498.000 64
7500.000 64
7502.000 64
7504.000 64
7506.000 64
7508.000 64
7510.000 64
7512.000 64
7514.000 64
7516.000 64
7518.000 64
7520.000 64
7522.000 64
7524.000 64
7526.000 64
7528.000 64
7530.000 64
7532.000 64
7534.000 64
7536.000 64
7538.000 64
7540.000 64
7542.000 64
7544.000 64
7546.000 64
7548.000 64
7550.000 64
7552.000 64
7554.000 64
7556.000 64
7558.000 64
7560.000 64
7562.000 64
7564.000 64
7566.000 64
7568.000 64
7570.000 64
7572.000 64
7574.000 64
7576.000 64
7578.000 64
7580.000 64
7582.000 64
7584.000 64
7586.000 64
7588.000 64
7590.000 64
7592.000 64
7594.000 64
7596.000 64
7598.000 64
7600.000 64
7602.000 64
7604.000 64
7606.000 64
7608.000 64
7610.000 64
7612.000 64
7614.000 64
7616.000 64
7618.000 64
7620.000 64
7622.000 64
7624.000 64
7626.000 64
7628.000 64
7630.000 64
7632.000 64
7634.000 64
7636.000 64
7638.000 64
7640.000 64
7642.000 64
7644.000 64
7646.000 64
7648.000 64
7650.000 64
7652.000 64
7654.000 64
7656.000 64
7658.000 64
7660.000 64
7662.000 64
7664.000 64
7666.000 64
7668.000 64
7670.000 64
7672.000 64
7674.000 64
7676.000 64
7678.000 64
7680.000 64
7682.000 64
7684.000 64
7686.000 64
7688.000 64
7690.000 64
7692.000 64
7694.000 64
7696.000 64
7698.000 64
7700.000 64
7702.000 64
7704.000 64
7706.000 64
7708.000 64
7710.000 64
7712.000 64
7714.000 64
7716.000 64
7718.000 64
7720.000 64
7722.000 64
7724.000 64
7726.000 64
7728.000 64
7730.000 64
7732.000 64
7734.000 64
7736.000 64
7738.000 64
7740.000 64
7742.000 64
7744.000 64
7746.000 64
7748.000 64
7750.000 64
7752.000 64
7754.000 64
7756.000 64
7758.000 64
7760.000 64
7762.000 64
7764.000 64
7766.000 64
7768.000 64
7770.000 64
7772.000 64
7774.000 64
7776.000 64
7778.000 64
7780.000 64
7782.000 64
7784.000 64
7786.000 64
7788.000 64
7790.000 64
7792.000 64
7794.000 64
7796.000 64
7798.000 64
7800.000 64
7802.000 64
7804.000 64
7806.000 64
7808.000 64
7810.000 64
7812.000 64
7814.000 64
7816.000 64
7818.000 64
7820.000 64
7822.000 64
7824.000 64
7826.000 64
7828.000 64
7830.000 64
7832.000 64
7834.000 64
7836.000 64
7838.000 64
7840.000 64
7842.000 64
7844.000 64
7846.000 64
7848.000 64
7850.000 64
7852.000 64
7854.000 64
7856.000 64
7858.000 64
7860.000 64
7862.000 64
7864.000 64
7866.000 64
7868.000 64
7870.000 64
7872.000 64
7874.000 64
7876.000 64
7878.000 64
7880.000 64
7882.000 64
7884.000 64
7886.000 64
7888.000 64
7890.000 64
7892.000 64
7894.000 64
7896.000 64
7898.000 64
7900.000 64
7902.000 64
7904.000 64
7906.000 64
7908.000 64
7910.000 64
7912.000 64
7914.000 64
7916.000 64
7918.000 64
7920.000 64
7922.000 64
7924.000 64
7926.000 64
7928.000 64
7930.000 64
7932.000 64
7934.000 64
7936.000 64
7938.000 64
7940.000 64
7942.000 64
7944.000 64
7946.000 64
7948.000 64
7950.000 64
7952.000 64
7954.000 64
7956.000 64
7958.000 64
7960.000 64
7962.000 64
7964.000 64
7966.000 64
7968.000 64
7970.000 64
7972.000 64
7974.000 64
7976.000 64
7978.000 64
7980.000 64
7982.000 64
7984.000 64
7986.000 64
7988.000 64
7990.000 64
7992.000 64
7994.000 64
7996.000 64
7998.000 64
8000.000 64
8002.000 64
8004.000 64
8006.000 64
8008.000 64
8010.000 64
8012.000 64
8014.000 64
8016.000 64
8018.000 64
8020.000 64
8022.000 64
8024.000 64
8026.000 64
8028.000 64
8030.000 64
8032.000 64
8034.000 64
8036.000 64
8038.000 64
8040.000 64
8042.000 64
8044.000 64
8046.000 64
8048.000 64
8050.000 64
8052.000 64
8054.000 64
8056.000 64
8058.000 64
8060.000 64
8062.000 64
8064.000 64
8066.000 64
8068.000 64
8070.000 64
8072.000 64
8074.000 64
8076.000 64
8078.000 64
8080.000 64
8082.000 64
8084.000 64
8086.000 64
8088.000 64
8090.000 64
8092.000 64
8094.000 64
8096.000 64
8098.000 64
8100.000 64
8102.000 64
8104.000 64
8106.000 64
8108.000 64
8110.000 64
8112.000 64
8114.000 64
8116.000 64
8118.000 64
8120.000 64
8122.000 64
8124.000 64
8126.000 64
8128.000 64
8130.000 64
8132.000 64
8134.000 64
8136.000 64
8138.000 64
8140.000 64
8142.000 64
8144.000 64
8146.000 64
8148.000 64
8150.000 64
8152.000 64
8154.000 64
8156.000 64
8158.000 64
8160.000 64
8162.000 64
8164.000 64
8166.000 64
8168.000 64
8170.000 64
8172.000 64
8174.000 64
8176.000 64
8178.000 64
8180.000 64
8182.000 64
8184.000 64
8186.000 64
8188.000 64
8190.000 64
8192.000 64
8194.000 64
8196.000 64
8198.000 64
8200.000 64
8202.000 64
8204.000 64
8206.000 64
8208.000 64
8210.000 64
8212.000 64
8214.000 64
8216.000 64
8218.000 64
8220.000 64
8222.000 64
8224.000 64
8226.000 64
8228.000 64
8230.000 64
8232.000 64
8234.000 64
8236.000 64
8238.000 64
8240.000 64
8242.000 64
8244.000 64
8246.000 64
8248.000 64
8250.000 64
8252.000 64
8254.000 64
8256.000 64
8258.000 64
8260.000 64
8262.000 64
8264.000 64
8266.000 64
8268.000 64
8270.000 64
8272.000 64
8274.000 64
8276.000 64
8278.000 64
8280.000 64
8282.000 64
8284.000 64
8286.000 64
8288.000 64
8290.000 64
8292.000 64
8294.000 64
8296.000 64
8298.000 64
8300.000 64
8302.000 64
8304.000 64
8306.000 64
8308.000 64
8310.000 64
8312.000 64
8314.000 64
8316.000 64
8318.000 64
8320.000 64
8322.000 64
8324.000 64
8326.000 64
8328.000 64
8330.000 64
8332.000 64
8334.000 64
8336.000 64
8338.000 64
8340.000 64
8342.000 64
8344.000 64
8346.000 64
8348.000 64
8350.000 64
8352.000 64
8354.000 64
8356.000 64
8358.000 64
8360.000 64
8362.000 64
8364.000 64
8366.000 64
8368.000 64
8370.000 64
8372.000 64
8374.000 64
8376.000 64
8378.000 64
8380.000 64
8382.000 64
8384.000 64
8386.000 64
8388.000 64
8390.000 64
8392.000 64
8394.000 64
8396.000 64
8398.000 64
8400.000 64
8402.000 64
8404.000 64
8406.000 64
8408.000 64
8410.000 64
8412.000 64
8414.000 64
8416.000 64
8418.000 64
8420.000 64
8422.000 64
8424.000 64
8426.000 64
8428.000 64
8430.000 64
8432.000 64
8434.000 64
8436.000 64
8438.000 64
8440.000 64
8442.000 64
8444.000 64
8445.000 160
