# Slice: URLLC | 10.215.173.1:49004 -> 112.217.128.203:15805 (UDP)
# offset_sec  packet_size_bytes
0.000 192
1.000 192
2.000 8956
3.000 13700
4.000 13700
5.000 13700
6.000 13700
7.000 13700
8.000 13700
9.000 13563
10.000 13837
11.000 13700
12.000 13426
13.000 13974
14.000 13700
15.000 13700
16.000 13426
17.000 13974
18.000 13700
19.000 13700
20.000 13700
21.000 13426
22.000 13974
23.000 13563
24.000 13563
25.000 13974
26.000 13700
27.000 13426
28.000 13974
29.000 13426
30.000 13837
31.000 13837
32.000 13700
33.000 13426
34.000 13974
35.000 13700
36.000 13700
37.000 13700
38.000 13426
39.000 13837
40.000 13837
41.000 13563
42.000 13837
43.000 13700
44.000 13700
45.000 13426
46.000 13974
47.000 13700
48.000 13563
49.000 13837
50.000 13700
51.000 13426
52.000 13974
53.000 13700
54.000 13563
55.000 13837
56.000 13700
57.000 13700
58.000 13700
59.000 13700
60.000 13426
61.000 13974
62.000 13700
63.000 13426
64.000 13974
65.000 13700
66.000 13563
67.000 13837
68.000 13700
69.000 13700
70.000 13700
71.000 13700
72.000 13700
73.000 13426
74.000 13700
75.000 13974
76.000 13700
77.000 13700
78.000 13426
79.000 13974
80.000 13700
81.000 13700
82.000 13700
83.000 13563
84.000 13700
85.000 13837
86.000 13700
87.000 13700
88.000 13426
89.000 13974
90.000 13700
91.000 13700
92.000 13700
93.000 13700
94.000 13700
95.000 13700
96.000 13700
97.000 13700
98.000 13700
99.000 13700
100.000 13700
101.000 13700
102.000 13426
103.000 13974
104.000 13700
105.000 13700
106.000 13700
107.000 13426
108.000 13974
109.000 13700
110.000 13700
111.000 13700
112.000 13700
113.000 13700
114.000 13426
115.000 13974
116.000 13426
117.000 13974
118.000 13700
119.000 13700
120.000 13563
121.000 13837
122.000 13700
123.000 13700
124.000 13700
125.000 13700
126.000 13426
127.000 13974
128.000 13700
129.000 13426
130.000 13974
131.000 13700
132.000 13426
133.000 13974
134.000 13700
135.000 13426
136.000 13974
137.000 13700
138.000 13426
139.000 13974
140.000 13700
141.000 13563
142.000 13837
143.000 13700
144.000 13700
145.000 13700
146.000 13426
147.000 13974
148.000 13700
149.000 13700
150.000 13563
151.000 13837
152.000 13700
153.000 13700
154.000 13700
155.000 13700
156.000 13563
157.000 13837
158.000 13700
159.000 13700
160.000 13700
161.000 13700
162.000 13700
163.000 13700
164.000 13700
165.000 13700
166.000 13700
167.000 13700
168.000 13563
169.000 13837
170.000 13426
171.000 13974
172.000 13700
173.000 13700
174.000 13563
175.000 13837
176.000 13700
177.000 13563
178.000 13837
179.000 13700
180.000 13700
181.000 13700
182.000 13700
183.000 13700
184.000 13700
185.000 13700
186.000 13426
187.000 13974
188.000 13700
189.000 13700
190.000 13700
191.000 13426
192.000 13700
193.000 13974
194.000 13700
195.000 13426
196.000 13974
197.000 13700
198.000 13700
199.000 13700
200.000 13700
201.000 13426
202.000 13974
203.000 13700
204.000 13700
205.000 13700
206.000 13700
207.000 13700
208.000 13700
209.000 13700
210.000 13700
211.000 13426
212.000 13974
213.000 13700
214.000 13700
215.000 13700
216.000 13700
217.000 13700
218.000 13700
219.000 13563
220.000 13837
221.000 13700
222.000 13700
223.000 13700
224.000 13563
225.000 13837
226.000 13700
227.000 13700
228.000 13700
229.000 13700
230.000 13700
231.000 13426
232.000 13974
233.000 13426
234.000 13837
235.000 13837
236.000 13700
237.000 13426
238.000 13837
239.000 13837
240.000 13426
241.000 13974
242.000 13426
243.000 13974
244.000 13700
245.000 13700
246.000 13700
247.000 13426
248.000 13974
249.000 13700
250.000 13700
251.000 13700
252.000 13700
253.000 13700
254.000 13700
255.000 13700
256.000 13700
257.000 13700
258.000 13700
259.000 13700
260.000 13700
261.000 13700
262.000 13426
263.000 13974
264.000 13700
265.000 13700
266.000 13700
267.000 13700
268.000 13700
269.000 13700
270.000 13700
271.000 13700
272.000 13700
273.000 13700
274.000 13700
275.000 13700
276.000 13700
277.000 13700
278.000 13700
279.000 13700
280.000 13700
281.000 13700
282.000 13700
283.000 13700
284.000 13700
285.000 13426
286.000 13974
287.000 13700
288.000 13700
289.000 13700
290.000 13700
291.000 13700
292.000 13700
293.000 13700
294.000 13700
295.000 13700
296.000 13700
297.000 13700
298.000 13700
299.000 13700
300.000 13700
301.000 13700
302.000 13700
303.000 13700
304.000 13700
305.000 13700
306.000 13700
307.000 13700
308.000 13700
309.000 13700
310.000 13700
311.000 13426
312.000 13974
313.000 13700
314.000 13700
315.000 13563
316.000 13837
317.000 13700
318.000 13700
319.000 13700
320.000 13563
321.000 13837
322.000 13700
323.000 13700
324.000 13700
325.000 13700
326.000 13700
327.000 13426
328.000 13974
329.000 13700
330.000 13700
331.000 13563
332.000 13837
333.000 13563
334.000 13837
335.000 13700
336.000 13700
337.000 13700
338.000 13700
339.000 13426
340.000 13974
341.000 13700
342.000 13700
343.000 13563
344.000 13837
345.000 13700
346.000 13700
347.000 13700
348.000 13700
349.000 13426
350.000 13974
351.000 13700
352.000 13700
353.000 13700
354.000 13700
355.000 13700
356.000 13700
357.000 13700
358.000 13700
359.000 13700
360.000 13563
361.000 13837
362.000 13700
363.000 13700
364.000 13700
365.000 13700
366.000 13700
367.000 13426
368.000 13974
369.000 13700
370.000 13700
371.000 13700
372.000 13700
373.000 13700
374.000 13700
375.000 13700
376.000 13700
377.000 13700
378.000 13700
379.000 13700
380.000 13426
381.000 13974
382.000 13700
383.000 13700
384.000 13700
385.000 13700
386.000 13700
387.000 13700
388.000 13700
389.000 13700
390.000 13700
391.000 13426
392.000 13974
393.000 13700
394.000 13700
395.000 13700
396.000 13700
397.000 13563
398.000 13837
399.000 13700
400.000 13700
401.000 13700
402.000 13700
403.000 13700
404.000 13700
405.000 13700
406.000 13700
407.000 13700
408.000 13700
409.000 13700
410.000 13700
411.000 13700
412.000 13700
413.000 13700
414.000 13700
415.000 13700
416.000 13700
417.000 13700
418.000 13700
419.000 13700
420.000 13700
421.000 13700
422.000 13700
423.000 13700
424.000 13700
425.000 13700
426.000 13700
427.000 13700
428.000 13700
429.000 13426
430.000 13974
431.000 13700
432.000 13563
433.000 13837
434.000 13700
435.000 13700
436.000 13700
437.000 13700
438.000 13700
439.000 13700
440.000 13700
441.000 13700
442.000 13700
443.000 13563
444.000 13837
445.000 13700
446.000 13700
447.000 13700
448.000 13700
449.000 13700
450.000 13700
451.000 13700
452.000 13700
453.000 13700
454.000 13700
455.000 13426
456.000 13974
457.000 13700
458.000 13700
459.000 13700
460.000 13700
461.000 13700
462.000 13700
463.000 13700
464.000 13700
465.000 13700
466.000 13700
467.000 13700
468.000 13563
469.000 13837
470.000 13700
471.000 13700
472.000 13700
473.000 13700
474.000 13700
475.000 13700
476.000 13700
477.000 13700
478.000 13700
479.000 13700
480.000 13700
481.000 13700
482.000 13700
483.000 13700
484.000 13700
485.000 13563
486.000 13837
487.000 13700
488.000 13700
489.000 13700
490.000 13700
491.000 13700
492.000 13700
493.000 13700
494.000 13426
495.000 13974
496.000 13700
497.000 13700
498.000 13700
499.000 13700
500.000 13700
501.000 13563
502.000 13837
503.000 13426
504.000 13700
505.000 13974
506.000 13700
507.000 13700
508.000 13700
509.000 13700
510.000 13700
511.000 13700
512.000 13700
513.000 13563
514.000 13837
515.000 13700
516.000 13700
517.000 13700
518.000 13700
519.000 13700
520.000 13700
521.000 13700
522.000 13700
523.000 13700
524.000 13700
525.000 13700
526.000 13700
527.000 13700
528.000 13700
529.000 13700
530.000 13700
531.000 13700
532.000 13563
533.000 13837
534.000 13700
535.000 13700
536.000 13700
537.000 13700
538.000 13700
539.000 13700
540.000 13700
541.000 13700
542.000 13700
543.000 13700
544.000 13700
545.000 13700
546.000 13700
547.000 13700
548.000 13700
549.000 13700
550.000 13426
551.000 13974
552.000 13700
553.000 13700
554.000 13700
555.000 13700
556.000 13700
557.000 13700
558.000 13700
559.000 13700
560.000 13700
561.000 13700
562.000 13700
563.000 13700
564.000 13700
565.000 13700
566.000 13700
567.000 13563
568.000 13837
569.000 13700
570.000 13700
571.000 13700
572.000 13426
573.000 13837
574.000 13837
575.000 13700
576.000 13700
577.000 13700
578.000 13700
579.000 13700
580.000 13700
581.000 13700
582.000 13700
583.000 13700
584.000 13426
585.000 13974
586.000 13700
587.000 13700
588.000 13426
589.000 13700
590.000 13974
591.000 13700
592.000 13700
593.000 13700
594.000 13700
595.000 13700
596.000 13700
597.000 13700
598.000 13700
599.000 13700
600.000 13700
601.000 13700
602.000 13700
603.000 13700
604.000 13563
605.000 13837
606.000 13426
607.000 13974
608.000 13700
609.000 13700
610.000 13700
611.000 13700
612.000 13700
613.000 13700
614.000 13700
615.000 13700
616.000 13700
617.000 13700
618.000 13700
619.000 13700
620.000 13700
621.000 13700
622.000 13700
623.000 13700
624.000 13700
625.000 13700
626.000 13700
627.000 13700
628.000 13700
629.000 13700
630.000 13700
631.000 13700
632.000 13563
633.000 13837
634.000 13700
635.000 13700
636.000 13700
637.000 13700
638.000 13426
639.000 13974
640.000 13700
641.000 13563
642.000 13837
643.000 13700
644.000 13700
645.000 13700
646.000 13700
647.000 13700
648.000 13700
649.000 13700
650.000 13700
651.000 13700
652.000 13700
653.000 13700
654.000 13700
655.000 13700
656.000 13426
657.000 13974
658.000 13700
659.000 13700
660.000 13700
661.000 13700
662.000 13700
663.000 13700
664.000 13700
665.000 13700
666.000 13700
667.000 13700
668.000 13700
669.000 13700
670.000 13700
671.000 13700
672.000 13700
673.000 13700
674.000 13700
675.000 13700
676.000 13700
677.000 13700
678.000 13700
679.000 13700
680.000 13700
681.000 13700
682.000 13700
683.000 13700
684.000 13700
685.000 13700
686.000 13700
687.000 13700
688.000 13700
689.000 13700
690.000 13426
691.000 13974
692.000 13700
693.000 13700
694.000 13700
695.000 13700
696.000 13700
697.000 13700
698.000 13700
699.000 13700
700.000 13700
701.000 13700
702.000 13700
703.000 13700
704.000 13700
705.000 13700
706.000 13700
707.000 13700
708.000 13700
709.000 13700
710.000 13700
711.000 13700
712.000 13700
713.000 13700
714.000 13700
715.000 13700
716.000 13700
717.000 13700
718.000 13700
719.000 13700
720.000 13700
721.000 13700
722.000 13700
723.000 13700
724.000 13700
725.000 13700
726.000 13700
727.000 13700
728.000 13700
729.000 13700
730.000 13700
731.000 13700
732.000 13700
733.000 13700
734.000 13700
735.000 13700
736.000 13700
737.000 13700
738.000 13700
739.000 13700
740.000 13700
741.000 13700
742.000 13700
743.000 13700
744.000 13700
745.000 13700
746.000 13700
747.000 13700
748.000 13700
749.000 13700
750.000 13700
751.000 13563
752.000 13837
753.000 13700
754.000 13700
755.000 13700
756.000 13700
757.000 13700
758.000 13563
759.000 13837
760.000 13700
761.000 13700
762.000 13700
763.000 13700
764.000 13700
765.000 13700
766.000 13700
767.000 13700
768.000 13700
769.000 13700
770.000 13700
771.000 13700
772.000 13700
773.000 13700
774.000 13700
775.000 13700
776.000 13700
777.000 13700
778.000 13700
779.000 13700
780.000 13700
781.000 13700
782.000 13700
783.000 13700
784.000 13700
785.000 13700
786.000 13700
787.000 13700
788.000 13700
789.000 13700
790.000 13700
791.000 13700
792.000 13700
793.000 13700
794.000 13700
795.000 13700
796.000 13700
797.000 13700
798.000 13700
799.000 13563
800.000 13837
801.000 13700
802.000 13700
803.000 13700
804.000 13700
805.000 13700
806.000 13700
807.000 13700
808.000 13700
809.000 13700
810.000 13700
811.000 13700
812.000 13700
813.000 13426
814.000 13974
815.000 13700
816.000 13700
817.000 13700
818.000 13700
819.000 13700
820.000 13700
821.000 13700
822.000 13700
823.000 13700
824.000 13426
825.000 13700
826.000 13974
827.000 13700
828.000 13563
829.000 13837
830.000 13700
831.000 13700
832.000 13700
833.000 13700
834.000 13700
835.000 13700
836.000 13700
837.000 13700
838.000 13700
839.000 13700
840.000 13700
841.000 13700
842.000 13700
843.000 13700
844.000 13700
845.000 13700
846.000 13700
847.000 13700
848.000 13700
849.000 13700
850.000 13700
851.000 13700
852.000 13700
853.000 13700
854.000 13700
855.000 13700
856.000 13700
857.000 13700
858.000 13700
859.000 13700
860.000 13700
861.000 13700
862.000 13700
863.000 13700
864.000 13700
865.000 13426
866.000 13974
867.000 13563
868.000 13837
869.000 13700
870.000 13700
871.000 13563
872.000 13837
873.000 13700
874.000 13700
875.000 13426
876.000 13974
877.000 13700
878.000 13700
879.000 13700
880.000 13700
881.000 13700
882.000 13700
883.000 13700
884.000 13700
885.000 13700
886.000 13700
887.000 13700
888.000 13700
889.000 13700
890.000 13563
891.000 13837
892.000 13700
893.000 13426
894.000 13974
895.000 13700
896.000 13700
897.000 13563
898.000 13837
899.000 13700
900.000 13700
901.000 13700
902.000 13426
903.000 13974
904.000 13700
905.000 13700
906.000 13700
907.000 13700
908.000 13700
909.000 13700
910.000 13700
911.000 13700
912.000 13700
913.000 13700
914.000 13700
915.000 13700
916.000 13700
917.000 13700
918.000 13700
919.000 13700
920.000 13700
921.000 13700
922.000 13700
923.000 13700
924.000 13700
925.000 13700
926.000 13700
927.000 13700
928.000 13700
929.000 13700
930.000 13426
931.000 13974
932.000 13700
933.000 13700
934.000 13700
935.000 13700
936.000 13700
937.000 13700
938.000 13700
939.000 13563
940.000 13837
941.000 13700
942.000 13700
943.000 13700
944.000 13700
945.000 13700
946.000 13700
947.000 13426
948.000 13974
949.000 13700
950.000 13700
951.000 13700
952.000 13700
953.000 13700
954.000 13700
955.000 13700
956.000 13700
957.000 13700
958.000 13700
959.000 13700
960.000 13426
961.000 13974
962.000 13700
963.000 13700
964.000 13700
965.000 13563
966.000 13837
967.000 13700
968.000 13426
969.000 13974
970.000 13700
971.000 13700
972.000 13700
973.000 13700
974.000 13700
975.000 13700
976.000 13700
977.000 13700
978.000 13700
979.000 13700
980.000 13700
981.000 13700
982.000 13700
983.000 13700
984.000 13700
985.000 13700
986.000 13700
987.000 13700
988.000 13700
989.000 13700
990.000 13700
991.000 13700
992.000 13700
993.000 13700
994.000 13700
995.000 13700
996.000 13700
997.000 13700
998.000 13700
999.000 13700
1000.000 13700
1001.000 13700
1002.000 13700
1003.000 13700
1004.000 13700
1005.000 13700
1006.000 13700
1007.000 13700
1008.000 13700
1009.000 13700
1010.000 13700
1011.000 13426
1012.000 13974
1013.000 13700
1014.000 13700
1015.000 13700
1016.000 13700
1017.000 13700
1018.000 13700
1019.000 13700
1020.000 13700
1021.000 13700
1022.000 13700
1023.000 13700
1024.000 13700
1025.000 13700
1026.000 13700
1027.000 13426
1028.000 13974
1029.000 13700
1030.000 13700
1031.000 13426
1032.000 13974
1033.000 13700
1034.000 13700
1035.000 13700
1036.000 13700
1037.000 13700
1038.000 13700
1039.000 13700
1040.000 13700
1041.000 13700
1042.000 13700
1043.000 13700
1044.000 13700
1045.000 13700
1046.000 13700
1047.000 13700
1048.000 13700
1049.000 13700
1050.000 13700
1051.000 13700
1052.000 13700
1053.000 13700
1054.000 13700
1055.000 13700
1056.000 13700
1057.000 13700
1058.000 13700
1059.000 13700
1060.000 13700
1061.000 13426
1062.000 13974
1063.000 13700
1064.000 13700
1065.000 13700
1066.000 13563
1067.000 13837
1068.000 13700
1069.000 13700
1070.000 13700
1071.000 13700
1072.000 13700
1073.000 13700
1074.000 13700
1075.000 13700
1076.000 13426
1077.000 13974
1078.000 13700
1079.000 13700
1080.000 13700
1081.000 13700
1082.000 13700
1083.000 13700
1084.000 13426
1085.000 13974
1086.000 13700
1087.000 13700
1088.000 13700
1089.000 13700
1090.000 13700
1091.000 13700
1092.000 13700
1093.000 13700
1094.000 13700
1095.000 13563
1096.000 13837
1097.000 13700
1098.000 13700
1099.000 13700
1100.000 13700
1101.000 13700
1102.000 13700
1103.000 13700
1104.000 13700
1105.000 13700
1106.000 13700
1107.000 13700
1108.000 13700
1109.000 13700
1110.000 13563
1111.000 13837
1112.000 13700
1113.000 13563
1114.000 13837
1115.000 13700
1116.000 13700
1117.000 13700
1118.000 13700
1119.000 13563
1120.000 13837
1121.000 13700
1122.000 13700
1123.000 13700
1124.000 13700
1125.000 13700
1126.000 13700
1127.000 13700
1128.000 13700
1129.000 13700
1130.000 13700
1131.000 13700
1132.000 13700
1133.000 13700
1134.000 13700
1135.000 13700
1136.000 13700
1137.000 13700
1138.000 13700
1139.000 13426
1140.000 13974
1141.000 13700
1142.000 13700
1143.000 13426
1144.000 13974
1145.000 13700
1146.000 13700
1147.000 13700
1148.000 13700
1149.000 13700
1150.000 13700
1151.000 13700
1152.000 13700
1153.000 13700
1154.000 13700
1155.000 13700
1156.000 13700
1157.000 13700
1158.000 13700
1159.000 13700
1160.000 13700
1161.000 13700
1162.000 13700
1163.000 13563
1164.000 13837
1165.000 13700
1166.000 13700
1167.000 13426
1168.000 13974
1169.000 13426
1170.000 13974
1171.000 13700
1172.000 13700
1173.000 13700
1174.000 13700
1175.000 13700
1176.000 13700
1177.000 13700
1178.000 13700
1179.000 13700
1180.000 13700
1181.000 13700
1182.000 13700
1183.000 13700
1184.000 13700
1185.000 13700
1186.000 13700
1187.000 13700
1188.000 13700
1189.000 13700
1190.000 13700
1191.000 13700
1192.000 13563
1193.000 13837
1194.000 13700
1195.000 13700
1196.000 13700
1197.000 13700
1198.000 13700
1199.000 13700
1200.000 13700
1201.000 13700
1202.000 13700
1203.000 13700
1204.000 13700
1205.000 13700
1206.000 13700
1207.000 13700
1208.000 13700
1209.000 13700
1210.000 13700
1211.000 13700
1212.000 13700
1213.000 13700
1214.000 13700
1215.000 13700
1216.000 13700
1217.000 13700
1218.000 13700
1219.000 13700
1220.000 13700
1221.000 13700
1222.000 13700
1223.000 13700
1224.000 13700
1225.000 13700
1226.000 13700
1227.000 13700
1228.000 13700
1229.000 13700
1230.000 13700
1231.000 13700
1232.000 13700
1233.000 13700
1234.000 13700
1235.000 13700
1236.000 13700
1237.000 13700
1238.000 13700
1239.000 13700
1240.000 13700
1241.000 13700
1242.000 13700
1243.000 13700
1244.000 13700
1245.000 13700
1246.000 13700
1247.000 13700
1248.000 13700
1249.000 13700
1250.000 13700
1251.000 13700
1252.000 13700
1253.000 13700
1254.000 13700
1255.000 13700
1256.000 13426
1257.000 13974
1258.000 13700
1259.000 13426
1260.000 13974
1261.000 13700
1262.000 13700
1263.000 13700
1264.000 13700
1265.000 13700
1266.000 13700
1267.000 13700
1268.000 13700
1269.000 13700
1270.000 13700
1271.000 13700
1272.000 13700
1273.000 13700
1274.000 13700
1275.000 13700
1276.000 13700
1277.000 13700
1278.000 13700
1279.000 13700
1280.000 13700
1281.000 13700
1282.000 13700
1283.000 13700
1284.000 13700
1285.000 13700
1286.000 13700
1287.000 13700
1288.000 13700
1289.000 13700
1290.000 13700
1291.000 13700
1292.000 13426
1293.000 13974
1294.000 13563
1295.000 13837
1296.000 13700
1297.000 13700
1298.000 13700
1299.000 13700
1300.000 13426
1301.000 13974
1302.000 13700
1303.000 13700
1304.000 13700
1305.000 13700
1306.000 13700
1307.000 13700
1308.000 13700
1309.000 13700
1310.000 13700
1311.000 13700
1312.000 13700
1313.000 13700
1314.000 13563
1315.000 13837
1316.000 13700
1317.000 13700
1318.000 13700
1319.000 13700
1320.000 13700
1321.000 13700
1322.000 13700
1323.000 13700
1324.000 13700
1325.000 13700
1326.000 13700
1327.000 13700
1328.000 13700
1329.000 13700
1330.000 13563
1331.000 13837
1332.000 13700
1333.000 13700
1334.000 13700
1335.000 13426
1336.000 13974
1337.000 13700
1338.000 13700
1339.000 13563
1340.000 13837
1341.000 13563
1342.000 13837
1343.000 13700
1344.000 13700
1345.000 13700
1346.000 13700
1347.000 13700
1348.000 13700
1349.000 13700
1350.000 13700
1351.000 13700
1352.000 13700
1353.000 13700
1354.000 13700
1355.000 13700
1356.000 13700
1357.000 13700
1358.000 13700
1359.000 13700
1360.000 13700
1361.000 13700
1362.000 13700
1363.000 13700
1364.000 13700
1365.000 13700
1366.000 13700
1367.000 13563
1368.000 13563
1369.000 13974
1370.000 13700
1371.000 13700
1372.000 13700
1373.000 13700
1374.000 13700
1375.000 13700
1376.000 13700
1377.000 13700
1378.000 13563
1379.000 13837
1380.000 13426
1381.000 13700
1382.000 13974
1383.000 13700
1384.000 13426
1385.000 13974
1386.000 13700
1387.000 13563
1388.000 13700
1389.000 13837
1390.000 13426
1391.000 13974
1392.000 13563
1393.000 13837
1394.000 13700
1395.000 13700
1396.000 13426
1397.000 13974
1398.000 13700
1399.000 13563
1400.000 13837
1401.000 13563
1402.000 13563
1403.000 13974
1404.000 13563
1405.000 13837
1406.000 13700
1407.000 13700
1408.000 13700
1409.000 13700
1410.000 13700
1411.000 13563
1412.000 13837
1413.000 13700
1414.000 13563
1415.000 13837
1416.000 13700
1417.000 13700
1418.000 13700
1419.000 13700
1420.000 13700
1421.000 13700
1422.000 13700
1423.000 13700
1424.000 13700
1425.000 13700
1426.000 13700
1427.000 13700
1428.000 13700
1429.000 13426
1430.000 13974
1431.000 13700
1432.000 13700
1433.000 13700
1434.000 13700
1435.000 13700
1436.000 13700
1437.000 13700
1438.000 13700
1439.000 13700
1440.000 13426
1441.000 13700
1442.000 13974
1443.000 13700
1444.000 13700
1445.000 13700
1446.000 13700
1447.000 13700
1448.000 13700
1449.000 13700
1450.000 13700
1451.000 13700
1452.000 13700
1453.000 13700
1454.000 13700
1455.000 13700
1456.000 13426
1457.000 13974
1458.000 13700
1459.000 13426
1460.000 13974
1461.000 13700
1462.000 13563
1463.000 13837
1464.000 13700
1465.000 13700
1466.000 13700
1467.000 13700
1468.000 13700
1469.000 13700
1470.000 13700
1471.000 13289
1472.000 14111
1473.000 13700
1474.000 13426
1475.000 13974
1476.000 13700
1477.000 13700
1478.000 13700
1479.000 13700
1480.000 13700
1481.000 13700
1482.000 13700
1483.000 13700
1484.000 13700
1485.000 13700
1486.000 13426
1487.000 13974
1488.000 13700
1489.000 13700
1490.000 13700
1491.000 13700
1492.000 13700
1493.000 13700
1494.000 13700
1495.000 13700
1496.000 13700
1497.000 13426
1498.000 13974
1499.000 13700
1500.000 13700
1501.000 13563
1502.000 13837
1503.000 13700
1504.000 13700
1505.000 13700
1506.000 13700
1507.000 13700
1508.000 13700
1509.000 13700
1510.000 13700
1511.000 13700
1512.000 13563
1513.000 13837
1514.000 13700
1515.000 13700
1516.000 13700
1517.000 13700
1518.000 13700
1519.000 13700
1520.000 13426
1521.000 13974
1522.000 13700
1523.000 13700
1524.000 13700
1525.000 13700
1526.000 13700
1527.000 13700
1528.000 13700
1529.000 13700
1530.000 13700
1531.000 13700
1532.000 13700
1533.000 13700
1534.000 13700
1535.000 13700
1536.000 13700
1537.000 13700
1538.000 13700
1539.000 13700
1540.000 13700
1541.000 13700
1542.000 13700
1543.000 13700
1544.000 13700
1545.000 13700
1546.000 13700
1547.000 13700
1548.000 13700
1549.000 13700
1550.000 13700
1551.000 13426
1552.000 13974
1553.000 13700
1554.000 13700
1555.000 13700
1556.000 13700
1557.000 13700
1558.000 13700
1559.000 13700
1560.000 13700
1561.000 13700
1562.000 13700
1563.000 13700
1564.000 13700
1565.000 13426
1566.000 13974
1567.000 13700
1568.000 13700
1569.000 13426
1570.000 13974
1571.000 13700
1572.000 13700
1573.000 13700
1574.000 13700
1575.000 13700
1576.000 13700
1577.000 13563
1578.000 13700
1579.000 13837
1580.000 13700
1581.000 13700
1582.000 13700
1583.000 13700
1584.000 13700
1585.000 13700
1586.000 13700
1587.000 13700
1588.000 13700
1589.000 13700
1590.000 13700
1591.000 13700
1592.000 13700
1593.000 13700
1594.000 13700
1595.000 13700
1596.000 13700
1597.000 13700
1598.000 13700
1599.000 13700
1600.000 13700
1601.000 13700
1602.000 13426
1603.000 13974
1604.000 13700
1605.000 13700
1606.000 13700
1607.000 13700
1608.000 13700
1609.000 13700
1610.000 13700
1611.000 13700
1612.000 13700
1613.000 13700
1614.000 13700
1615.000 13426
1616.000 13974
1617.000 13700
1618.000 13700
1619.000 13700
1620.000 13700
1621.000 13700
1622.000 13700
1623.000 13563
1624.000 13837
1625.000 13700
1626.000 13700
1627.000 13700
1628.000 13700
1629.000 13700
1630.000 13700
1631.000 13700
1632.000 13700
1633.000 13426
1634.000 13974
1635.000 13700
1636.000 13700
1637.000 13700
1638.000 13700
1639.000 13700
1640.000 13426
1641.000 13974
1642.000 13700
1643.000 13700
1644.000 13700
1645.000 13700
1646.000 13700
1647.000 13700
1648.000 13700
1649.000 13700
1650.000 13700
1651.000 13700
1652.000 13700
1653.000 13700
1654.000 13700
1655.000 13700
1656.000 13700
1657.000 13700
1658.000 13700
1659.000 13700
1660.000 13700
1661.000 13700
1662.000 13700
1663.000 13426
1664.000 13974
1665.000 13700
1666.000 13700
1667.000 13563
1668.000 13837
1669.000 13700
1670.000 13700
1671.000 13700
1672.000 13700
1673.000 13700
1674.000 13700
1675.000 13700
1676.000 13426
1677.000 13974
1678.000 13700
1679.000 13700
1680.000 13700
1681.000 13700
1682.000 13700
1683.000 13700
1684.000 13700
1685.000 13700
1686.000 13700
1687.000 13700
1688.000 13700
1689.000 13700
1690.000 13700
1691.000 13426
1692.000 13974
1693.000 13700
1694.000 13700
1695.000 13700
1696.000 13700
1697.000 13700
1698.000 13426
1699.000 13974
1700.000 13700
1701.000 13700
1702.000 13700
1703.000 13563
1704.000 13837
1705.000 13700
1706.000 13700
1707.000 13700
1708.000 13426
1709.000 13974
1710.000 13426
1711.000 13974
1712.000 13700
1713.000 13563
1714.000 13837
1715.000 13700
1716.000 13700
1717.000 13700
1718.000 13563
1719.000 13837
1720.000 13563
1721.000 13837
1722.000 13700
1723.000 13700
1724.000 13426
1725.000 13974
1726.000 13700
1727.000 13700
1728.000 13700
1729.000 13700
1730.000 13700
1731.000 13700
1732.000 13700
1733.000 13700
1734.000 13700
1735.000 13700
1736.000 13700
1737.000 13700
1738.000 13700
1739.000 13563
1740.000 13837
1741.000 13700
1742.000 13700
1743.000 13563
1744.000 13837
1745.000 13700
1746.000 13700
1747.000 13700
1748.000 13700
1749.000 13700
1750.000 13700
1751.000 13700
1752.000 13700
1753.000 13700
1754.000 13700
1755.000 13700
1756.000 13700
1757.000 13700
1758.000 13700
1759.000 13700
1760.000 13700
1761.000 13700
1762.000 13700
1763.000 13700
1764.000 13700
1765.000 13700
1766.000 13700
1767.000 13700
1768.000 13700
1769.000 13700
1770.000 13700
1771.000 13700
1772.000 13700
1773.000 13700
1774.000 13700
1775.000 13700
1776.000 13700
1777.000 13700
1778.000 13700
1779.000 13700
1780.000 13700
1781.000 13700
1782.000 13700
1783.000 13700
1784.000 13700
1785.000 13700
1786.000 13700
1787.000 13700
1788.000 13700
1789.000 13700
1790.000 13700
1791.000 13700
1792.000 13700
1793.000 13700
1794.000 13700
1795.000 13700
1796.000 13700
1797.000 13700
1798.000 13700
1799.000 13700
1800.000 13700
1801.000 13700
1802.000 13700
1803.000 13700
1804.000 13700
1805.000 13700
1806.000 13700
1807.000 13700
1808.000 13700
1809.000 13700
1810.000 13700
1811.000 13700
1812.000 13700
1813.000 13700
1814.000 13700
1815.000 13700
1816.000 13563
1817.000 13837
1818.000 13426
1819.000 13974
1820.000 13700
1821.000 13563
1822.000 13837
1823.000 13700
1824.000 13700
1825.000 13700
1826.000 13700
1827.000 13426
1828.000 13974
1829.000 13700
1830.000 13700
1831.000 13700
1832.000 13700
1833.000 13700
1834.000 13700
1835.000 13700
1836.000 13700
1837.000 13426
1838.000 13974
1839.000 13700
1840.000 13700
1841.000 13700
1842.000 13700
1843.000 13700
1844.000 13700
1845.000 13700
1846.000 13700
1847.000 13700
1848.000 13700
1849.000 13700
1850.000 13700
1851.000 13700
1852.000 13700
1853.000 13700
1854.000 13700
1855.000 13700
1856.000 13700
1857.000 13700
1858.000 13700
1859.000 13426
1860.000 13974
1861.000 13700
1862.000 13700
1863.000 13700
1864.000 13700
1865.000 13700
1866.000 13700
1867.000 13700
1868.000 13700
1869.000 13700
1870.000 13700
1871.000 13700
1872.000 13700
1873.000 13700
1874.000 13700
1875.000 13700
1876.000 13700
1877.000 13700
1878.000 13426
1879.000 13974
1880.000 13700
1881.000 13700
1882.000 13563
1883.000 13837
1884.000 13700
1885.000 13700
1886.000 13563
1887.000 13837
1888.000 13426
1889.000 13974
1890.000 13700
1891.000 13700
1892.000 13700
1893.000 13700
1894.000 13700
1895.000 13700
1896.000 13700
1897.000 13700
1898.000 13700
1899.000 13700
1900.000 13700
1901.000 13700
1902.000 13700
1903.000 13700
1904.000 13700
1905.000 13700
1906.000 13700
1907.000 13700
1908.000 13700
1909.000 13700
1910.000 13700
1911.000 13700
1912.000 13563
1913.000 13837
1914.000 13700
1915.000 13700
1916.000 13700
1917.000 13700
1918.000 13700
1919.000 13700
1920.000 13700
1921.000 13700
1922.000 13700
1923.000 13700
1924.000 13700
1925.000 13700
1926.000 13700
1927.000 13700
1928.000 13700
1929.000 13700
1930.000 13700
1931.000 13700
1932.000 13700
1933.000 13700
1934.000 13700
1935.000 13700
1936.000 13700
1937.000 13700
1938.000 13700
1939.000 13700
1940.000 13700
1941.000 13700
1942.000 13700
1943.000 13700
1944.000 13700
1945.000 13700
1946.000 13700
1947.000 13700
1948.000 13700
1949.000 13700
1950.000 13700
1951.000 13700
1952.000 13700
1953.000 13700
1954.000 13700
1955.000 13700
1956.000 13700
1957.000 13700
1958.000 13700
1959.000 13700
1960.000 13700
1961.000 13700
1962.000 13563
1963.000 13837
1964.000 13700
1965.000 13700
1966.000 13700
1967.000 13700
1968.000 13700
1969.000 13700
1970.000 13700
1971.000 13700
1972.000 13700
1973.000 13700
1974.000 13700
1975.000 13700
1976.000 13700
1977.000 13700
1978.000 13700
1979.000 13700
1980.000 13700
1981.000 13700
1982.000 13700
1983.000 13700
1984.000 13700
1985.000 13700
1986.000 13700
1987.000 13700
1988.000 13700
1989.000 13700
1990.000 13700
1991.000 13700
1992.000 13700
1993.000 13700
1994.000 13700
1995.000 13700
1996.000 13700
1997.000 13700
1998.000 13700
1999.000 13700
2000.000 13700
2001.000 13700
2002.000 13700
2003.000 13700
2004.000 13700
2005.000 13700
2006.000 13563
2007.000 13837
2008.000 13700
2009.000 13700
2010.000 13700
2011.000 13700
2012.000 13700
2013.000 13700
2014.000 13700
2015.000 13700
2016.000 13700
2017.000 13700
2018.000 13700
2019.000 13700
2020.000 13700
2021.000 13563
2022.000 13837
2023.000 13700
2024.000 13700
2025.000 13700
2026.000 13700
2027.000 13700
2028.000 13700
2029.000 13700
2030.000 13700
2031.000 13700
2032.000 13700
2033.000 13700
2034.000 13700
2035.000 13700
2036.000 13700
2037.000 13700
2038.000 13700
2039.000 13700
2040.000 13700
2041.000 13700
2042.000 13700
2043.000 13700
2044.000 13700
2045.000 13700
2046.000 13700
2047.000 13700
2048.000 13700
2049.000 13700
2050.000 13563
2051.000 13837
2052.000 13700
2053.000 13700
2054.000 13426
2055.000 13974
2056.000 13700
2057.000 13700
2058.000 13426
2059.000 13974
2060.000 13700
2061.000 13700
2062.000 13700
2063.000 13700
2064.000 13700
2065.000 13700
2066.000 13700
2067.000 13700
2068.000 13700
2069.000 13700
2070.000 13700
2071.000 13426
2072.000 13974
2073.000 13700
2074.000 13700
2075.000 13700
2076.000 13700
2077.000 13700
2078.000 13700
2079.000 13700
2080.000 13700
2081.000 13700
2082.000 13700
2083.000 13700
2084.000 13700
2085.000 13700
2086.000 13700
2087.000 13700
2088.000 13700
2089.000 13700
2090.000 13700
2091.000 13426
2092.000 13974
2093.000 13700
2094.000 13700
2095.000 13700
2096.000 13700
2097.000 13700
2098.000 13700
2099.000 13700
2100.000 13700
2101.000 13700
2102.000 13700
2103.000 13426
2104.000 13974
2105.000 13700
2106.000 13700
2107.000 13700
2108.000 13700
2109.000 13700
2110.000 13700
2111.000 13700
2112.000 13700
2113.000 13700
2114.000 13426
2115.000 13974
2116.000 13700
2117.000 13700
2118.000 13700
2119.000 13700
2120.000 13700
2121.000 13700
2122.000 13700
2123.000 13700
2124.000 13700
2125.000 13700
2126.000 13700
2127.000 13700
2128.000 13700
2129.000 13700
2130.000 13700
2131.000 13700
2132.000 13700
2133.000 13700
2134.000 13700
2135.000 13700
2136.000 13700
2137.000 13700
2138.000 13700
2139.000 13700
2140.000 13700
2141.000 13700
2142.000 13700
2143.000 13700
2144.000 13700
2145.000 13700
2146.000 13700
2147.000 13700
2148.000 13700
2149.000 13700
2150.000 13700
2151.000 13700
2152.000 13700
2153.000 13700
2154.000 13700
2155.000 13700
2156.000 13700
2157.000 13700
2158.000 13700
2159.000 13700
2160.000 13700
2161.000 13700
2162.000 13700
2163.000 13700
2164.000 13700
2165.000 13700
2166.000 13700
2167.000 13700
2168.000 13563
2169.000 13837
2170.000 13700
2171.000 13700
2172.000 13700
2173.000 13700
2174.000 13426
2175.000 13974
2176.000 13700
2177.000 13700
2178.000 13700
2179.000 13700
2180.000 13700
2181.000 13700
2182.000 13700
2183.000 13426
2184.000 13974
2185.000 13700
2186.000 13700
2187.000 13700
2188.000 13700
2189.000 13700
2190.000 13700
2191.000 13700
2192.000 13700
2193.000 13700
2194.000 13700
2195.000 13700
2196.000 13700
2197.000 13700
2198.000 13700
2199.000 13700
2200.000 13700
2201.000 13700
2202.000 13700
2203.000 13700
2204.000 13700
2205.000 13700
2206.000 13700
2207.000 13700
2208.000 13700
2209.000 13700
2210.000 13700
2211.000 13700
2212.000 13700
2213.000 13700
2214.000 13700
2215.000 13700
2216.000 13700
2217.000 13700
2218.000 13700
2219.000 13700
2220.000 13700
2221.000 13700
2222.000 13426
2223.000 13974
2224.000 13700
2225.000 13700
2226.000 13700
2227.000 13700
2228.000 13700
2229.000 13426
2230.000 13974
2231.000 13700
2232.000 13700
2233.000 13700
2234.000 13700
2235.000 13700
2236.000 13700
2237.000 13563
2238.000 13837
2239.000 13700
2240.000 13700
2241.000 13700
2242.000 13700
2243.000 13700
2244.000 13700
2245.000 13700
2246.000 13426
2247.000 13974
2248.000 13700
2249.000 13700
2250.000 13700
2251.000 13700
2252.000 13700
2253.000 13700
2254.000 13700
2255.000 13700
2256.000 13700
2257.000 13700
2258.000 13426
2259.000 13974
2260.000 13700
2261.000 13426
2262.000 13974
2263.000 13700
2264.000 13700
2265.000 13426
2266.000 13974
2267.000 13700
2268.000 13700
2269.000 13700
2270.000 13700
2271.000 13700
2272.000 13700
2273.000 13426
2274.000 13974
2275.000 13700
2276.000 13426
2277.000 13974
2278.000 13700
2279.000 13563
2280.000 13837
2281.000 13700
2282.000 13700
2283.000 13700
2284.000 13563
2285.000 13837
2286.000 13700
2287.000 13700
2288.000 13700
2289.000 13700
2290.000 13700
2291.000 13700
2292.000 13700
2293.000 13700
2294.000 13563
2295.000 13837
2296.000 13700
2297.000 13700
2298.000 13700
2299.000 13700
2300.000 13700
2301.000 13700
2302.000 13700
2303.000 13700
2304.000 13700
2305.000 13700
2306.000 13563
2307.000 13837
2308.000 13700
2309.000 13563
2310.000 13837
2311.000 13700
2312.000 13563
2313.000 13837
2314.000 13700
2315.000 13426
2316.000 13837
2317.000 13837
2318.000 13700
2319.000 13700
2320.000 13700
2321.000 13700
2322.000 13700
2323.000 13700
2324.000 13700
2325.000 13700
2326.000 13700
2327.000 13700
2328.000 13700
2329.000 13700
2330.000 13700
2331.000 13563
2332.000 13700
2333.000 13563
2334.000 13974
2335.000 13700
2336.000 13426
2337.000 13974
2338.000 13700
2339.000 13426
2340.000 13974
2341.000 13700
2342.000 13426
2343.000 13974
2344.000 13426
2345.000 13974
2346.000 13700
2347.000 13426
2348.000 13700
2349.000 13974
2350.000 13563
2351.000 13837
2352.000 13700
2353.000 13700
2354.000 13426
2355.000 13974
2356.000 13700
2357.000 13700
2358.000 13700
2359.000 13700
2360.000 13700
2361.000 13700
2362.000 13700
2363.000 13700
2364.000 13700
2365.000 13700
2366.000 13700
2367.000 13700
2368.000 13700
2369.000 13700
2370.000 13700
2371.000 13700
2372.000 13700
2373.000 13700
2374.000 13700
2375.000 13700
2376.000 13700
2377.000 13700
2378.000 13426
2379.000 13974
2380.000 13700
2381.000 13700
2382.000 13700
2383.000 13700
2384.000 13700
2385.000 13700
2386.000 13700
2387.000 13700
2388.000 13700
2389.000 13700
2390.000 13426
2391.000 13974
2392.000 13426
2393.000 13974
2394.000 13700
2395.000 13700
2396.000 13700
2397.000 13700
2398.000 13563
2399.000 13837
2400.000 13426
2401.000 13974
2402.000 13700
2403.000 13563
2404.000 13700
2405.000 13837
2406.000 13700
2407.000 13700
2408.000 13700
2409.000 13563
2410.000 13837
2411.000 13700
2412.000 13700
2413.000 13700
2414.000 13700
2415.000 13426
2416.000 13837
2417.000 13837
2418.000 13700
2419.000 13700
2420.000 13700
2421.000 13700
2422.000 13700
2423.000 13700
2424.000 13563
2425.000 13837
2426.000 13700
2427.000 13700
2428.000 13700
2429.000 13700
2430.000 13426
2431.000 13974
2432.000 13700
2433.000 13700
2434.000 13700
2435.000 13700
2436.000 13700
2437.000 13700
2438.000 13563
2439.000 13837
2440.000 13700
2441.000 13700
2442.000 13426
2443.000 13974
2444.000 13700
2445.000 13700
2446.000 13700
2447.000 13700
2448.000 13426
2449.000 13974
2450.000 13700
2451.000 13700
2452.000 13700
2453.000 13700
2454.000 13700
2455.000 13426
2456.000 13974
2457.000 13563
2458.000 13700
2459.000 13837
2460.000 13700
2461.000 13700
2462.000 13700
2463.000 13700
2464.000 13700
2465.000 13700
2466.000 13563
2467.000 13837
2468.000 13563
2469.000 13837
2470.000 13700
2471.000 13700
2472.000 13563
2473.000 13837
2474.000 13700
2475.000 13700
2476.000 13700
2477.000 13700
2478.000 13700
2479.000 13700
2480.000 13700
2481.000 13563
2482.000 13837
2483.000 13700
2484.000 13563
2485.000 13837
2486.000 13700
2487.000 13700
2488.000 13700
2489.000 13700
2490.000 13700
2491.000 13700
2492.000 13700
2493.000 13700
2494.000 13700
2495.000 13700
2496.000 13700
2497.000 13700
2498.000 13700
2499.000 13426
2500.000 13974
2501.000 13700
2502.000 13700
2503.000 13426
2504.000 13837
2505.000 13837
2506.000 13700
2507.000 13700
2508.000 13700
2509.000 13700
2510.000 13700
2511.000 13563
2512.000 13837
2513.000 13700
2514.000 13700
2515.000 13700
2516.000 13700
2517.000 13563
2518.000 13837
2519.000 13700
2520.000 13700
2521.000 13700
2522.000 13700
2523.000 13700
2524.000 13700
2525.000 13700
2526.000 13563
2527.000 13837
2528.000 13700
2529.000 13700
2530.000 13700
2531.000 13700
2532.000 13426
2533.000 13974
2534.000 13700
2535.000 13700
2536.000 13700
2537.000 13700
2538.000 13426
2539.000 13974
2540.000 13700
2541.000 13700
2542.000 13700
2543.000 13700
2544.000 13700
2545.000 13700
2546.000 13700
2547.000 13700
2548.000 13700
2549.000 13426
2550.000 13974
2551.000 13700
2552.000 13700
2553.000 13700
2554.000 13700
2555.000 13426
2556.000 13974
2557.000 13700
2558.000 13700
2559.000 13700
2560.000 13700
2561.000 13700
2562.000 13700
2563.000 13700
2564.000 13700
2565.000 13700
2566.000 13426
2567.000 13974
2568.000 13700
2569.000 13700
2570.000 13700
2571.000 13700
2572.000 13700
2573.000 13700
2574.000 13426
2575.000 13974
2576.000 13426
2577.000 13974
2578.000 13700
2579.000 13700
2580.000 13700
2581.000 13700
2582.000 13700
2583.000 13700
2584.000 13700
2585.000 13700
2586.000 13426
2587.000 13974
2588.000 13700
2589.000 13700
2590.000 13700
2591.000 13700
2592.000 13700
2593.000 13700
2594.000 13700
2595.000 13563
2596.000 13837
2597.000 13700
2598.000 13700
2599.000 13700
2600.000 13700
2601.000 13700
2602.000 13700
2603.000 13700
2604.000 13563
2605.000 13837
2606.000 13700
2607.000 13700
2608.000 13700
2609.000 13426
2610.000 13974
2611.000 13700
2612.000 13700
2613.000 13700
2614.000 13700
2615.000 13700
2616.000 13700
2617.000 13700
2618.000 13700
2619.000 13700
2620.000 13700
2621.000 13700
2622.000 13700
2623.000 13700
2624.000 13700
2625.000 13700
2626.000 13700
2627.000 13700
2628.000 13700
2629.000 13700
2630.000 13700
2631.000 13700
2632.000 13700
2633.000 13700
2634.000 13700
2635.000 13700
2636.000 13700
2637.000 13700
2638.000 13700
2639.000 13700
2640.000 13700
2641.000 13700
2642.000 13700
2643.000 13700
2644.000 13700
2645.000 13700
2646.000 13700
2647.000 13700
2648.000 13700
2649.000 13700
2650.000 13700
2651.000 13700
2652.000 13700
2653.000 13700
2654.000 13700
2655.000 13700
2656.000 13700
2657.000 13700
2658.000 13700
2659.000 13700
2660.000 13700
2661.000 13563
2662.000 13837
2663.000 13700
2664.000 13700
2665.000 13700
2666.000 13700
2667.000 13700
2668.000 13700
2669.000 13700
2670.000 13700
2671.000 13563
2672.000 13837
2673.000 13700
2674.000 13700
2675.000 13700
2676.000 13700
2677.000 13700
2678.000 13700
2679.000 13700
2680.000 13700
2681.000 13700
2682.000 13700
2683.000 13700
2684.000 13700
2685.000 13700
2686.000 13700
2687.000 13700
2688.000 13563
2689.000 13837
2690.000 13700
2691.000 13700
2692.000 13700
2693.000 13700
2694.000 13700
2695.000 13700
2696.000 13700
2697.000 13426
2698.000 13974
2699.000 13700
2700.000 13700
2701.000 13700
2702.000 13700
2703.000 13426
2704.000 13974
2705.000 13700
2706.000 13700
2707.000 13700
2708.000 13700
2709.000 13700
2710.000 13700
2711.000 13700
2712.000 13700
2713.000 13700
2714.000 13700
2715.000 13700
2716.000 13700
2717.000 13700
2718.000 13700
2719.000 13700
2720.000 13700
2721.000 13700
2722.000 13700
2723.000 13700
2724.000 13700
2725.000 13700
2726.000 13563
2727.000 13837
2728.000 13700
2729.000 13563
2730.000 13837
2731.000 13700
2732.000 13700
2733.000 13700
2734.000 13700
2735.000 13700
2736.000 13700
2737.000 13700
2738.000 13700
2739.000 13700
2740.000 13700
2741.000 13700
2742.000 13700
2743.000 13563
2744.000 13837
2745.000 13563
2746.000 13837
2747.000 13700
2748.000 13700
2749.000 13700
2750.000 13426
2751.000 13974
2752.000 13700
2753.000 13700
2754.000 13700
2755.000 13700
2756.000 13700
2757.000 13700
2758.000 13700
2759.000 13563
2760.000 13837
2761.000 13700
2762.000 13426
2763.000 13974
2764.000 13700
2765.000 13700
2766.000 13700
2767.000 13700
2768.000 13700
2769.000 13700
2770.000 13700
2771.000 13700
2772.000 13700
2773.000 13700
2774.000 13700
2775.000 13700
2776.000 13700
2777.000 13700
2778.000 13700
2779.000 13700
2780.000 13700
2781.000 13700
2782.000 13700
2783.000 13700
2784.000 13426
2785.000 13974
2786.000 13700
2787.000 13700
2788.000 13563
2789.000 13837
2790.000 13700
2791.000 13700
2792.000 13700
2793.000 13700
2794.000 13426
2795.000 13974
2796.000 13700
2797.000 13700
2798.000 13563
2799.000 13837
2800.000 13700
2801.000 13426
2802.000 13974
2803.000 13700
2804.000 13700
2805.000 13700
2806.000 13700
2807.000 13700
2808.000 13563
2809.000 13837
2810.000 13700
2811.000 13426
2812.000 13974
2813.000 13700
2814.000 13426
2815.000 13974
2816.000 13700
2817.000 13700
2818.000 13700
2819.000 13700
2820.000 13700
2821.000 13700
2822.000 13700
2823.000 13700
2824.000 13700
2825.000 13563
2826.000 13837
2827.000 13700
2828.000 13426
2829.000 13974
2830.000 13700
2831.000 13700
2832.000 13700
2833.000 13700
2834.000 13700
2835.000 13700
2836.000 13700
2837.000 13700
2838.000 13700
2839.000 13700
2840.000 13700
2841.000 13563
2842.000 13837
2843.000 13700
2844.000 13563
2845.000 13837
2846.000 13700
2847.000 13700
2848.000 13700
2849.000 13700
2850.000 13700
2851.000 13700
2852.000 13700
2853.000 13700
2854.000 13700
2855.000 13700
2856.000 13700
2857.000 13700
2858.000 13700
2859.000 13700
2860.000 13700
2861.000 13700
2862.000 13426
2863.000 13974
2864.000 13426
2865.000 13974
2866.000 13700
2867.000 13700
2868.000 13700
2869.000 13700
2870.000 13700
2871.000 13700
2872.000 13700
2873.000 13700
2874.000 13563
2875.000 13837
2876.000 13700
2877.000 13700
2878.000 13700
2879.000 13700
2880.000 13700
2881.000 13700
2882.000 13426
2883.000 13974
2884.000 13700
2885.000 13700
2886.000 13700
2887.000 13700
2888.000 13700
2889.000 13700
2890.000 13700
2891.000 13700
2892.000 13700
2893.000 13700
2894.000 13700
2895.000 13700
2896.000 13700
2897.000 13700
2898.000 13700
2899.000 13700
2900.000 13700
2901.000 13700
2902.000 13700
2903.000 13700
2904.000 13700
2905.000 13563
2906.000 13837
2907.000 13700
2908.000 13700
2909.000 13700
2910.000 13700
2911.000 13700
2912.000 13700
2913.000 13426
2914.000 13974
2915.000 13700
2916.000 13700
2917.000 13426
2918.000 13974
2919.000 13700
2920.000 13700
2921.000 13700
2922.000 13700
2923.000 13700
2924.000 13700
2925.000 13700
2926.000 13700
2927.000 13700
2928.000 13700
2929.000 13700
2930.000 13700
2931.000 13700
2932.000 13563
2933.000 13837
2934.000 13700
2935.000 13700
2936.000 13563
2937.000 13837
2938.000 13700
2939.000 13700
2940.000 13700
2941.000 13700
2942.000 13700
2943.000 13700
2944.000 13700
2945.000 13700
2946.000 13700
2947.000 13700
2948.000 13700
2949.000 13700
2950.000 13700
2951.000 13426
2952.000 13974
2953.000 13700
2954.000 13700
2955.000 13700
2956.000 13700
2957.000 13700
2958.000 13700
2959.000 13700
2960.000 13700
2961.000 13700
2962.000 13700
2963.000 13700
2964.000 13700
2965.000 13700
2966.000 13700
2967.000 13700
2968.000 13700
2969.000 13700
2970.000 13700
2971.000 13700
2972.000 13700
2973.000 13700
2974.000 13700
2975.000 13700
2976.000 13426
2977.000 13974
2978.000 13426
2979.000 13974
2980.000 13700
2981.000 13700
2982.000 13700
2983.000 13700
2984.000 13700
2985.000 13700
2986.000 13700
2987.000 13700
2988.000 13700
2989.000 13700
2990.000 13563
2991.000 13837
2992.000 13700
2993.000 13563
2994.000 13837
2995.000 13700
2996.000 13700
2997.000 13700
2998.000 13700
2999.000 13700
3000.000 13700
3001.000 13700
3002.000 13700
3003.000 13426
3004.000 13974
3005.000 13700
3006.000 13700
3007.000 13700
3008.000 13700
3009.000 13700
3010.000 13700
3011.000 13700
3012.000 13700
3013.000 13426
3014.000 13974
3015.000 13700
3016.000 13700
3017.000 13563
3018.000 13837
3019.000 13700
3020.000 13700
3021.000 13700
3022.000 13700
3023.000 13700
3024.000 13426
3025.000 13974
3026.000 13700
3027.000 13700
3028.000 13700
3029.000 13700
3030.000 13700
3031.000 13700
3032.000 13700
3033.000 13700
3034.000 13700
3035.000 13700
3036.000 13700
3037.000 13700
3038.000 13700
3039.000 13700
3040.000 13700
3041.000 13700
3042.000 13700
3043.000 13700
3044.000 13700
3045.000 13700
3046.000 13700
3047.000 13700
3048.000 13700
3049.000 13700
3050.000 13700
3051.000 13700
3052.000 13700
3053.000 13700
3054.000 13700
3055.000 13700
3056.000 13700
3057.000 13700
3058.000 13700
3059.000 13700
3060.000 13426
3061.000 13974
3062.000 13700
3063.000 13700
3064.000 13700
3065.000 13700
3066.000 13700
3067.000 13700
3068.000 13700
3069.000 13700
3070.000 13700
3071.000 13700
3072.000 13700
3073.000 13426
3074.000 13974
3075.000 13700
3076.000 13700
3077.000 13426
3078.000 13700
3079.000 13974
3080.000 13700
3081.000 13700
3082.000 13700
3083.000 13700
3084.000 13700
3085.000 13700
3086.000 13700
3087.000 13700
3088.000 13700
3089.000 13700
3090.000 13700
3091.000 13700
3092.000 13700
3093.000 13700
3094.000 13700
3095.000 13700
3096.000 13700
3097.000 13563
3098.000 13837
3099.000 13700
3100.000 13700
3101.000 13700
3102.000 13700
3103.000 13700
3104.000 13700
3105.000 13700
3106.000 13700
3107.000 13700
3108.000 13700
3109.000 13700
3110.000 13700
3111.000 13700
3112.000 13700
3113.000 13700
3114.000 13700
3115.000 13700
3116.000 13700
3117.000 13700
3118.000 13700
3119.000 13700
3120.000 13426
3121.000 13974
3122.000 13700
3123.000 13700
3124.000 13700
3125.000 13700
3126.000 13700
3127.000 13700
3128.000 13700
3129.000 13700
3130.000 13700
3131.000 13700
3132.000 13426
3133.000 13974
3134.000 13700
3135.000 13700
3136.000 13700
3137.000 13700
3138.000 13700
3139.000 13700
3140.000 13700
3141.000 13700
3142.000 13700
3143.000 13563
3144.000 13837
3145.000 13700
3146.000 13700
3147.000 13426
3148.000 13974
3149.000 13700
3150.000 13700
3151.000 13563
3152.000 13837
3153.000 13700
3154.000 13700
3155.000 13700
3156.000 13426
3157.000 13974
3158.000 13700
3159.000 13700
3160.000 13700
3161.000 13700
3162.000 13700
3163.000 13700
3164.000 13700
3165.000 13700
3166.000 13700
3167.000 13700
3168.000 13700
3169.000 13700
3170.000 13700
3171.000 13426
3172.000 13974
3173.000 13700
3174.000 13700
3175.000 13700
3176.000 13700
3177.000 13700
3178.000 13700
3179.000 13700
3180.000 13700
3181.000 13700
3182.000 13426
3183.000 13974
3184.000 13700
3185.000 13700
3186.000 13700
3187.000 13700
3188.000 13426
3189.000 13974
3190.000 13700
3191.000 13700
3192.000 13700
3193.000 13700
3194.000 13700
3195.000 13563
3196.000 13837
3197.000 13700
3198.000 13700
3199.000 13700
3200.000 13700
3201.000 13426
3202.000 13974
3203.000 13700
3204.000 13700
3205.000 13700
3206.000 13700
3207.000 13700
3208.000 13700
3209.000 13700
3210.000 13700
3211.000 13700
3212.000 13700
3213.000 13700
3214.000 13700
3215.000 13700
3216.000 13426
3217.000 13974
3218.000 13700
3219.000 13426
3220.000 13974
3221.000 13700
3222.000 13426
3223.000 13700
3224.000 13837
3225.000 13837
3226.000 13700
3227.000 13563
3228.000 13837
3229.000 13700
3230.000 13700
3231.000 13700
3232.000 13700
3233.000 13700
3234.000 13700
3235.000 13700
3236.000 13700
3237.000 13700
3238.000 13700
3239.000 13700
3240.000 13700
3241.000 13700
3242.000 13700
3243.000 13700
3244.000 13700
3245.000 13700
3246.000 13700
3247.000 13700
3248.000 13700
3249.000 13700
3250.000 13700
3251.000 13700
3252.000 13700
3253.000 13700
3254.000 13700
3255.000 13700
3256.000 13700
3257.000 13700
3258.000 13700
3259.000 13700
3260.000 13700
3261.000 13700
3262.000 13700
3263.000 13700
3264.000 13700
3265.000 13700
3266.000 13700
3267.000 13700
3268.000 13700
3269.000 13700
3270.000 13700
3271.000 13700
3272.000 13700
3273.000 13700
3274.000 13700
3275.000 13700
3276.000 13700
3277.000 13700
3278.000 13563
3279.000 13837
3280.000 13700
3281.000 13700
3282.000 13700
3283.000 13563
3284.000 13837
3285.000 13700
3286.000 13700
3287.000 13700
3288.000 13563
3289.000 13837
3290.000 13700
3291.000 13426
3292.000 13974
3293.000 13426
3294.000 13974
3295.000 13700
3296.000 13700
3297.000 13426
3298.000 13974
3299.000 13700
3300.000 13700
3301.000 13563
3302.000 13837
3303.000 13700
3304.000 13700
3305.000 13700
3306.000 13700
3307.000 13700
3308.000 13700
3309.000 13700
3310.000 13700
3311.000 13700
3312.000 13700
3313.000 13700
3314.000 13700
3315.000 13700
3316.000 13563
3317.000 13837
3318.000 13700
3319.000 13700
3320.000 13700
3321.000 13700
3322.000 13700
3323.000 13700
3324.000 13700
3325.000 13700
3326.000 13700
3327.000 13700
3328.000 13700
3329.000 13700
3330.000 13700
3331.000 13700
3332.000 13563
3333.000 13837
3334.000 13426
3335.000 13974
3336.000 13700
3337.000 13700
3338.000 13700
3339.000 13700
3340.000 13700
3341.000 13426
3342.000 13974
3343.000 13563
3344.000 13837
3345.000 13700
3346.000 13700
3347.000 13700
3348.000 13563
3349.000 13837
3350.000 13700
3351.000 13700
3352.000 13700
3353.000 13700
3354.000 13700
3355.000 13700
3356.000 13700
3357.000 13563
3358.000 13837
3359.000 13700
3360.000 13700
3361.000 13700
3362.000 13563
3363.000 13837
3364.000 13700
3365.000 13700
3366.000 13700
3367.000 13426
3368.000 13974
3369.000 13700
3370.000 13700
3371.000 13700
3372.000 13700
3373.000 13700
3374.000 13700
3375.000 13700
3376.000 13700
3377.000 13700
3378.000 13700
3379.000 13700
3380.000 13700
3381.000 13700
3382.000 13700
3383.000 13700
3384.000 13700
3385.000 13700
3386.000 13700
3387.000 13700
3388.000 13700
3389.000 13700
3390.000 13426
3391.000 13974
3392.000 13700
3393.000 13700
3394.000 13700
3395.000 13563
3396.000 13837
3397.000 13700
3398.000 13700
3399.000 13700
3400.000 13563
3401.000 13837
3402.000 13700
3403.000 13700
3404.000 13700
3405.000 13700
3406.000 13700
3407.000 13700
3408.000 13700
3409.000 13700
3410.000 13700
3411.000 13700
3412.000 13700
3413.000 13700
3414.000 13700
3415.000 13700
3416.000 13700
3417.000 13700
3418.000 13700
3419.000 13700
3420.000 13700
3421.000 13700
3422.000 13700
3423.000 13700
3424.000 13700
3425.000 13700
3426.000 13700
3427.000 13700
3428.000 13700
3429.000 13700
3430.000 13700
3431.000 13700
3432.000 13700
3433.000 13700
3434.000 13563
3435.000 13837
3436.000 13700
3437.000 13700
3438.000 13700
3439.000 13700
3440.000 13700
3441.000 13700
3442.000 13700
3443.000 13700
3444.000 13700
3445.000 13700
3446.000 13700
3447.000 13426
3448.000 13974
3449.000 13700
3450.000 13700
3451.000 13563
3452.000 13837
3453.000 13700
3454.000 13700
3455.000 13700
3456.000 13700
3457.000 13700
3458.000 13700
3459.000 13700
3460.000 13700
3461.000 13700
3462.000 13700
3463.000 13426
3464.000 13974
3465.000 13700
3466.000 13700
3467.000 13700
3468.000 13700
3469.000 13700
3470.000 13700
3471.000 13700
3472.000 13700
3473.000 13700
3474.000 13700
3475.000 13700
3476.000 13700
3477.000 13700
3478.000 13700
3479.000 13700
3480.000 13700
3481.000 13700
3482.000 13700
3483.000 13700
3484.000 13700
3485.000 13700
3486.000 13700
3487.000 13700
3488.000 13700
3489.000 13700
3490.000 13700
3491.000 13700
3492.000 13700
3493.000 13700
3494.000 13700
3495.000 13700
3496.000 13700
3497.000 13700
3498.000 13700
3499.000 13700
3500.000 13700
3501.000 13700
3502.000 13700
3503.000 13700
3504.000 13700
3505.000 13700
3506.000 13700
3507.000 13700
3508.000 13700
3509.000 13700
3510.000 13426
3511.000 13700
3512.000 13974
3513.000 13700
3514.000 13700
3515.000 13700
3516.000 13700
3517.000 13700
3518.000 13563
3519.000 13837
3520.000 13700
3521.000 13426
3522.000 13974
3523.000 13700
3524.000 13700
3525.000 13426
3526.000 13974
3527.000 13700
3528.000 13563
3529.000 13837
3530.000 13700
3531.000 13700
3532.000 13700
3533.000 13563
3534.000 13700
3535.000 13837
3536.000 13700
3537.000 13426
3538.000 13974
3539.000 13426
3540.000 13974
3541.000 13700
3542.000 13700
3543.000 13700
3544.000 13700
3545.000 13700
3546.000 13700
3547.000 13700
3548.000 13700
3549.000 13700
3550.000 13700
3551.000 13700
3552.000 13700
3553.000 13700
3554.000 13700
3555.000 13700
3556.000 13700
3557.000 13700
3558.000 13700
3559.000 13700
3560.000 13700
3561.000 13700
3562.000 13700
3563.000 13700
3564.000 13700
3565.000 13700
3566.000 13700
3567.000 13700
3568.000 13700
3569.000 13700
3570.000 13700
3571.000 13700
3572.000 13700
3573.000 13700
3574.000 13700
3575.000 13700
3576.000 13700
3577.000 13700
3578.000 13700
3579.000 13700
3580.000 13700
3581.000 13700
3582.000 13700
3583.000 13700
3584.000 13700
3585.000 13700
3586.000 13700
3587.000 13700
3588.000 13700
3589.000 13700
3590.000 13700
3591.000 13700
3592.000 13700
3593.000 13700
3594.000 13700
3595.000 13700
3596.000 13700
3597.000 13700
3598.000 13700
3599.000 13700
3600.000 13700
3601.000 13700
3602.000 13700
3603.000 13700
3604.000 13700
3605.000 13426
3606.000 13974
3607.000 13700
3608.000 13700
3609.000 13700
3610.000 13700
3611.000 13700
3612.000 13700
3613.000 13700
3614.000 13700
3615.000 13700
3616.000 13700
3617.000 13700
3618.000 13700
3619.000 13700
3620.000 13700
3621.000 13700
3622.000 13700
3623.000 13700
3624.000 13426
3625.000 13974
3626.000 13700
3627.000 13700
3628.000 13700
3629.000 13700
3630.000 13700
3631.000 13700
3632.000 13700
3633.000 13700
3634.000 13700
3635.000 13563
3636.000 13837
3637.000 13700
3638.000 13700
3639.000 13700
3640.000 13700
3641.000 13700
3642.000 13700
3643.000 13700
3644.000 13700
3645.000 13700
3646.000 13700
3647.000 13700
3648.000 13700
3649.000 13700
3650.000 13700
3651.000 13700
3652.000 13700
3653.000 13563
3654.000 13837
3655.000 13700
3656.000 13426
3657.000 13974
3658.000 13700
3659.000 13700
3660.000 13700
3661.000 13700
3662.000 13700
3663.000 13700
3664.000 13700
3665.000 13700
3666.000 13700
3667.000 13700
3668.000 13700
3669.000 13563
3670.000 13700
3671.000 13563
3672.000 13974
3673.000 13700
3674.000 13700
3675.000 13700
3676.000 13700
3677.000 13700
3678.000 13700
3679.000 13700
3680.000 13700
3681.000 13700
3682.000 13700
3683.000 13700
3684.000 13700
3685.000 13700
3686.000 13700
3687.000 13700
3688.000 13700
3689.000 13700
3690.000 13700
3691.000 13426
3692.000 13974
3693.000 13700
3694.000 13563
3695.000 13563
3696.000 13837
3697.000 13837
3698.000 13700
3699.000 13700
3700.000 13700
3701.000 13700
3702.000 13700
3703.000 13700
3704.000 13700
3705.000 13700
3706.000 13700
3707.000 13700
3708.000 13700
3709.000 13563
3710.000 13837
3711.000 13700
3712.000 13700
3713.000 13700
3714.000 13426
3715.000 13974
3716.000 13700
3717.000 13700
3718.000 13700
3719.000 13700
3720.000 13700
3721.000 13426
3722.000 13974
3723.000 13700
3724.000 13700
3725.000 13700
3726.000 13426
3727.000 13974
3728.000 13563
3729.000 13837
3730.000 13700
3731.000 13700
3732.000 13700
3733.000 13700
3734.000 13700
3735.000 13700
3736.000 13700
3737.000 13563
3738.000 13837
3739.000 13700
3740.000 13700
3741.000 13700
3742.000 13700
3743.000 13700
3744.000 13700
3745.000 13426
3746.000 13974
3747.000 13700
3748.000 13700
3749.000 13426
3750.000 13974
3751.000 13426
3752.000 13974
3753.000 13700
3754.000 13700
3755.000 13700
3756.000 13700
3757.000 13563
3758.000 13563
3759.000 13974
3760.000 13700
3761.000 13700
3762.000 13700
3763.000 13700
3764.000 13563
3765.000 13837
3766.000 13700
3767.000 13700
3768.000 13700
3769.000 13700
3770.000 13700
3771.000 13700
3772.000 13426
3773.000 13974
3774.000 13700
3775.000 13563
3776.000 13837
3777.000 13700
3778.000 13700
3779.000 13700
3780.000 13700
3781.000 13700
3782.000 13700
3783.000 13700
3784.000 13700
3785.000 13700
3786.000 13700
3787.000 13700
3788.000 13700
3789.000 13426
3790.000 13837
3791.000 13837
3792.000 13700
3793.000 13700
3794.000 13700
3795.000 13700
3796.000 13700
3797.000 13426
3798.000 13974
3799.000 13700
3800.000 13700
3801.000 13700
3802.000 13700
3803.000 13700
3804.000 13700
3805.000 13700
3806.000 13700
3807.000 13700
3808.000 13700
3809.000 13700
3810.000 13700
3811.000 13700
3812.000 13700
3813.000 13700
3814.000 13426
3815.000 13974
3816.000 13700
3817.000 13700
3818.000 13426
3819.000 13974
3820.000 13700
3821.000 13700
3822.000 13700
3823.000 13700
3824.000 13700
3825.000 13700
3826.000 13700
3827.000 13700
3828.000 13700
3829.000 13700
3830.000 13700
3831.000 13700
3832.000 13700
3833.000 13700
3834.000 13700
3835.000 13700
3836.000 13700
3837.000 13700
3838.000 13700
3839.000 13700
3840.000 13700
3841.000 13700
3842.000 13700
3843.000 13700
3844.000 13563
3845.000 13837
3846.000 13700
3847.000 13700
3848.000 13700
3849.000 13700
3850.000 13700
3851.000 13700
3852.000 13700
3853.000 13700
3854.000 13700
3855.000 13700
3856.000 13700
3857.000 13700
3858.000 13700
3859.000 13700
3860.000 13700
3861.000 13700
3862.000 13700
3863.000 13700
3864.000 13700
3865.000 13700
3866.000 13700
3867.000 13700
3868.000 13700
3869.000 13700
3870.000 13700
3871.000 13700
3872.000 13700
3873.000 13700
3874.000 13700
3875.000 13700
3876.000 13700
3877.000 13700
3878.000 13700
3879.000 13700
3880.000 13700
3881.000 13700
3882.000 13700
3883.000 13700
3884.000 13700
3885.000 13426
3886.000 13974
3887.000 13700
3888.000 13700
3889.000 13700
3890.000 13700
3891.000 13700
3892.000 13700
3893.000 13700
3894.000 13700
3895.000 13700
3896.000 13700
3897.000 13700
3898.000 13700
3899.000 13700
3900.000 13700
3901.000 13700
3902.000 13700
3903.000 13700
3904.000 13700
3905.000 13700
3906.000 13700
3907.000 13700
3908.000 13700
3909.000 13426
3910.000 13974
3911.000 13700
3912.000 13700
3913.000 13700
3914.000 13700
3915.000 13426
3916.000 13837
3917.000 13837
3918.000 13700
3919.000 13700
3920.000 13700
3921.000 13700
3922.000 13700
3923.000 13700
3924.000 13700
3925.000 13700
3926.000 13700
3927.000 13700
3928.000 13700
3929.000 13700
3930.000 13700
3931.000 13700
3932.000 13700
3933.000 13700
3934.000 13700
3935.000 13700
3936.000 13700
3937.000 13700
3938.000 13700
3939.000 13426
3940.000 13974
3941.000 13700
3942.000 13700
3943.000 13700
3944.000 13700
3945.000 13700
3946.000 13700
3947.000 13700
3948.000 13700
3949.000 13700
3950.000 13700
3951.000 13700
3952.000 13700
3953.000 13563
3954.000 13837
3955.000 13700
3956.000 13563
3957.000 13837
3958.000 13700
3959.000 13700
3960.000 13700
3961.000 13700
3962.000 13700
3963.000 13700
3964.000 13700
3965.000 13700
3966.000 13700
3967.000 13700
3968.000 13700
3969.000 13700
3970.000 13700
3971.000 13700
3972.000 13700
3973.000 13700
3974.000 13700
3975.000 13700
3976.000 13700
3977.000 13700
3978.000 13700
3979.000 13700
3980.000 13700
3981.000 13700
3982.000 13700
3983.000 13700
3984.000 13700
3985.000 13700
3986.000 13700
3987.000 13700
3988.000 13700
3989.000 13700
3990.000 13700
3991.000 13700
3992.000 13700
3993.000 13700
3994.000 13700
3995.000 13700
3996.000 13700
3997.000 13700
3998.000 13700
3999.000 13700
4000.000 13700
4001.000 13700
4002.000 13700
4003.000 13700
4004.000 13700
4005.000 13563
4006.000 13837
4007.000 13700
4008.000 13700
4009.000 13700
4010.000 13700
4011.000 13563
4012.000 13837
4013.000 13700
4014.000 13700
4015.000 13700
4016.000 13700
4017.000 13700
4018.000 13700
4019.000 13700
4020.000 13700
4021.000 13426
4022.000 13974
4023.000 13700
4024.000 13700
4025.000 13700
4026.000 13700
4027.000 13700
4028.000 13700
4029.000 13700
4030.000 13700
4031.000 13700
4032.000 13700
4033.000 13700
4034.000 13700
4035.000 13700
4036.000 13700
4037.000 13700
4038.000 13700
4039.000 13563
4040.000 13837
4041.000 13426
4042.000 13974
4043.000 13700
4044.000 13700
4045.000 13700
4046.000 13426
4047.000 13974
4048.000 13700
4049.000 13700
4050.000 13426
4051.000 13974
4052.000 13426
4053.000 13837
4054.000 13837
4055.000 13700
4056.000 13563
4057.000 13837
4058.000 13700
4059.000 13563
4060.000 13837
4061.000 13700
4062.000 13700
4063.000 13700
4064.000 13700
4065.000 13700
4066.000 13426
4067.000 13974
4068.000 13700
4069.000 13700
4070.000 13700
4071.000 13700
4072.000 13700
4073.000 13700
4074.000 13700
4075.000 13700
4076.000 13700
4077.000 13700
4078.000 13700
4079.000 13700
4080.000 13700
4081.000 13700
4082.000 13426
4083.000 13974
4084.000 13700
4085.000 13700
4086.000 13700
4087.000 13700
4088.000 13700
4089.000 13700
4090.000 13700
4091.000 13700
4092.000 13700
4093.000 13700
4094.000 13700
4095.000 13700
4096.000 13700
4097.000 13700
4098.000 13700
4099.000 13563
4100.000 13837
4101.000 13700
4102.000 13700
4103.000 13700
4104.000 13700
4105.000 13700
4106.000 13700
4107.000 13700
4108.000 13700
4109.000 13700
4110.000 13700
4111.000 13700
4112.000 13700
4113.000 13700
4114.000 13700
4115.000 13700
4116.000 13563
4117.000 13837
4118.000 13700
4119.000 13700
4120.000 13700
4121.000 13700
4122.000 13700
4123.000 13700
4124.000 13700
4125.000 13700
4126.000 13700
4127.000 13700
4128.000 13700
4129.000 13700
4130.000 13700
4131.000 13700
4132.000 13700
4133.000 13700
4134.000 13700
4135.000 13700
4136.000 13700
4137.000 13700
4138.000 13700
4139.000 13700
4140.000 13700
4141.000 13700
4142.000 13700
4143.000 13700
4144.000 13700
4145.000 13700
4146.000 13700
4147.000 13700
4148.000 13700
4149.000 13700
4150.000 13700
4151.000 13700
4152.000 13700
4153.000 13700
4154.000 13700
4155.000 13700
4156.000 13700
4157.000 13700
4158.000 13700
4159.000 13700
4160.000 13700
4161.000 13700
4162.000 13700
4163.000 13700
4164.000 13700
4165.000 13700
4166.000 13700
4167.000 13700
4168.000 13700
4169.000 13700
4170.000 13700
4171.000 13700
4172.000 13700
4173.000 13700
4174.000 13700
4175.000 13700
4176.000 13700
4177.000 13700
4178.000 13700
4179.000 13700
4180.000 13700
4181.000 13700
4182.000 13563
4183.000 13837
4184.000 13700
4185.000 13700
4186.000 13700
4187.000 13700
4188.000 13700
4189.000 13700
4190.000 13700
4191.000 13563
4192.000 13837
4193.000 13700
4194.000 13700
4195.000 13426
4196.000 13974
4197.000 13700
4198.000 13700
4199.000 13563
4200.000 13700
4201.000 13837
4202.000 13700
4203.000 13700
4204.000 13700
4205.000 13700
4206.000 13700
4207.000 13700
4208.000 13700
4209.000 13700
4210.000 13700
4211.000 13700
4212.000 13700
4213.000 13700
4214.000 13700
4215.000 13700
4216.000 13563
4217.000 13837
4218.000 13700
4219.000 13700
4220.000 13700
4221.000 13700
4222.000 13700
4223.000 13700
4224.000 13700
4225.000 13700
4226.000 13700
4227.000 13700
4228.000 13700
4229.000 13700
4230.000 13700
4231.000 13700
4232.000 13700
4233.000 13700
4234.000 13700
4235.000 13700
4236.000 13700
4237.000 13700
4238.000 13700
4239.000 13700
4240.000 13700
4241.000 13700
4242.000 13700
4243.000 13700
4244.000 13700
4245.000 13700
4246.000 13700
4247.000 13700
4248.000 13700
4249.000 13700
4250.000 13700
4251.000 13700
4252.000 13700
4253.000 13700
4254.000 13700
4255.000 13700
4256.000 13700
4257.000 13700
4258.000 13700
4259.000 13700
4260.000 13700
4261.000 13700
4262.000 13700
4263.000 13700
4264.000 13700
4265.000 13700
4266.000 13700
4267.000 13700
4268.000 13700
4269.000 13700
4270.000 13700
4271.000 13700
4272.000 13700
4273.000 13700
4274.000 13700
4275.000 13700
4276.000 13700
4277.000 13700
4278.000 13700
4279.000 13700
4280.000 13700
4281.000 13700
4282.000 13700
4283.000 13700
4284.000 13700
4285.000 13700
4286.000 13700
4287.000 13700
4288.000 13700
4289.000 13700
4290.000 13700
4291.000 13700
4292.000 13700
4293.000 13700
4294.000 13700
4295.000 13700
4296.000 13700
4297.000 13700
4298.000 13700
4299.000 13700
4300.000 13700
4301.000 13700
4302.000 13700
4303.000 13700
4304.000 13700
4305.000 13700
4306.000 13700
4307.000 13426
4308.000 13974
4309.000 13700
4310.000 13700
4311.000 13700
4312.000 13700
4313.000 13700
4314.000 13700
4315.000 13700
4316.000 13700
4317.000 13700
4318.000 13700
4319.000 13563
4320.000 13837
4321.000 13700
4322.000 13700
4323.000 13700
4324.000 13700
4325.000 13700
4326.000 13700
4327.000 13700
4328.000 13700
4329.000 13700
4330.000 13700
4331.000 13700
4332.000 13700
4333.000 13700
4334.000 13700
4335.000 13700
4336.000 13700
4337.000 13700
4338.000 13700
4339.000 13700
4340.000 13700
4341.000 13700
4342.000 13700
4343.000 13700
4344.000 13426
4345.000 13974
4346.000 13700
4347.000 13700
4348.000 13700
4349.000 13700
4350.000 13700
4351.000 13700
4352.000 13700
4353.000 13563
4354.000 13837
4355.000 13426
4356.000 13974
4357.000 13700
4358.000 13700
4359.000 13700
4360.000 13700
4361.000 13700
4362.000 13700
4363.000 13700
4364.000 13700
4365.000 13700
4366.000 13700
4367.000 13700
4368.000 13700
4369.000 13700
4370.000 13700
4371.000 13700
4372.000 13700
4373.000 13700
4374.000 13700
4375.000 13700
4376.000 13700
4377.000 13700
4378.000 13700
4379.000 13700
4380.000 13700
4381.000 13700
4382.000 13700
4383.000 13700
4384.000 13700
4385.000 13700
4386.000 13700
4387.000 13700
4388.000 13700
4389.000 13700
4390.000 13700
4391.000 13700
4392.000 13700
4393.000 13700
4394.000 13426
4395.000 13974
4396.000 13700
4397.000 13700
4398.000 13700
4399.000 13700
4400.000 13700
4401.000 13700
4402.000 13700
4403.000 13700
4404.000 13700
4405.000 13700
4406.000 13700
4407.000 13700
4408.000 13700
4409.000 13426
4410.000 13974
4411.000 13700
4412.000 13700
4413.000 13700
4414.000 13700
4415.000 13700
4416.000 13700
4417.000 13700
4418.000 13700
4419.000 13563
4420.000 13837
4421.000 13700
4422.000 13426
4423.000 13974
4424.000 13700
4425.000 13700
4426.000 13700
4427.000 13700
4428.000 13700
4429.000 13700
4430.000 13700
4431.000 13700
4432.000 13700
4433.000 13700
4434.000 13426
4435.000 13974
4436.000 13700
4437.000 13700
4438.000 13700
4439.000 13700
4440.000 13700
4441.000 13700
4442.000 13426
4443.000 13974
4444.000 13700
4445.000 13700
4446.000 13700
4447.000 13700
4448.000 13700
4449.000 13700
4450.000 13700
4451.000 13700
4452.000 13700
4453.000 13700
4454.000 13700
4455.000 13700
4456.000 13700
4457.000 13700
4458.000 13700
4459.000 13700
4460.000 13700
4461.000 13700
4462.000 13700
4463.000 13700
4464.000 13700
4465.000 13700
4466.000 13700
4467.000 13700
4468.000 13700
4469.000 13700
4470.000 13700
4471.000 13700
4472.000 13700
4473.000 13700
4474.000 13700
4475.000 13700
4476.000 13426
4477.000 13700
4478.000 13974
4479.000 13563
4480.000 13837
4481.000 13700
4482.000 13700
4483.000 13700
4484.000 13700
4485.000 13700
4486.000 13700
4487.000 13700
4488.000 13700
4489.000 13700
4490.000 13700
4491.000 13700
4492.000 13426
4493.000 13974
4494.000 13700
4495.000 13426
4496.000 13974
4497.000 13700
4498.000 13700
4499.000 13700
4500.000 13700
4501.000 13700
4502.000 13700
4503.000 13700
4504.000 13700
4505.000 13700
4506.000 13700
4507.000 13700
4508.000 13700
4509.000 13700
4510.000 13700
4511.000 13700
4512.000 13700
4513.000 13700
4514.000 13700
4515.000 13700
4516.000 13700
4517.000 13700
4518.000 13700
4519.000 13700
4520.000 13700
4521.000 13700
4522.000 13700
4523.000 13700
4524.000 13700
4525.000 13700
4526.000 13700
4527.000 13700
4528.000 13700
4529.000 13700
4530.000 13700
4531.000 13700
4532.000 13700
4533.000 13700
4534.000 13700
4535.000 13700
4536.000 13700
4537.000 13700
4538.000 13700
4539.000 13700
4540.000 13700
4541.000 13700
4542.000 13700
4543.000 13700
4544.000 13700
4545.000 13700
4546.000 13700
4547.000 13700
4548.000 13700
4549.000 13700
4550.000 13700
4551.000 13700
4552.000 13700
4553.000 13700
4554.000 13700
4555.000 13700
4556.000 13700
4557.000 13700
4558.000 13700
4559.000 13700
4560.000 13700
4561.000 13700
4562.000 13700
4563.000 13700
4564.000 13700
4565.000 13700
4566.000 13700
4567.000 13700
4568.000 13700
4569.000 13700
4570.000 13426
4571.000 13974
4572.000 13700
4573.000 13700
4574.000 13700
4575.000 13700
4576.000 13700
4577.000 13700
4578.000 13700
4579.000 13700
4580.000 13700
4581.000 13700
4582.000 13700
4583.000 13700
4584.000 13700
4585.000 13700
4586.000 13700
4587.000 13700
4588.000 13700
4589.000 13426
4590.000 13974
4591.000 13700
4592.000 13700
4593.000 13700
4594.000 13700
4595.000 13700
4596.000 13700
4597.000 13700
4598.000 13700
4599.000 13700
4600.000 13700
4601.000 13426
4602.000 13974
4603.000 13700
4604.000 13700
4605.000 13700
4606.000 13700
4607.000 13700
4608.000 13700
4609.000 13700
4610.000 13700
4611.000 13700
4612.000 13700
4613.000 13426
4614.000 13974
4615.000 13700
4616.000 13700
4617.000 13700
4618.000 13700
4619.000 13700
4620.000 13700
4621.000 13700
4622.000 13700
4623.000 13700
4624.000 13700
4625.000 13700
4626.000 13700
4627.000 13426
4628.000 13837
4629.000 13837
4630.000 13700
4631.000 13700
4632.000 13700
4633.000 13700
4634.000 13700
4635.000 13700
4636.000 13700
4637.000 13700
4638.000 13700
4639.000 13700
4640.000 13426
4641.000 13974
4642.000 13700
4643.000 13700
4644.000 13700
4645.000 13700
4646.000 13700
4647.000 13700
4648.000 13700
4649.000 13700
4650.000 13700
4651.000 13700
4652.000 13700
4653.000 13700
4654.000 13700
4655.000 13700
4656.000 13700
4657.000 13700
4658.000 13700
4659.000 13700
4660.000 13700
4661.000 13700
4662.000 13700
4663.000 13700
4664.000 13700
4665.000 13700
4666.000 13700
4667.000 13700
4668.000 13700
4669.000 13700
4670.000 13700
4671.000 13426
4672.000 13974
4673.000 13700
4674.000 13700
4675.000 13700
4676.000 13700
4677.000 13700
4678.000 13700
4679.000 13700
4680.000 13700
4681.000 13700
4682.000 13700
4683.000 13700
4684.000 13700
4685.000 13700
4686.000 13700
4687.000 13700
4688.000 13700
4689.000 13700
4690.000 13700
4691.000 13700
4692.000 13700
4693.000 13700
4694.000 13700
4695.000 13700
4696.000 13700
4697.000 13700
4698.000 13700
4699.000 13700
4700.000 13700
4701.000 13700
4702.000 13700
4703.000 13700
4704.000 13700
4705.000 13700
4706.000 13700
4707.000 13700
4708.000 13700
4709.000 13700
4710.000 13700
4711.000 13700
4712.000 13700
4713.000 13700
4714.000 13700
4715.000 13700
4716.000 13700
4717.000 13700
4718.000 13563
4719.000 13837
4720.000 13700
4721.000 13700
4722.000 13700
4723.000 13700
4724.000 13700
4725.000 13700
4726.000 13700
4727.000 13700
4728.000 13700
4729.000 13700
4730.000 13700
4731.000 13700
4732.000 13426
4733.000 13974
4734.000 13700
4735.000 13700
4736.000 13426
4737.000 13974
4738.000 13700
4739.000 13700
4740.000 13700
4741.000 13700
4742.000 13700
4743.000 13700
4744.000 13700
4745.000 13700
4746.000 13700
4747.000 13700
4748.000 13700
4749.000 13700
4750.000 13700
4751.000 13700
4752.000 13700
4753.000 13700
4754.000 13700
4755.000 13700
4756.000 13700
4757.000 13700
4758.000 13563
4759.000 13837
4760.000 13426
4761.000 13974
4762.000 13700
4763.000 13563
4764.000 13837
4765.000 13700
4766.000 13700
4767.000 13700
4768.000 13700
4769.000 13700
4770.000 13700
4771.000 2466
