# Slice: URLLC | 10.215.173.1:49006 -> 112.217.128.200:18747 (UDP)
# offset_sec  packet_size_bytes
0.000 384
1.000 8698
2.000 20898
3.000 20286
4.000 16640
5.000 19462
6.000 16015
7.000 15727
8.000 26088
9.000 25216
10.000 19188
11.000 20012
12.000 15430
13.000 15830
14.000 19310
15.000 21172
16.000 16486
17.000 17372
18.000 15709
19.000 14386
20.000 15180
21.000 17028
22.000 16628
23.000 13286
24.000 13758
25.000 13944
26.000 26534
27.000 15088
28.000 13340
29.000 13874
30.000 24640
31.000 14592
32.000 13876
33.000 23276
34.000 16404
35.000 14278
36.000 16164
37.000 14494
38.000 15284
39.000 14124
40.000 14634
41.000 14512
42.000 14758
43.000 16860
44.000 13914
45.000 14462
46.000 16670
47.000 13968
48.000 15426
49.000 17776
50.000 14080
51.000 15526
52.000 16048
53.000 13810
54.000 14480
55.000 17478
56.000 14762
57.000 16474
58.000 16180
59.000 14986
60.000 14010
61.000 24384
62.000 13718
63.000 21740
64.000 11970
65.000 12930
66.000 19450
67.000 12352
68.000 12340
69.000 13028
70.000 13616
71.000 19300
72.000 12574
73.000 11972
74.000 13270
75.000 11248
76.000 22818
77.000 14058
78.000 14010
79.000 14414
80.000 15709
81.000 14686
82.000 13622
83.000 15166
84.000 15070
85.000 14600
86.000 13944
87.000 15170
88.000 14508
89.000 23566
90.000 13874
91.000 13372
92.000 14534
93.000 21474
94.000 13098
95.000 12176
96.000 16032
97.000 18096
98.000 15779
99.000 19144
100.000 17958
101.000 15262
102.000 16294
103.000 17482
104.000 16114
105.000 12798
106.000 15911
107.000 19218
108.000 17484
109.000 16298
110.000 15864
111.000 16271
112.000 22386
113.000 15140
114.000 14462
115.000 14262
116.000 14668
117.000 24558
118.000 13740
119.000 15174
120.000 15768
121.000 19370
122.000 13944
123.000 15458
124.000 13032
125.000 16114
126.000 17216
127.000 13876
128.000 15438
129.000 13622
130.000 15188
131.000 14150
132.000 15186
133.000 13874
134.000 15258
135.000 16332
136.000 13874
137.000 13928
138.000 14750
139.000 13740
140.000 13810
141.000 15528
142.000 15322
143.000 13692
144.000 13874
145.000 14718
146.000 13356
147.000 15188
148.000 16063
149.000 13692
150.000 14010
151.000 13960
152.000 16133
153.000 14480
154.000 13152
155.000 14938
156.000 14464
157.000 13404
158.000 14668
159.000 14852
160.000 13740
161.000 13442
162.000 14480
163.000 13994
164.000 14920
165.000 13286
166.000 14734
167.000 13874
168.000 13034
169.000 14598
170.000 14128
171.000 14030
172.000 15052
173.000 13756
174.000 14788
175.000 14466
176.000 13402
177.000 13946
178.000 13740
179.000 15002
180.000 13258
181.000 14294
182.000 14480
183.000 14198
184.000 14970
185.000 14346
186.000 14080
187.000 14598
188.000 13922
189.000 13826
190.000 13286
191.000 15056
192.000 13826
193.000 13758
194.000 14716
195.000 13238
196.000 13896
197.000 14010
198.000 13220
199.000 14734
200.000 13740
201.000 14756
202.000 13034
203.000 14126
204.000 15258
205.000 14732
206.000 14852
207.000 14414
208.000 13876
209.000 14566
210.000 13474
211.000 14718
212.000 25442
213.000 13490
214.000 13858
215.000 14632
216.000 13928
217.000 24322
218.000 13424
219.000 14686
220.000 13756
221.000 13356
222.000 14532
223.000 14598
224.000 13740
225.000 13238
226.000 15030
227.000 13896
228.000 14118
229.000 13818
230.000 14750
231.000 14014
232.000 14566
233.000 13150
234.000 15008
235.000 14614
236.000 15206
237.000 13356
238.000 15170
239.000 13892
240.000 13220
241.000 14326
242.000 14700
243.000 14198
244.000 14710
245.000 20914
246.000 16724
247.000 14598
248.000 14040
249.000 14550
250.000 14010
251.000 13740
252.000 13560
253.000 15106
254.000 14598
255.000 13944
256.000 13286
257.000 14210
258.000 14080
259.000 14582
260.000 13150
261.000 14150
262.000 14684
263.000 15442
264.000 13258
265.000 14852
266.000 13740
267.000 13778
268.000 14852
269.000 14464
270.000 14062
271.000 13892
272.000 14214
273.000 13944
274.000 14128
275.000 14918
276.000 14180
277.000 13874
278.000 14734
279.000 13222
280.000 14464
281.000 14010
282.000 14030
283.000 13876
284.000 13874
285.000 14552
286.000 13420
287.000 15744
288.000 14820
289.000 14430
290.000 14010
291.000 13858
292.000 14890
293.000 13740
294.000 13168
295.000 14786
296.000 14732
297.000 13740
298.000 24526
299.000 14598
300.000 13892
301.000 15054
302.000 19750
303.000 14010
304.000 14280
305.000 14010
306.000 13722
307.000 15678
308.000 14628
309.000 13286
310.000 14804
311.000 13874
312.000 14686
313.000 13808
314.000 14750
315.000 14480
316.000 18304
317.000 14634
318.000 17556
319.000 19714
320.000 18038
321.000 17718
322.000 20408
323.000 17964
324.000 17782
325.000 18928
326.000 16268
327.000 16668
328.000 16864
329.000 15675
330.000 16024
331.000 18886
332.000 17054
333.000 19578
334.000 19486
335.000 20606
336.000 18766
337.000 18714
338.000 19258
339.000 18718
340.000 16816
341.000 18654
342.000 17874
343.000 20328
344.000 16824
345.000 15426
346.000 16954
347.000 16752
348.000 18592
349.000 20846
350.000 14848
351.000 18994
352.000 21042
353.000 20654
354.000 15008
355.000 14330
356.000 15356
357.000 15516
358.000 13296
359.000 14520
360.000 21380
361.000 14412
362.000 13690
363.000 15590
364.000 13928
365.000 13780
366.000 14716
367.000 13172
368.000 15190
369.000 16634
370.000 14140
371.000 17994
372.000 14526
373.000 17348
374.000 23512
375.000 19984
376.000 16288
377.000 14720
378.000 13622
379.000 13944
380.000 20312
381.000 19800
382.000 20164
383.000 21748
384.000 18172
385.000 20422
386.000 19936
387.000 18652
388.000 18414
389.000 14010
390.000 14190
391.000 15730
392.000 16988
393.000 17836
394.000 33034
395.000 12898
396.000 14494
397.000 22750
398.000 16978
399.000 13342
400.000 16544
401.000 14594
402.000 18304
403.000 15765
404.000 14088
405.000 15026
406.000 14096
407.000 13740
408.000 14868
409.000 13204
410.000 14084
411.000 13740
412.000 14906
413.000 13152
414.000 13954
415.000 13756
416.000 14080
417.000 13270
418.000 14344
419.000 15764
420.000 14344
421.000 15948
422.000 13308
423.000 14986
424.000 14598
425.000 14842
426.000 13150
427.000 13994
428.000 13944
429.000 13286
430.000 13740
431.000 20240
432.000 21270
433.000 13892
434.000 16156
435.000 21366
436.000 16306
437.000 20002
438.000 22762
439.000 31354
440.000 33906
441.000 25890
442.000 24888
443.000 15684
444.000 14040
445.000 13420
446.000 13810
447.000 13892
448.000 13488
449.000 14786
450.000 14278
451.000 14836
452.000 13896
453.000 13908
454.000 14600
455.000 13810
456.000 28556
457.000 23858
458.000 13928
459.000 13874
460.000 14900
461.000 18350
462.000 14890
463.000 19426
464.000 14552
465.000 13740
466.000 13404
467.000 13944
468.000 13876
469.000 13740
470.000 14550
471.000 13302
472.000 14300
473.000 14594
474.000 15276
475.000 13016
476.000 14300
477.000 13922
478.000 15088
479.000 13404
480.000 14654
481.000 14812
482.000 14322
483.000 14010
484.000 14480
485.000 14064
486.000 14716
487.000 14124
488.000 13574
489.000 15324
490.000 13404
491.000 14684
492.000 14432
493.000 13874
494.000 14214
495.000 13992
496.000 18490
497.000 27000
498.000 17592
499.000 13740
500.000 14324
501.000 13222
502.000 13960
503.000 15390
504.000 13826
505.000 14732
506.000 13404
507.000 26890
508.000 13912
509.000 14010
510.000 14348
511.000 15204
512.000 13960
513.000 13222
514.000 14128
515.000 14478
516.000 15036
517.000 13362
518.000 15458
519.000 14652
520.000 14026
521.000 14010
522.000 14888
523.000 13876
524.000 13016
525.000 14064
526.000 13874
527.000 13892
528.000 13086
529.000 14598
530.000 24722
531.000 14080
532.000 13844
533.000 14580
534.000 18758
535.000 30772
536.000 13660
537.000 19562
538.000 13778
539.000 14598
540.000 13826
541.000 14052
542.000 13392
543.000 14064
544.000 14560
545.000 14008
546.000 15052
547.000 14200
548.000 14328
549.000 14080
550.000 13168
551.000 14480
552.000 15864
553.000 14538
554.000 13538
555.000 13944
556.000 14314
557.000 20904
558.000 20030
559.000 21206
560.000 17066
561.000 17420
562.000 16274
563.000 23548
564.000 22492
565.000 20854
566.000 15532
567.000 14666
568.000 14346
569.000 13404
570.000 14708
571.000 14598
572.000 14804
573.000 13102
574.000 14852
575.000 13756
576.000 14670
577.000 21134
578.000 20722
579.000 14062
580.000 13892
581.000 14580
582.000 14534
583.000 13104
584.000 13740
585.000 16324
586.000 20044
587.000 21418
588.000 17572
589.000 14584
590.000 17796
591.000 17452
592.000 18156
593.000 15038
594.000 16091
595.000 15004
596.000 16049
597.000 20128
598.000 17946
599.000 17666
600.000 17460
601.000 19040
602.000 18630
603.000 18148
604.000 20740
605.000 19904
606.000 21006
607.000 15020
608.000 19802
609.000 17494
610.000 17230
611.000 15374
612.000 16038
613.000 20694
614.000 29654
615.000 19628
616.000 20760
617.000 21108
618.000 19544
619.000 19908
620.000 17408
621.000 19298
622.000 19990
623.000 19636
624.000 17782
625.000 18694
626.000 17942
627.000 18568
628.000 17800
629.000 16964
630.000 16564
631.000 15906
632.000 14888
633.000 14684
634.000 15140
635.000 13606
636.000 15322
637.000 13646
638.000 19792
639.000 16242
640.000 16664
641.000 18506
642.000 16870
643.000 14226
644.000 16312
645.000 17694
646.000 14804
647.000 14582
648.000 14010
649.000 13960
650.000 14600
651.000 14716
652.000 13946
653.000 13544
654.000 14462
655.000 14158
656.000 13302
657.000 14570
658.000 20300
659.000 18812
660.000 15232
661.000 20410
662.000 14684
663.000 16396
664.000 19112
665.000 16242
666.000 17608
667.000 14508
668.000 16696
669.000 15146
670.000 16081
671.000 14086
672.000 18374
673.000 17840
674.000 17902
675.000 16860
676.000 20626
677.000 20522
678.000 17638
679.000 15038
680.000 16011
681.000 15160
682.000 16364
683.000 13960
684.000 13742
685.000 14462
686.000 15540
687.000 16412
688.000 15945
689.000 13846
690.000 16712
691.000 19486
692.000 19244
693.000 18908
694.000 17996
695.000 18470
696.000 19328
697.000 17340
698.000 19820
699.000 21510
700.000 15468
701.000 14616
702.000 14716
703.000 13324
704.000 14564
705.000 14868
706.000 13340
707.000 14210
708.000 14010
709.000 14454
710.000 13152
711.000 13892
712.000 14062
713.000 13254
714.000 14614
715.000 14198
716.000 13874
717.000 18100
718.000 17548
719.000 18240
720.000 15474
721.000 18386
722.000 18672
723.000 18598
724.000 18184
725.000 19366
726.000 20036
727.000 17648
728.000 15570
729.000 13774
730.000 14646
731.000 18058
732.000 17914
733.000 17388
734.000 18878
735.000 17280
736.000 14422
737.000 14638
738.000 14752
739.000 16298
740.000 15642
741.000 14558
742.000 17826
743.000 15644
744.000 18006
745.000 14590
746.000 16596
747.000 16526
748.000 17020
749.000 14096
750.000 13604
751.000 13876
752.000 15028
753.000 14818
754.000 13016
755.000 14064
756.000 16105
757.000 22926
758.000 16318
759.000 21696
760.000 15370
761.000 18366
762.000 18632
763.000 18660
764.000 18290
765.000 20726
766.000 18080
767.000 20022
768.000 17674
769.000 17164
770.000 19856
771.000 22070
772.000 19808
773.000 16560
774.000 18420
775.000 20462
776.000 21824
777.000 16214
778.000 16712
779.000 19706
780.000 16266
781.000 20578
782.000 23718
783.000 16688
784.000 15156
785.000 18542
786.000 18702
787.000 18502
788.000 18118
789.000 19146
790.000 17408
791.000 20438
792.000 21128
793.000 19216
794.000 20936
795.000 18994
796.000 17886
797.000 19696
798.000 16174
799.000 18452
800.000 19068
801.000 19968
802.000 19192
803.000 18470
804.000 18246
805.000 19016
806.000 18620
807.000 20210
808.000 17042
809.000 15868
810.000 17372
811.000 13816
812.000 14156
813.000 14702
814.000 14810
815.000 13356
816.000 16944
817.000 20084
818.000 20844
819.000 20218
820.000 17544
821.000 19914
822.000 19112
823.000 19790
824.000 19220
825.000 17526
826.000 16223
827.000 19214
828.000 18872
829.000 19132
830.000 19894
831.000 16011
832.000 14904
833.000 14920
834.000 14840
835.000 17586
836.000 19282
837.000 19522
838.000 17438
839.000 15146
840.000 18124
841.000 19486
842.000 19942
843.000 14866
844.000 17782
845.000 13858
846.000 13810
847.000 14616
848.000 16882
849.000 15518
850.000 18580
851.000 17670
852.000 14882
853.000 18868
854.000 16392
855.000 17532
856.000 16842
857.000 19872
858.000 18318
859.000 15789
860.000 13920
861.000 14822
862.000 19682
863.000 19614
864.000 16956
865.000 20158
866.000 17704
867.000 18150
868.000 15092
869.000 19808
870.000 19304
871.000 15186
872.000 16164
873.000 14736
874.000 15060
875.000 15590
876.000 17396
877.000 17386
878.000 14148
879.000 18944
880.000 15888
881.000 14724
882.000 17986
883.000 16355
884.000 13740
885.000 13568
886.000 16171
887.000 20106
888.000 14474
889.000 16672
890.000 14422
891.000 18652
892.000 17506
893.000 18838
894.000 17744
895.000 17656
896.000 16718
897.000 17112
898.000 17326
899.000 13992
900.000 18830
901.000 19694
902.000 16700
903.000 20022
904.000 16114
905.000 19084
906.000 19708
907.000 21116
908.000 20836
909.000 18392
910.000 14074
911.000 17744
912.000 16171
913.000 20764
914.000 19176
915.000 22364
916.000 20272
917.000 17394
918.000 18538
919.000 20628
920.000 18622
921.000 19412
922.000 15044
923.000 20780
924.000 19628
925.000 19718
926.000 20898
927.000 20432
928.000 20694
929.000 20788
930.000 16091
931.000 18708
932.000 23070
933.000 19062
934.000 20122
935.000 20662
936.000 19694
937.000 19472
938.000 19924
939.000 21404
940.000 20586
941.000 21154
942.000 20944
943.000 19656
944.000 18992
945.000 20400
946.000 17532
947.000 19068
948.000 14410
949.000 17500
950.000 14194
951.000 19424
952.000 18164
953.000 17714
954.000 17730
955.000 19656
956.000 20198
957.000 16524
958.000 17970
959.000 19058
960.000 18630
961.000 18502
962.000 15620
963.000 16508
964.000 15860
965.000 18492
966.000 17988
967.000 16202
968.000 19442
969.000 13538
970.000 18042
971.000 17888
972.000 17796
973.000 17600
974.000 18060
975.000 21276
976.000 19178
977.000 20092
978.000 20238
979.000 19746
980.000 21714
981.000 21372
982.000 19528
983.000 19436
984.000 19248
985.000 20088
986.000 19570
987.000 20726
988.000 19130
989.000 18754
990.000 14298
991.000 15702
992.000 18166
993.000 19116
994.000 21090
995.000 19204
996.000 18380
997.000 20664
998.000 18360
999.000 18108
1000.000 18654
1001.000 19288
1002.000 18274
1003.000 14204
1004.000 19282
1005.000 14536
1006.000 14652
1007.000 15978
1008.000 15078
1009.000 15366
1010.000 18476
1011.000 17806
1012.000 17350
1013.000 17544
1014.000 16788
1015.000 16824
1016.000 19446
1017.000 17758
1018.000 19580
1019.000 18942
1020.000 19556
1021.000 18548
1022.000 16438
1023.000 15702
1024.000 18936
1025.000 17936
1026.000 17178
1027.000 18708
1028.000 18582
1029.000 14628
1030.000 15982
1031.000 13286
1032.000 14478
1033.000 14668
1034.000 13826
1035.000 13286
1036.000 13982
1037.000 14032
1038.000 13874
1039.000 13810
1040.000 13936
1041.000 14128
1042.000 14820
1043.000 14132
1044.000 18710
1045.000 17374
1046.000 19536
1047.000 19220
1048.000 15990
1049.000 14310
1050.000 14766
1051.000 17368
1052.000 18270
1053.000 18000
1054.000 15420
1055.000 14560
1056.000 14668
1057.000 15826
1058.000 15732
1059.000 20068
1060.000 19614
1061.000 16664
1062.000 14434
1063.000 14724
1064.000 13998
1065.000 14048
1066.000 16129
1067.000 19264
1068.000 18462
1069.000 14780
1070.000 14052
1071.000 13630
1072.000 13756
1073.000 14080
1074.000 14684
1075.000 14598
1076.000 13946
1077.000 13890
1078.000 13858
1079.000 14702
1080.000 23312
1081.000 28202
1082.000 18290
1083.000 13740
1084.000 13254
1085.000 14668
1086.000 24648
1087.000 23140
1088.000 13530
1089.000 13890
1090.000 14202
1091.000 16011
1092.000 15472
1093.000 15492
1094.000 14300
1095.000 13928
1096.000 16032
1097.000 13150
1098.000 16570
1099.000 18822
1100.000 14056
1101.000 13810
1102.000 13892
1103.000 14462
1104.000 14284
1105.000 14480
1106.000 14112
1107.000 13940
1108.000 14976
1109.000 13874
1110.000 25954
1111.000 16670
1112.000 17332
1113.000 18012
1114.000 18520
1115.000 16001
1116.000 17460
1117.000 18308
1118.000 19146
1119.000 18046
1120.000 19386
1121.000 17866
1122.000 17960
1123.000 14340
1124.000 14172
1125.000 19060
1126.000 17540
1127.000 18760
1128.000 20422
1129.000 19728
1130.000 19318
1131.000 19864
1132.000 18004
1133.000 20726
1134.000 17976
1135.000 15110
1136.000 13740
1137.000 13960
1138.000 15266
1139.000 18236
1140.000 16448
1141.000 16258
1142.000 14618
1143.000 14276
1144.000 14682
1145.000 13152
1146.000 15370
1147.000 14204
1148.000 14692
1149.000 14000
1150.000 13152
1151.000 14446
1152.000 14804
1153.000 13756
1154.000 13238
1155.000 15256
1156.000 14128
1157.000 14464
1158.000 16932
1159.000 14128
1160.000 15498
1161.000 19290
1162.000 17070
1163.000 17288
1164.000 18754
1165.000 21318
1166.000 16720
1167.000 17812
1168.000 15741
1169.000 19610
1170.000 17044
1171.000 15494
1172.000 17206
1173.000 18392
1174.000 19702
1175.000 20570
1176.000 17954
1177.000 17884
1178.000 19400
1179.000 14886
1180.000 19546
1181.000 16648
1182.000 20886
1183.000 19492
1184.000 16250
1185.000 15734
1186.000 13800
1187.000 13756
1188.000 18708
1189.000 19260
1190.000 18128
1191.000 20252
1192.000 19136
1193.000 19408
1194.000 21298
1195.000 19214
1196.000 16926
1197.000 19448
1198.000 17148
1199.000 19234
1200.000 19362
1201.000 19720
1202.000 19254
1203.000 16982
1204.000 14656
1205.000 17374
1206.000 16336
1207.000 17874
1208.000 17944
1209.000 16476
1210.000 18366
1211.000 20040
1212.000 16302
1213.000 19364
1214.000 14534
1215.000 16223
1216.000 20116
1217.000 16148
1218.000 13858
1219.000 15280
1220.000 16284
1221.000 20120
1222.000 20368
1223.000 22174
1224.000 20944
1225.000 19414
1226.000 20984
1227.000 21590
1228.000 13238
1229.000 14086
1230.000 16188
1231.000 17170
1232.000 15446
1233.000 18536
1234.000 16946
1235.000 20372
1236.000 27472
1237.000 20432
1238.000 17998
1239.000 16370
1240.000 18320
1241.000 17814
1242.000 15054
1243.000 19752
1244.000 21346
1245.000 14644
1246.000 17434
1247.000 16828
1248.000 17970
1249.000 19026
1250.000 17004
1251.000 14830
1252.000 17186
1253.000 27068
1254.000 18256
1255.000 14800
1256.000 15720
1257.000 16081
1258.000 16209
1259.000 14258
1260.000 14588
1261.000 16126
1262.000 15664
1263.000 13796
1264.000 14882
1265.000 20340
1266.000 20058
1267.000 19042
1268.000 16796
1269.000 17456
1270.000 20236
1271.000 17694
1272.000 16928
1273.000 18744
1274.000 17928
1275.000 22342
1276.000 15442
1277.000 14864
1278.000 14732
1279.000 19064
1280.000 17602
1281.000 21080
1282.000 17376
1283.000 18114
1284.000 18980
1285.000 14792
1286.000 15638
1287.000 18946
1288.000 14870
1289.000 13286
1290.000 13892
1291.000 14046
1292.000 13892
1293.000 15400
1294.000 16632
1295.000 14136
1296.000 14772
1297.000 16124
1298.000 16888
1299.000 18392
1300.000 18938
1301.000 21322
1302.000 17234
1303.000 17874
1304.000 15188
1305.000 19056
1306.000 17420
1307.000 17556
1308.000 13834
1309.000 19700
1310.000 19498
1311.000 18624
1312.000 16588
1313.000 18854
1314.000 20082
1315.000 15959
1316.000 19868
1317.000 15671
1318.000 18450
1319.000 21418
1320.000 19120
1321.000 19332
1322.000 22164
1323.000 19874
1324.000 20890
1325.000 20468
1326.000 20372
1327.000 21310
1328.000 19558
1329.000 20842
1330.000 19160
1331.000 22650
1332.000 17770
1333.000 19518
1334.000 16910
1335.000 16242
1336.000 17006
1337.000 14978
1338.000 15660
1339.000 17138
1340.000 17060
1341.000 20348
1342.000 18040
1343.000 19254
1344.000 19016
1345.000 18676
1346.000 19426
1347.000 20232
1348.000 19608
1349.000 16592
1350.000 15460
1351.000 13890
1352.000 15928
1353.000 17792
1354.000 18144
1355.000 16828
1356.000 14948
1357.000 17920
1358.000 20162
1359.000 13840
1360.000 17340
1361.000 16412
1362.000 16644
1363.000 14404
1364.000 14166
1365.000 14894
1366.000 16914
1367.000 20974
1368.000 17922
1369.000 22860
1370.000 19698
1371.000 20452
1372.000 16482
1373.000 17454
1374.000 19324
1375.000 19838
1376.000 19876
1377.000 19408
1378.000 17296
1379.000 16440
1380.000 18850
1381.000 19074
1382.000 14236
1383.000 15404
1384.000 15456
1385.000 14398
1386.000 16360
1387.000 17228
1388.000 16228
1389.000 17726
1390.000 18384
1391.000 19682
1392.000 19230
1393.000 19308
1394.000 16580
1395.000 16584
1396.000 18024
1397.000 20274
1398.000 21672
1399.000 18468
1400.000 18892
1401.000 17876
1402.000 18886
1403.000 17152
1404.000 16948
1405.000 19742
1406.000 20062
1407.000 17674
1408.000 20044
1409.000 20914
1410.000 19652
1411.000 20644
1412.000 18152
1413.000 19848
1414.000 18452
1415.000 18236
1416.000 21722
1417.000 18108
1418.000 19242
1419.000 19576
1420.000 18680
1421.000 19810
1422.000 21294
1423.000 19086
1424.000 19782
1425.000 19118
1426.000 18230
1427.000 19682
1428.000 17392
1429.000 16616
1430.000 18994
1431.000 20888
1432.000 20302
1433.000 19042
1434.000 17358
1435.000 20278
1436.000 18632
1437.000 20372
1438.000 24614
1439.000 19590
1440.000 27042
1441.000 19634
1442.000 19954
1443.000 21016
1444.000 19848
1445.000 16528
1446.000 20246
1447.000 20054
1448.000 18008
1449.000 20456
1450.000 17634
1451.000 19106
1452.000 18258
1453.000 18172
1454.000 20494
1455.000 20136
1456.000 18618
1457.000 17382
1458.000 21272
1459.000 20012
1460.000 17368
1461.000 19362
1462.000 21280
1463.000 19494
1464.000 17484
1465.000 17064
1466.000 18490
1467.000 18146
1468.000 19706
1469.000 21104
1470.000 19650
1471.000 18720
1472.000 20734
1473.000 20188
1474.000 18724
1475.000 15432
1476.000 18588
1477.000 18496
1478.000 18676
1479.000 21004
1480.000 25332
1481.000 20088
1482.000 19592
1483.000 19774
1484.000 19204
1485.000 17208
1486.000 16856
1487.000 15802
1488.000 13924
1489.000 14144
1490.000 15034
1491.000 14516
1492.000 14510
1493.000 18106
1494.000 19732
1495.000 19290
1496.000 19938
1497.000 17328
1498.000 14480
1499.000 14128
1500.000 13946
1501.000 14580
1502.000 14342
1503.000 16260
1504.000 19818
1505.000 16610
1506.000 18404
1507.000 19326
1508.000 15926
1509.000 17872
1510.000 14364
1511.000 14716
1512.000 14080
1513.000 18982
1514.000 14748
1515.000 14150
1516.000 14798
1517.000 18558
1518.000 14784
1519.000 18924
1520.000 13892
1521.000 19326
1522.000 21452
1523.000 14706
1524.000 15000
1525.000 15022
1526.000 15050
1527.000 13340
1528.000 14794
1529.000 13976
1530.000 14214
1531.000 16736
1532.000 14164
1533.000 14786
1534.000 13892
1535.000 16030
1536.000 15862
1537.000 14756
1538.000 15256
1539.000 15822
1540.000 15004
1541.000 14480
1542.000 14398
1543.000 14128
1544.000 13874
1545.000 15532
1546.000 14522
1547.000 18116
1548.000 16070
1549.000 19374
1550.000 16802
1551.000 19852
1552.000 19944
1553.000 19744
1554.000 14234
1555.000 16958
1556.000 16246
1557.000 17168
1558.000 16020
1559.000 15584
1560.000 13922
1561.000 19086
1562.000 14326
1563.000 16530
1564.000 13228
1565.000 16674
1566.000 18294
1567.000 16185
1568.000 17374
1569.000 25070
1570.000 17354
1571.000 18134
1572.000 18970
1573.000 18018
1574.000 19052
1575.000 19228
1576.000 20386
1577.000 19532
1578.000 19636
1579.000 20448
1580.000 18936
1581.000 20080
1582.000 20004
1583.000 19942
1584.000 16190
1585.000 18158
1586.000 15526
1587.000 17010
1588.000 19936
1589.000 16540
1590.000 20658
1591.000 21242
1592.000 18548
1593.000 19216
1594.000 20396
1595.000 18418
1596.000 19956
1597.000 18684
1598.000 18910
1599.000 18192
1600.000 19868
1601.000 21826
1602.000 19860
1603.000 22146
1604.000 18684
1605.000 19008
1606.000 19868
1607.000 15146
1608.000 16680
1609.000 14928
1610.000 16964
1611.000 17928
1612.000 20348
1613.000 21842
1614.000 36200
1615.000 20568
1616.000 18666
1617.000 17450
1618.000 19026
1619.000 19112
1620.000 15949
1621.000 19574
1622.000 19584
1623.000 20322
1624.000 18076
1625.000 19102
1626.000 21142
1627.000 20866
1628.000 16011
1629.000 16574
1630.000 18230
1631.000 20288
1632.000 18356
1633.000 18204
1634.000 21996
1635.000 19642
1636.000 19980
1637.000 20646
1638.000 20726
1639.000 19058
1640.000 16784
1641.000 15882
1642.000 15110
1643.000 18634
1644.000 16744
1645.000 17826
1646.000 21666
1647.000 17626
1648.000 20068
1649.000 20464
1650.000 21470
1651.000 19288
1652.000 20062
1653.000 18184
1654.000 19484
1655.000 19386
1656.000 20704
1657.000 21564
1658.000 19120
1659.000 19956
1660.000 20992
1661.000 18334
1662.000 18894
1663.000 20538
1664.000 21772
1665.000 18768
1666.000 20034
1667.000 18200
1668.000 18354
1669.000 26762
1670.000 23338
1671.000 19844
1672.000 18732
1673.000 17854
1674.000 23228
1675.000 20228
1676.000 18242
1677.000 19376
1678.000 20138
1679.000 19972
1680.000 18708
1681.000 17922
1682.000 19374
1683.000 20638
1684.000 19470
1685.000 21380
1686.000 18454
1687.000 21346
1688.000 19626
1689.000 22158
1690.000 18512
1691.000 20586
1692.000 19238
1693.000 20990
1694.000 18152
1695.000 18754
1696.000 20570
1697.000 19600
1698.000 19714
1699.000 19186
1700.000 18172
1701.000 19672
1702.000 19282
1703.000 19588
1704.000 19114
1705.000 19932
1706.000 20436
1707.000 16088
1708.000 19068
1709.000 40306
1710.000 18692
1711.000 14902
1712.000 19576
1713.000 16268
1714.000 16108
1715.000 15986
1716.000 19924
1717.000 20414
1718.000 18362
1719.000 19026
1720.000 17938
1721.000 20682
1722.000 22376
1723.000 20658
1724.000 20906
1725.000 18972
1726.000 20858
1727.000 17432
1728.000 19076
1729.000 20364
1730.000 33752
1731.000 23370
1732.000 19556
1733.000 17872
1734.000 15416
1735.000 19578
1736.000 17748
1737.000 17122
1738.000 16184
1739.000 17622
1740.000 19336
1741.000 19424
1742.000 20766
1743.000 40648
1744.000 19010
1745.000 23808
1746.000 19310
1747.000 20340
1748.000 20044
1749.000 26656
1750.000 17714
1751.000 24662
1752.000 30294
1753.000 19104
1754.000 18944
1755.000 16902
1756.000 14614
1757.000 16228
1758.000 18742
1759.000 15754
1760.000 19094
1761.000 14008
1762.000 13874
1763.000 16378
1764.000 20032
1765.000 17400
1766.000 16974
1767.000 16088
1768.000 17562
1769.000 17384
1770.000 19242
1771.000 19388
1772.000 18478
1773.000 16942
1774.000 15464
1775.000 17644
1776.000 20428
1777.000 17852
1778.000 18492
1779.000 19152
1780.000 16678
1781.000 15116
1782.000 19284
1783.000 19744
1784.000 19556
1785.000 19794
1786.000 20372
1787.000 19550
1788.000 19314
1789.000 16299
1790.000 15850
1791.000 15094
1792.000 19384
1793.000 18722
1794.000 20354
1795.000 20138
1796.000 18052
1797.000 15024
1798.000 17654
1799.000 18816
1800.000 16564
1801.000 19488
1802.000 18108
1803.000 16132
1804.000 14428
1805.000 17900
1806.000 20396
1807.000 17088
1808.000 14074
1809.000 18116
1810.000 18556
1811.000 19778
1812.000 17216
1813.000 16682
1814.000 16313
1815.000 17422
1816.000 18950
1817.000 19938
1818.000 21014
1819.000 17820
1820.000 17862
1821.000 19346
1822.000 20054
1823.000 19846
1824.000 20304
1825.000 19382
1826.000 19034
1827.000 20360
1828.000 17828
1829.000 19254
1830.000 18348
1831.000 19146
1832.000 16918
1833.000 13794
1834.000 16502
1835.000 16294
1836.000 19124
1837.000 19046
1838.000 18984
1839.000 18930
1840.000 18878
1841.000 19524
1842.000 16786
1843.000 17838
1844.000 19278
1845.000 20092
1846.000 17172
1847.000 19582
1848.000 18156
1849.000 17826
1850.000 20020
1851.000 19050
1852.000 20006
1853.000 19432
1854.000 33098
1855.000 19706
1856.000 19282
1857.000 16506
1858.000 16530
1859.000 27660
1860.000 14144
1861.000 16882
1862.000 14622
1863.000 16688
1864.000 13556
1865.000 17536
1866.000 19842
1867.000 15392
1868.000 13994
1869.000 16766
1870.000 15276
1871.000 15556
1872.000 14328
1873.000 14658
1874.000 23264
1875.000 18162
1876.000 17892
1877.000 14088
1878.000 15090
1879.000 23898
1880.000 14420
1881.000 20942
1882.000 17984
1883.000 13286
1884.000 16374
1885.000 17618
1886.000 16406
1887.000 21786
1888.000 23510
1889.000 20504
1890.000 21888
1891.000 18540
1892.000 22022
1893.000 18910
1894.000 20510
1895.000 20712
1896.000 26908
1897.000 18084
1898.000 19776
1899.000 20390
1900.000 18018
1901.000 20252
1902.000 19360
1903.000 18862
1904.000 21768
1905.000 17558
1906.000 20796
1907.000 21086
1908.000 21156
1909.000 20672
1910.000 24142
1911.000 20714
1912.000 17690
1913.000 17406
1914.000 17584
1915.000 21052
1916.000 23538
1917.000 18822
1918.000 24074
1919.000 18108
1920.000 20362
1921.000 18032
1922.000 19998
1923.000 17544
1924.000 23608
1925.000 22616
1926.000 27236
1927.000 19118
1928.000 21146
1929.000 20294
1930.000 20600
1931.000 18242
1932.000 24844
1933.000 17404
1934.000 19246
1935.000 20186
1936.000 17616
1937.000 16884
1938.000 19138
1939.000 34340
1940.000 20050
1941.000 21576
1942.000 21050
1943.000 32652
1944.000 29718
1945.000 19330
1946.000 34516
1947.000 26086
1948.000 17592
1949.000 15358
1950.000 16442
1951.000 18818
1952.000 19386
1953.000 19398
1954.000 31628
1955.000 28160
1956.000 19976
1957.000 19748
1958.000 17854
1959.000 18656
1960.000 19982
1961.000 21722
1962.000 22566
1963.000 18120
1964.000 19446
1965.000 20240
1966.000 16386
1967.000 16136
1968.000 14906
1969.000 19864
1970.000 19168
1971.000 18732
1972.000 21766
1973.000 22494
1974.000 20326
1975.000 21114
1976.000 19460
1977.000 20268
1978.000 18990
1979.000 21832
1980.000 20268
1981.000 21770
1982.000 21534
1983.000 20098
1984.000 20554
1985.000 18986
1986.000 21132
1987.000 22500
1988.000 20684
1989.000 20328
1990.000 30316
1991.000 24988
1992.000 19570
1993.000 22890
1994.000 19384
1995.000 28046
1996.000 17306
1997.000 18000
1998.000 14538
1999.000 17276
2000.000 16124
2001.000 17608
2002.000 18492
2003.000 17338
2004.000 16860
2005.000 19936
2006.000 19554
2007.000 20768
2008.000 19018
2009.000 21478
2010.000 19886
2011.000 23236
2012.000 18828
2013.000 21350
2014.000 17014
2015.000 19988
2016.000 21174
2017.000 18652
2018.000 20672
2019.000 25800
2020.000 31860
2021.000 16982
2022.000 17074
2023.000 15858
2024.000 14394
2025.000 18336
2026.000 17888
2027.000 17170
2028.000 17734
2029.000 29680
2030.000 21050
2031.000 20674
2032.000 19532
2033.000 16610
2034.000 20022
2035.000 21506
2036.000 15280
2037.000 26848
2038.000 14712
2039.000 19792
2040.000 15432
2041.000 15460
2042.000 18818
2043.000 15560
2044.000 23982
2045.000 14278
2046.000 18952
2047.000 19472
2048.000 19366
2049.000 17552
2050.000 16600
2051.000 18254
2052.000 16876
2053.000 14450
2054.000 19264
2055.000 19802
2056.000 20396
2057.000 20446
2058.000 19592
2059.000 17696
2060.000 20188
2061.000 20958
2062.000 19378
2063.000 18954
2064.000 21696
2065.000 18624
2066.000 19906
2067.000 18382
2068.000 15841
2069.000 16920
2070.000 15212
2071.000 14008
2072.000 15978
2073.000 17292
2074.000 20820
2075.000 20640
2076.000 21156
2077.000 19910
2078.000 20906
2079.000 22716
2080.000 21350
2081.000 20106
2082.000 18696
2083.000 22110
2084.000 19646
2085.000 17572
2086.000 18136
2087.000 16512
2088.000 14954
2089.000 18180
2090.000 16400
2091.000 19292
2092.000 16138
2093.000 18830
2094.000 19750
2095.000 19622
2096.000 28578
2097.000 17414
2098.000 18596
2099.000 19838
2100.000 19676
2101.000 18252
2102.000 24434
2103.000 17790
2104.000 15128
2105.000 15086
2106.000 19200
2107.000 16780
2108.000 18078
2109.000 34192
2110.000 20112
2111.000 20338
2112.000 19548
2113.000 18252
2114.000 17662
2115.000 18578
2116.000 20384
2117.000 18778
2118.000 17160
2119.000 17338
2120.000 20184
2121.000 18018
2122.000 23978
2123.000 17426
2124.000 20168
2125.000 19222
2126.000 19752
2127.000 19638
2128.000 21194
2129.000 17626
2130.000 20606
2131.000 19610
2132.000 19828
2133.000 18190
2134.000 15374
2135.000 15948
2136.000 17252
2137.000 19642
2138.000 25402
2139.000 20624
2140.000 20456
2141.000 21102
2142.000 18066
2143.000 18096
2144.000 18538
2145.000 21588
2146.000 21766
2147.000 20060
2148.000 17176
2149.000 19492
2150.000 16860
2151.000 15827
2152.000 15516
2153.000 14046
2154.000 15706
2155.000 15544
2156.000 20456
2157.000 18642
2158.000 22398
2159.000 20486
2160.000 20020
2161.000 17816
2162.000 19116
2163.000 15550
2164.000 14010
2165.000 15064
2166.000 16032
2167.000 16416
2168.000 17036
2169.000 17508
2170.000 14970
2171.000 15987
2172.000 13874
2173.000 15370
2174.000 16904
2175.000 20948
2176.000 17474
2177.000 19164
2178.000 20174
2179.000 18174
2180.000 21102
2181.000 19156
2182.000 20362
2183.000 19322
2184.000 21450
2185.000 19106
2186.000 19440
2187.000 21806
2188.000 20898
2189.000 21304
2190.000 25102
2191.000 19816
2192.000 22606
2193.000 22156
2194.000 18670
2195.000 13752
2196.000 16930
2197.000 19606
2198.000 18232
2199.000 19986
2200.000 19098
2201.000 22078
2202.000 14898
2203.000 23088
2204.000 19770
2205.000 20062
2206.000 19470
2207.000 21078
2208.000 18654
2209.000 19510
2210.000 18604
2211.000 22586
2212.000 33080
2213.000 19500
2214.000 20192
2215.000 18764
2216.000 15008
2217.000 17652
2218.000 16209
2219.000 16223
2220.000 15268
2221.000 15104
2222.000 18090
2223.000 20308
2224.000 19938
2225.000 18760
2226.000 19424
2227.000 19876
2228.000 32258
2229.000 22414
2230.000 23704
2231.000 18606
2232.000 17626
2233.000 29290
2234.000 20282
2235.000 37614
2236.000 61202
2237.000 40034
2238.000 19656
2239.000 14522
2240.000 18526
2241.000 14658
2242.000 18860
2243.000 20442
2244.000 18242
2245.000 20104
2246.000 18114
2247.000 18588
2248.000 18848
2249.000 19596
2250.000 23396
2251.000 16578
2252.000 13894
2253.000 15396
2254.000 18142
2255.000 19448
2256.000 18102
2257.000 18972
2258.000 15442
2259.000 15982
2260.000 15758
2261.000 18940
2262.000 33940
2263.000 16115
2264.000 19818
2265.000 19138
2266.000 17626
2267.000 18802
2268.000 18582
2269.000 18518
2270.000 16644
2271.000 19342
2272.000 15390
2273.000 15572
2274.000 16990
2275.000 14010
2276.000 13966
2277.000 14920
2278.000 16178
2279.000 15046
2280.000 17080
2281.000 17720
2282.000 18636
2283.000 19562
2284.000 19338
2285.000 16696
2286.000 19030
2287.000 17308
2288.000 20508
2289.000 19324
2290.000 20986
2291.000 20662
2292.000 20518
2293.000 21164
2294.000 20454
2295.000 18508
2296.000 23118
2297.000 19190
2298.000 20944
2299.000 30386
2300.000 18678
2301.000 16364
2302.000 18602
2303.000 20768
2304.000 16850
2305.000 16336
2306.000 16704
2307.000 18140
2308.000 18534
2309.000 16792
2310.000 14680
2311.000 20878
2312.000 19534
2313.000 23598
2314.000 20390
2315.000 19370
2316.000 33640
2317.000 19434
2318.000 20516
2319.000 19168
2320.000 20078
2321.000 15630
2322.000 14098
2323.000 16355
2324.000 19894
2325.000 19016
2326.000 20810
2327.000 15370
2328.000 13960
2329.000 14100
2330.000 20534
2331.000 15532
2332.000 18538
2333.000 20312
2334.000 32314
2335.000 28256
2336.000 17284
2337.000 19958
2338.000 14402
2339.000 14718
2340.000 15384
2341.000 14478
2342.000 17592
2343.000 15060
2344.000 17186
2345.000 20362
2346.000 21884
2347.000 18774
2348.000 22030
2349.000 21878
2350.000 20352
2351.000 16984
2352.000 19576
2353.000 19996
2354.000 20890
2355.000 18958
2356.000 19430
2357.000 20972
2358.000 18786
2359.000 22442
2360.000 19882
2361.000 20926
2362.000 18298
2363.000 18308
2364.000 22212
2365.000 17640
2366.000 20360
2367.000 22086
2368.000 24752
2369.000 30306
2370.000 21516
2371.000 19570
2372.000 22062
2373.000 16576
2374.000 19292
2375.000 19380
2376.000 16918
2377.000 18186
2378.000 19434
2379.000 20242
2380.000 21318
2381.000 21438
2382.000 21224
2383.000 19172
2384.000 21162
2385.000 17638
2386.000 19670
2387.000 20930
2388.000 17708
2389.000 20678
2390.000 17400
2391.000 18700
2392.000 16336
2393.000 16162
2394.000 20006
2395.000 23372
2396.000 19070
2397.000 18178
2398.000 21580
2399.000 21628
2400.000 19672
2401.000 19706
2402.000 18130
2403.000 20122
2404.000 19418
2405.000 16180
2406.000 16462
2407.000 16022
2408.000 17004
2409.000 18550
2410.000 18236
2411.000 18708
2412.000 17700
2413.000 13488
2414.000 13998
2415.000 17414
2416.000 16960
2417.000 16118
2418.000 18942
2419.000 17570
2420.000 14042
2421.000 14730
2422.000 14440
2423.000 14092
2424.000 17358
2425.000 27582
2426.000 18320
2427.000 19100
2428.000 19320
2429.000 18088
2430.000 17382
2431.000 19814
2432.000 17062
2433.000 19202
2434.000 20552
2435.000 16462
2436.000 15820
2437.000 18328
2438.000 19252
2439.000 14616
2440.000 17438
2441.000 15466
2442.000 19136
2443.000 20640
2444.000 16318
2445.000 18326
2446.000 19458
2447.000 17586
2448.000 18064
2449.000 18084
2450.000 15708
2451.000 17916
2452.000 17378
2453.000 16260
2454.000 17228
2455.000 18536
2456.000 18600
2457.000 18456
2458.000 14906
2459.000 14598
2460.000 14534
2461.000 13740
2462.000 14206
2463.000 16378
2464.000 13758
2465.000 13756
2466.000 15358
2467.000 13960
2468.000 14852
2469.000 13962
2470.000 15306
2471.000 14010
2472.000 13810
2473.000 16670
2474.000 14076
2475.000 15378
2476.000 13134
2477.000 15426
2478.000 14548
2479.000 14600
2480.000 13404
2481.000 13944
2482.000 13766
2483.000 14464
2484.000 14668
2485.000 15114
2486.000 14010
2487.000 13912
2488.000 14502
2489.000 13756
2490.000 14668
2491.000 14010
2492.000 14480
2493.000 14080
2494.000 17228
2495.000 15204
2496.000 13220
2497.000 14772
2498.000 13890
2499.000 18592
2500.000 13290
2501.000 14026
2502.000 14416
2503.000 14128
2504.000 15685
2505.000 20062
2506.000 20686
2507.000 16754
2508.000 14850
2509.000 14896
2510.000 17642
2511.000 16326
2512.000 14772
2513.000 14462
2514.000 13962
2515.000 15793
2516.000 16814
2517.000 20322
2518.000 20382
2519.000 20358
2520.000 20334
2521.000 19812
2522.000 18944
2523.000 19940
2524.000 15610
2525.000 17946
2526.000 18164
2527.000 16822
2528.000 17244
2529.000 15132
2530.000 18114
2531.000 17702
2532.000 14864
2533.000 15689
2534.000 22990
2535.000 19752
2536.000 17268
2537.000 18340
2538.000 22134
2539.000 17400
2540.000 19260
2541.000 25582
2542.000 18334
2543.000 24178
2544.000 14972
2545.000 20690
2546.000 17002
2547.000 18346
2548.000 16858
2549.000 15458
2550.000 16664
2551.000 16852
2552.000 16602
2553.000 16624
2554.000 16562
2555.000 16200
2556.000 17644
2557.000 22798
2558.000 22140
2559.000 20086
2560.000 18128
2561.000 17164
2562.000 18836
2563.000 15948
2564.000 14824
2565.000 18992
2566.000 18288
2567.000 14614
2568.000 14332
2569.000 13826
2570.000 13876
2571.000 14464
2572.000 13372
2573.000 15050
2574.000 13876
2575.000 13944
2576.000 14804
2577.000 13756
2578.000 14874
2579.000 13874
2580.000 14920
2581.000 13356
2582.000 14660
2583.000 14046
2584.000 14048
2585.000 13286
2586.000 13874
2587.000 13946
2588.000 14268
2589.000 13740
2590.000 14080
2591.000 13134
2592.000 14732
2593.000 13826
2594.000 13286
2595.000 14010
2596.000 14874
2597.000 14600
2598.000 13998
2599.000 14080
2600.000 20118
2601.000 13740
2602.000 14332
2603.000 14480
2604.000 14502
2605.000 14126
2606.000 13876
2607.000 15186
2608.000 15468
2609.000 13504
2610.000 14010
2611.000 14078
2612.000 15775
2613.000 13286
2614.000 13944
2615.000 16634
2616.000 15194
2617.000 18598
2618.000 13826
2619.000 14582
2620.000 14214
2621.000 13756
2622.000 14582
2623.000 14534
2624.000 14026
2625.000 14344
2626.000 14786
2627.000 13740
2628.000 19070
2629.000 21516
2630.000 19514
2631.000 21508
2632.000 20096
2633.000 19546
2634.000 16060
2635.000 15046
2636.000 17688
2637.000 19640
2638.000 19696
2639.000 19454
2640.000 17610
2641.000 19054
2642.000 19690
2643.000 17546
2644.000 16318
2645.000 16292
2646.000 21332
2647.000 13844
2648.000 18260
2649.000 19292
2650.000 19672
2651.000 13032
2652.000 18836
2653.000 20134
2654.000 16282
2655.000 17226
2656.000 19272
2657.000 15216
2658.000 17298
2659.000 22722
2660.000 17978
2661.000 15084
2662.000 13730
2663.000 18632
2664.000 19716
2665.000 27252
2666.000 19246
2667.000 15062
2668.000 15492
2669.000 15264
2670.000 16046
2671.000 14844
2672.000 14880
2673.000 18038
2674.000 16077
2675.000 18406
2676.000 20358
2677.000 19142
2678.000 17510
2679.000 17396
2680.000 16564
2681.000 18322
2682.000 22104
2683.000 16970
2684.000 16337
2685.000 18338
2686.000 19804
2687.000 16706
2688.000 15216
2689.000 19786
2690.000 18998
2691.000 15718
2692.000 17884
2693.000 14480
2694.000 14580
2695.000 18840
2696.000 19464
2697.000 15671
2698.000 21602
2699.000 18772
2700.000 19220
2701.000 17908
2702.000 26948
2703.000 15376
2704.000 15688
2705.000 14664
2706.000 14026
2707.000 14388
2708.000 15476
2709.000 17686
2710.000 18096
2711.000 19414
2712.000 15346
2713.000 16878
2714.000 21268
2715.000 18952
2716.000 18524
2717.000 14260
2718.000 21084
2719.000 16094
2720.000 27432
2721.000 16011
2722.000 16484
2723.000 22534
2724.000 14884
2725.000 20520
2726.000 15888
2727.000 16988
2728.000 13988
2729.000 18214
2730.000 15952
2731.000 15692
2732.000 15890
2733.000 18104
2734.000 16928
2735.000 19830
2736.000 15796
2737.000 18562
2738.000 14348
2739.000 14162
2740.000 19752
2741.000 18728
2742.000 17060
2743.000 20710
2744.000 17230
2745.000 18734
2746.000 17962
2747.000 17336
2748.000 19926
2749.000 14480
2750.000 15841
2751.000 18976
2752.000 16690
2753.000 15746
2754.000 16672
2755.000 14010
2756.000 15897
2757.000 17066
2758.000 15570
2759.000 14080
2760.000 16494
2761.000 16738
2762.000 14862
2763.000 16492
2764.000 16974
2765.000 16476
2766.000 18508
2767.000 17596
2768.000 21366
2769.000 18402
2770.000 18776
2771.000 15378
2772.000 14570
2773.000 15994
2774.000 17672
2775.000 15814
2776.000 14322
2777.000 17684
2778.000 15276
2779.000 14778
2780.000 13628
2781.000 19366
2782.000 15994
2783.000 14418
2784.000 13286
2785.000 14628
2786.000 14046
2787.000 13876
2788.000 14550
2789.000 13490
2790.000 14464
2791.000 15186
2792.000 14566
2793.000 13286
2794.000 13914
2795.000 14786
2796.000 13168
2797.000 19668
2798.000 21730
2799.000 23576
2800.000 15432
2801.000 17226
2802.000 16644
2803.000 16388
2804.000 15200
2805.000 16216
2806.000 18288
2807.000 21470
2808.000 18052
2809.000 19964
2810.000 19816
2811.000 21548
2812.000 18934
2813.000 17278
2814.000 16700
2815.000 20136
2816.000 14660
2817.000 16754
2818.000 17050
2819.000 13892
2820.000 14668
2821.000 13740
2822.000 14794
2823.000 14690
2824.000 13404
2825.000 15070
2826.000 18202
2827.000 19354
2828.000 21536
2829.000 17376
2830.000 17558
2831.000 16892
2832.000 14706
2833.000 17476
2834.000 17796
2835.000 15416
2836.000 16866
2837.000 17626
2838.000 21836
2839.000 17814
2840.000 15108
2841.000 18362
2842.000 16416
2843.000 18234
2844.000 19164
2845.000 18042
2846.000 17056
2847.000 18324
2848.000 21728
2849.000 20156
2850.000 19380
2851.000 17468
2852.000 14060
2853.000 17620
2854.000 13876
2855.000 14426
2856.000 17586
2857.000 17290
2858.000 18734
2859.000 19062
2860.000 17016
2861.000 14718
2862.000 14706
2863.000 14010
2864.000 13874
2865.000 13962
2866.000 13994
2867.000 13150
2868.000 14756
2869.000 19968
2870.000 15188
2871.000 13220
2872.000 16014
2873.000 13992
2874.000 13866
2875.000 14010
2876.000 13874
2877.000 15040
2878.000 13102
2879.000 14128
2880.000 14684
2881.000 16208
2882.000 17982
2883.000 14124
2884.000 19996
2885.000 23630
2886.000 19488
2887.000 23998
2888.000 18986
2889.000 16938
2890.000 16896
2891.000 16860
2892.000 15746
2893.000 18434
2894.000 17176
2895.000 21444
2896.000 18598
2897.000 17000
2898.000 14936
2899.000 13150
2900.000 14482
2901.000 14062
2902.000 15242
2903.000 13016
2904.000 14684
2905.000 16948
2906.000 18528
2907.000 14638
2908.000 16550
2909.000 13992
2910.000 16086
2911.000 15682
2912.000 14340
2913.000 14552
2914.000 16138
2915.000 18330
2916.000 16254
2917.000 17600
2918.000 14062
2919.000 13826
2920.000 14638
2921.000 14362
2922.000 13928
2923.000 14734
2924.000 16246
2925.000 17708
2926.000 15852
2927.000 19736
2928.000 27752
2929.000 15708
2930.000 20836
2931.000 17534
2932.000 17894
2933.000 15578
2934.000 16404
2935.000 21058
2936.000 21964
2937.000 14962
2938.000 16150
2939.000 20976
2940.000 15680
2941.000 16102
2942.000 16986
2943.000 15360
2944.000 17236
2945.000 17160
2946.000 14778
2947.000 13858
2948.000 14598
2949.000 13912
2950.000 13248
2951.000 13912
2952.000 15288
2953.000 13826
2954.000 13876
2955.000 13874
2956.000 14804
2957.000 14734
2958.000 13150
2959.000 14150
2960.000 15456
2961.000 13892
2962.000 14062
2963.000 15306
2964.000 15338
2965.000 14244
2966.000 13914
2967.000 13992
2968.000 13826
2969.000 13962
2970.000 13420
2971.000 13944
2972.000 15190
2973.000 14582
2974.000 13962
2975.000 14008
2976.000 13914
2977.000 14062
2978.000 13034
2979.000 14938
2980.000 14586
2981.000 13404
2982.000 13874
2983.000 14080
2984.000 14934
2985.000 13152
2986.000 13944
2987.000 14010
2988.000 13874
2989.000 14182
2990.000 14600
2991.000 15456
2992.000 14214
2993.000 14010
2994.000 14446
2995.000 14398
2996.000 14026
2997.000 13876
2998.000 14784
2999.000 14096
3000.000 13622
3001.000 14080
3002.000 14776
3003.000 14636
3004.000 13944
3005.000 14464
3006.000 15558
3007.000 13978
3008.000 13308
3009.000 13960
3010.000 14414
3011.000 21168
3012.000 15092
3013.000 17600
3014.000 13994
3015.000 13874
3016.000 13962
3017.000 14582
3018.000 14010
3019.000 14754
3020.000 13034
3021.000 14128
3022.000 13826
3023.000 13740
3024.000 13874
3025.000 14598
3026.000 14580
3027.000 13286
3028.000 14250
3029.000 13962
3030.000 13992
3031.000 14686
3032.000 13740
3033.000 14144
3034.000 14534
3035.000 13994
3036.000 14010
3037.000 14550
3038.000 13606
3039.000 14214
3040.000 13946
3041.000 14714
3042.000 13892
3043.000 14620
3044.000 19040
3045.000 17374
3046.000 13962
3047.000 13858
3048.000 17866
3049.000 14854
3050.000 20444
3051.000 14500
3052.000 13946
3053.000 14582
3054.000 16011
3055.000 17808
3056.000 13016
3057.000 19364
3058.000 15208
3059.000 14922
3060.000 13368
3061.000 16115
3062.000 14794
3063.000 19298
3064.000 14824
3065.000 13992
3066.000 13740
3067.000 15408
3068.000 13152
3069.000 15876
3070.000 14080
3071.000 14716
3072.000 13994
3073.000 13960
3074.000 14582
3075.000 14010
3076.000 13928
3077.000 14852
3078.000 13756
3079.000 13576
3080.000 13740
3081.000 14010
3082.000 14398
3083.000 13992
3084.000 14010
3085.000 14714
3086.000 14010
3087.000 14384
3088.000 14080
3089.000 14550
3090.000 13522
3091.000 13962
3092.000 13756
3093.000 13874
3094.000 14802
3095.000 13876
3096.000 13992
3097.000 13946
3098.000 13874
3099.000 14670
3100.000 14534
3101.000 14010
3102.000 13604
3103.000 14064
3104.000 14614
3105.000 13286
3106.000 15630
3107.000 13890
3108.000 13994
3109.000 13188
3110.000 14734
3111.000 16223
3112.000 13490
3113.000 15188
3114.000 13874
3115.000 14668
3116.000 13620
3117.000 13876
3118.000 14078
3119.000 14214
3120.000 13034
3121.000 14580
3122.000 14650
3123.000 14030
3124.000 14144
3125.000 14548
3126.000 13876
3127.000 14112
3128.000 14550
3129.000 13960
3130.000 14718
3131.000 14444
3132.000 18828
3133.000 20812
3134.000 13858
3135.000 14804
3136.000 18568
3137.000 14852
3138.000 17860
3139.000 13960
3140.000 13876
3141.000 14118
3142.000 15424
3143.000 14582
3144.000 14182
3145.000 15114
3146.000 14032
3147.000 13960
3148.000 16412
3149.000 18290
3150.000 13356
3151.000 14010
3152.000 16056
3153.000 16011
3154.000 13220
3155.000 30172
3156.000 19946
3157.000 19824
3158.000 17388
3159.000 15458
3160.000 17776
3161.000 17580
3162.000 18626
3163.000 18816
3164.000 18204
3165.000 18374
3166.000 18188
3167.000 20482
3168.000 17152
3169.000 15902
3170.000 14194
3171.000 14824
3172.000 17454
3173.000 18624
3174.000 19476
3175.000 32453
3176.000 17614
3177.000 17602
3178.000 25562
3179.000 21046
3180.000 18690
3181.000 20094
3182.000 21424
3183.000 21564
3184.000 21334
3185.000 17970
3186.000 20040
3187.000 17942
3188.000 20438
3189.000 19612
3190.000 18340
3191.000 21552
3192.000 23936
3193.000 17022
3194.000 20354
3195.000 19170
3196.000 19138
3197.000 16426
3198.000 15000
3199.000 17294
3200.000 21116
3201.000 18364
3202.000 18640
3203.000 22236
3204.000 19640
3205.000 15910
3206.000 14010
3207.000 13728
3208.000 18862
3209.000 15956
3210.000 14524
3211.000 17858
3212.000 15831
3213.000 13994
3214.000 14084
3215.000 15244
3216.000 14054
3217.000 16237
3218.000 18086
3219.000 17950
3220.000 15358
3221.000 16804
3222.000 15664
3223.000 15340
3224.000 17428
3225.000 17666
3226.000 22170
3227.000 16728
3228.000 15588
3229.000 19818
3230.000 17020
3231.000 15148
3232.000 18040
3233.000 19938
3234.000 17844
3235.000 36082
3236.000 16088
3237.000 19260
3238.000 19484
3239.000 17324
3240.000 15765
3241.000 14480
3242.000 15817
3243.000 19160
3244.000 16624
3245.000 14804
3246.000 14668
3247.000 13286
3248.000 14330
3249.000 14502
3250.000 14596
3251.000 13286
3252.000 18210
3253.000 16988
3254.000 16302
3255.000 17894
3256.000 15632
3257.000 15792
3258.000 14570
3259.000 14764
3260.000 14958
3261.000 14074
3262.000 13944
3263.000 13876
3264.000 13802
3265.000 15154
3266.000 15806
3267.000 17888
3268.000 14708
3269.000 17354
3270.000 28218
3271.000 14628
3272.000 14694
3273.000 14178
3274.000 15644
3275.000 19324
3276.000 16808
3277.000 18940
3278.000 17404
3279.000 20610
3280.000 14202
3281.000 14734
3282.000 14346
3283.000 14550
3284.000 15044
3285.000 14340
3286.000 14062
3287.000 13676
3288.000 14986
3289.000 13990
3290.000 17126
3291.000 13258
3292.000 15378
3293.000 14312
3294.000 14144
3295.000 14096
3296.000 15911
3297.000 13876
3298.000 15162
3299.000 14080
3300.000 14062
3301.000 15344
3302.000 13820
3303.000 14234
3304.000 14956
3305.000 14262
3306.000 25398
3307.000 14024
3308.000 15018
3309.000 13676
3310.000 15852
3311.000 14560
3312.000 13876
3313.000 14492
3314.000 13302
3315.000 15172
3316.000 15210
3317.000 13920
3318.000 14396
3319.000 15234
3320.000 23082
3321.000 14560
3322.000 13888
3323.000 14010
3324.000 14344
3325.000 13946
3326.000 15304
3327.000 14112
3328.000 14334
3329.000 14868
3330.000 14096
3331.000 14668
3332.000 14464
3333.000 14906
3334.000 13152
3335.000 15082
3336.000 14616
3337.000 13992
3338.000 13238
3339.000 14496
3340.000 16954
3341.000 17606
3342.000 13286
3343.000 15038
3344.000 14534
3345.000 16400
3346.000 13826
3347.000 20130
3348.000 13872
3349.000 13968
3350.000 15596
3351.000 14868
3352.000 14580
3353.000 14332
3354.000 14920
3355.000 14734
3356.000 25372
3357.000 13252
3358.000 14766
3359.000 15392
3360.000 14874
3361.000 14480
3362.000 14124
3363.000 14944
3364.000 13402
3365.000 13892
3366.000 13928
3367.000 13922
3368.000 14398
3369.000 14080
3370.000 14080
3371.000 13724
3372.000 15378
3373.000 16416
3374.000 14890
3375.000 13944
3376.000 14520
3377.000 17782
3378.000 18984
3379.000 13372
3380.000 14668
3381.000 15148
3382.000 14142
3383.000 14922
3384.000 16214
3385.000 14190
3386.000 13946
3387.000 13778
3388.000 15070
3389.000 13338
3390.000 14552
3391.000 13756
3392.000 13434
3393.000 14600
3394.000 14476
3395.000 13710
3396.000 13960
3397.000 15188
3398.000 13874
3399.000 15378
3400.000 13404
3401.000 13992
3402.000 16586
3403.000 15304
3404.000 13286
3405.000 13944
3406.000 13892
3407.000 15422
3408.000 14160
3409.000 16049
3410.000 15304
3411.000 25826
3412.000 31056
3413.000 14734
3414.000 21336
3415.000 13944
3416.000 13874
3417.000 15384
3418.000 13794
3419.000 13740
3420.000 14078
3421.000 13962
3422.000 13620
3423.000 17148
3424.000 23018
3425.000 13740
3426.000 14734
3427.000 13086
3428.000 14010
3429.000 13992
3430.000 14636
3431.000 13724
3432.000 13876
3433.000 15510
3434.000 13758
3435.000 13404
3436.000 13826
3437.000 14462
3438.000 15576
3439.000 13844
3440.000 14666
3441.000 14010
3442.000 13810
3443.000 14010
3444.000 15774
3445.000 14080
3446.000 13152
3447.000 13874
3448.000 14670
3449.000 14732
3450.000 13372
3451.000 13928
3452.000 18186
3453.000 19384
3454.000 15520
3455.000 15822
3456.000 18100
3457.000 19132
3458.000 18184
3459.000 19328
3460.000 17248
3461.000 18576
3462.000 15660
3463.000 18534
3464.000 17450
3465.000 22620
3466.000 26554
3467.000 21518
3468.000 17418
3469.000 15142
3470.000 15492
3471.000 13876
3472.000 15170
3473.000 13828
3474.000 14144
3475.000 15202
3476.000 14938
3477.000 13196
3478.000 14632
3479.000 14706
3480.000 14936
3481.000 13034
3482.000 14986
3483.000 14502
3484.000 14852
3485.000 13928
3486.000 13874
3487.000 13876
3488.000 14668
3489.000 14480
3490.000 14332
3491.000 14804
3492.000 13756
3493.000 13876
3494.000 14098
3495.000 14616
3496.000 13874
3497.000 13946
3498.000 14448
3499.000 14182
3500.000 14754
3501.000 14718
3502.000 13152
3503.000 16572
3504.000 14026
3505.000 13840
3506.000 13924
3507.000 14888
3508.000 14010
3509.000 24916
3510.000 13826
3511.000 14010
3512.000 13960
3513.000 13270
3514.000 14173
