# Slice: URLLC | 10.215.173.1:49006 -> 112.217.128.202:19322 (UDP)
# offset_sec  packet_size_bytes
0.000 704
1.000 5246
2.000 13060
3.000 13994
4.000 13888
5.000 14836
6.000 13504
7.000 14298
8.000 13756
9.000 20238
10.000 18092
11.000 18852
12.000 20494
13.000 20026
14.000 17208
15.000 17566
16.000 15158
17.000 20502
18.000 19780
19.000 19752
20.000 16496
21.000 16484
22.000 13962
23.000 13606
24.000 13404
25.000 13826
26.000 15442
27.000 14850
28.000 14616
29.000 18694
30.000 16070
31.000 13896
32.000 14852
33.000 13134
34.000 14150
35.000 15222
36.000 19778
37.000 23276
38.000 14658
39.000 14716
40.000 14376
41.000 13934
42.000 14048
43.000 18538
44.000 18502
45.000 17998
46.000 15972
47.000 13338
48.000 14616
49.000 14738
50.000 13794
51.000 15590
52.000 14024
53.000 14788
54.000 13284
55.000 16948
56.000 15968
57.000 15172
58.000 16444
59.000 14490
60.000 14048
61.000 14116
62.000 13694
63.000 13992
64.000 14542
65.000 14330
66.000 17026
67.000 17832
68.000 17502
69.000 13386
70.000 19140
71.000 17846
72.000 14010
73.000 13952
74.000 22808
75.000 19368
76.000 18870
77.000 19678
78.000 18428
79.000 19532
80.000 19162
81.000 20616
82.000 17718
83.000 18450
84.000 20698
85.000 18190
86.000 14610
87.000 17488
88.000 18634
89.000 15376
90.000 20046
91.000 20910
92.000 17334
93.000 15224
94.000 13286
95.000 17000
96.000 18886
97.000 15310
98.000 13340
99.000 13756
100.000 15204
101.000 14030
102.000 13876
103.000 13756
104.000 15424
105.000 18016
106.000 15928
107.000 13756
108.000 13340
109.000 14588
110.000 14010
111.000 14366
112.000 13404
113.000 14598
114.000 13946
115.000 13874
116.000 14600
117.000 18866
118.000 19902
119.000 19334
120.000 18970
121.000 19574
122.000 18780
123.000 18830
124.000 20460
125.000 18310
126.000 19892
127.000 20472
128.000 19788
129.000 18486
130.000 17574
131.000 18780
132.000 17648
133.000 14670
134.000 15546
135.000 17504
136.000 15696
137.000 16890
138.000 18772
139.000 17518
140.000 16982
141.000 19466
142.000 17376
143.000 14616
144.000 13992
145.000 19360
146.000 23674
147.000 17448
148.000 18436
149.000 19122
150.000 20368
151.000 20560
152.000 20692
153.000 20390
154.000 18506
155.000 19108
156.000 18144
157.000 17182
158.000 17896
159.000 20684
160.000 14626
161.000 15004
162.000 15506
163.000 16760
164.000 16798
165.000 16448
166.000 14964
167.000 16080
168.000 15810
169.000 15536
170.000 18508
171.000 18836
172.000 19098
173.000 17540
174.000 17982
175.000 17918
176.000 19062
177.000 16626
178.000 18902
179.000 15772
180.000 20164
181.000 15699
182.000 19772
183.000 16586
184.000 18162
185.000 14482
186.000 14716
187.000 16063
188.000 17846
189.000 14666
190.000 15514
191.000 14422
192.000 14666
193.000 17568
194.000 16878
195.000 18028
196.000 17662
197.000 21424
198.000 15464
199.000 14362
200.000 15482
201.000 14646
202.000 15716
203.000 19806
204.000 14886
205.000 17210
206.000 17368
207.000 16784
208.000 17576
209.000 15678
210.000 18126
211.000 17474
212.000 17454
213.000 16748
214.000 18696
215.000 20582
216.000 19468
217.000 17226
218.000 18956
219.000 15312
220.000 14086
221.000 18398
222.000 15532
223.000 13842
224.000 19648
225.000 16156
226.000 20134
227.000 16394
228.000 13168
229.000 15906
230.000 18552
231.000 15330
232.000 17106
233.000 14096
234.000 16626
235.000 16506
236.000 17968
237.000 14604
238.000 15764
239.000 19378
240.000 14830
241.000 17162
242.000 20486
243.000 17408
244.000 21164
245.000 20128
246.000 18888
247.000 19186
248.000 18830
249.000 19338
250.000 21046
251.000 20030
252.000 15862
253.000 18396
254.000 17984
255.000 19668
256.000 18490
257.000 18714
258.000 19582
259.000 18264
260.000 17964
261.000 21996
262.000 18778
263.000 16890
264.000 15866
265.000 15152
266.000 16390
267.000 17494
268.000 17174
269.000 15907
270.000 16498
271.000 17402
272.000 19246
273.000 16219
274.000 16528
275.000 16864
276.000 15970
277.000 17952
278.000 16790
279.000 15340
280.000 17522
281.000 15156
282.000 14478
283.000 15432
284.000 15616
285.000 17942
286.000 15660
287.000 15666
288.000 19708
289.000 19676
290.000 16966
291.000 18078
292.000 18930
293.000 21018
294.000 18394
295.000 17740
296.000 20190
297.000 18730
298.000 16202
299.000 18020
300.000 16028
301.000 15366
302.000 16039
303.000 16198
304.000 15526
305.000 20080
306.000 18444
307.000 19976
308.000 19510
309.000 19728
310.000 19116
311.000 21596
312.000 21666
313.000 20620
314.000 18530
315.000 19116
316.000 20678
317.000 20278
318.000 21144
319.000 19606
320.000 16900
321.000 17202
322.000 18502
323.000 20828
324.000 19676
325.000 17530
326.000 20938
327.000 18462
328.000 18998
329.000 22366
330.000 22748
331.000 19986
332.000 19876
333.000 18816
334.000 20176
335.000 19146
336.000 20688
337.000 20546
338.000 19630
339.000 19020
340.000 20614
341.000 19678
342.000 18706
343.000 18574
344.000 18378
345.000 22760
346.000 18864
347.000 18292
348.000 17528
349.000 15092
350.000 17258
351.000 20866
352.000 17534
353.000 14654
354.000 20174
355.000 21620
356.000 18638
357.000 18672
358.000 20584
359.000 17340
360.000 18816
361.000 16948
362.000 17300
363.000 18208
364.000 20216
365.000 19824
366.000 18506
367.000 19020
368.000 19300
369.000 18786
370.000 18490
371.000 20684
372.000 18696
373.000 18332
374.000 21324
375.000 21184
376.000 20724
377.000 21368
378.000 19404
379.000 20204
380.000 20690
381.000 20364
382.000 23336
383.000 21218
384.000 20488
385.000 20038
386.000 18004
387.000 17206
388.000 19068
389.000 29112
390.000 20498
391.000 21082
392.000 21770
393.000 20532
394.000 22540
395.000 22158
396.000 21154
397.000 21568
398.000 16299
399.000 15970
400.000 16171
401.000 17128
402.000 18936
403.000 20444
404.000 14316
405.000 17712
406.000 16524
407.000 20732
408.000 19678
409.000 17608
410.000 16982
411.000 16184
412.000 14902
413.000 16001
414.000 17132
415.000 17026
416.000 18296
417.000 16942
418.000 14958
419.000 17066
420.000 16522
421.000 15474
422.000 18746
423.000 17182
424.000 14928
425.000 16756
426.000 16167
427.000 15935
428.000 14942
429.000 16254
430.000 18864
431.000 18116
432.000 18204
433.000 19692
434.000 17272
435.000 18802
436.000 17602
437.000 15064
438.000 18558
439.000 16476
440.000 13596
441.000 16886
442.000 17234
443.000 14088
444.000 15918
445.000 16032
446.000 16090
447.000 16666
448.000 15108
449.000 16740
450.000 14452
451.000 19966
452.000 19418
453.000 18754
454.000 17252
455.000 16544
456.000 15182
457.000 14218
458.000 14356
459.000 15756
460.000 14170
461.000 14480
462.000 13826
463.000 17054
464.000 17374
465.000 15052
466.000 14628
467.000 16202
468.000 14754
469.000 15689
470.000 17412
471.000 13960
472.000 18024
473.000 16476
474.000 15782
475.000 15198
476.000 13478
477.000 19270
478.000 18216
479.000 20228
480.000 18784
481.000 19258
482.000 18622
483.000 15248
484.000 16988
485.000 16672
486.000 15398
487.000 14466
488.000 14770
489.000 15827
490.000 13740
491.000 15528
492.000 13254
493.000 14076
494.000 14398
495.000 14778
496.000 13876
497.000 13944
498.000 16310
499.000 14144
500.000 13222
501.000 18682
502.000 18426
503.000 16580
504.000 17636
505.000 17994
506.000 18628
507.000 18652
508.000 19186
509.000 14656
510.000 14286
511.000 15118
512.000 15132
513.000 13844
514.000 23942
515.000 13736
516.000 16406
517.000 14536
518.000 15234
519.000 16476
520.000 14986
521.000 16718
522.000 14118
523.000 18130
524.000 15188
525.000 25810
526.000 17776
527.000 14550
528.000 13740
529.000 15420
530.000 14262
531.000 13846
532.000 16084
533.000 17438
534.000 15879
535.000 15944
536.000 16001
537.000 15732
538.000 15959
539.000 16086
540.000 14702
541.000 15494
542.000 16898
543.000 16722
544.000 18116
545.000 15754
546.000 16424
547.000 17612
548.000 16644
549.000 14878
550.000 16223
551.000 16530
552.000 15734
553.000 15876
554.000 16772
555.000 16732
556.000 16578
557.000 17070
558.000 14458
559.000 16350
560.000 16364
561.000 16590
562.000 17158
563.000 17828
564.000 15924
565.000 16200
566.000 16632
567.000 16406
568.000 15506
569.000 16658
570.000 16558
571.000 19406
572.000 15352
573.000 15680
574.000 15802
575.000 16438
576.000 16379
577.000 15834
578.000 16088
579.000 15817
580.000 17164
581.000 15640
582.000 15560
583.000 17520
584.000 15754
585.000 16378
586.000 16998
587.000 15830
588.000 17180
589.000 16430
590.000 18064
591.000 15696
592.000 17130
593.000 15984
594.000 18556
595.000 15404
596.000 18100
597.000 16360
598.000 17102
599.000 17952
600.000 15848
601.000 14822
602.000 16830
603.000 17530
604.000 20184
605.000 22898
606.000 28916
607.000 22188
608.000 20048
609.000 20102
610.000 21370
611.000 20814
612.000 21426
613.000 19190
614.000 17562
615.000 17564
616.000 17758
617.000 19600
618.000 14804
619.000 16888
620.000 14750
621.000 17194
622.000 20820
623.000 15632
624.000 17684
625.000 16728
626.000 18788
627.000 21042
628.000 21068
629.000 18230
630.000 20930
631.000 21976
632.000 21632
633.000 21288
634.000 19074
635.000 19884
636.000 21540
637.000 20058
638.000 19370
639.000 18074
640.000 20944
641.000 19918
642.000 15689
643.000 21460
644.000 20374
645.000 20108
646.000 18730
647.000 21490
648.000 19208
649.000 16926
650.000 15420
651.000 17054
652.000 13844
653.000 18070
654.000 13924
655.000 18388
656.000 17246
657.000 15374
658.000 16726
659.000 13740
660.000 14804
661.000 13968
662.000 15883
663.000 13306
664.000 13876
665.000 14374
666.000 14080
667.000 15066
668.000 13308
669.000 14668
670.000 14616
671.000 13740
672.000 14684
673.000 14788
674.000 13892
675.000 14534
676.000 14600
677.000 14312
678.000 14080
679.000 14464
680.000 14600
681.000 14534
682.000 13420
683.000 14684
684.000 14788
685.000 13874
686.000 14770
687.000 13356
688.000 13876
689.000 15456
690.000 15376
691.000 13636
692.000 14582
693.000 14838
694.000 14566
695.000 13016
696.000 14080
697.000 13874
698.000 15879
699.000 14080
700.000 13702
701.000 13740
702.000 14010
703.000 14754
704.000 13286
705.000 14734
706.000 13928
707.000 13724
708.000 13874
709.000 14690
710.000 14716
711.000 14734
712.000 13810
713.000 14566
714.000 13874
715.000 15242
716.000 13032
717.000 14010
718.000 13810
719.000 15474
720.000 15304
721.000 13238
722.000 14754
723.000 16842
724.000 13826
725.000 14780
726.000 15052
727.000 13962
728.000 14446
729.000 15576
730.000 15156
731.000 13270
732.000 13756
733.000 14772
734.000 14046
735.000 14144
736.000 14604
737.000 13914
738.000 14598
739.000 14096
740.000 13874
741.000 14128
742.000 14416
743.000 13506
744.000 13876
745.000 14062
746.000 14600
747.000 15490
748.000 13984
749.000 16261
750.000 17478
751.000 13372
752.000 14328
753.000 13826
754.000 14668
755.000 13820
756.000 14868
757.000 14668
758.000 14010
759.000 14464
760.000 13356
761.000 13892
762.000 14430
763.000 13896
764.000 14582
765.000 14010
766.000 13810
767.000 14010
768.000 14598
769.000 14354
770.000 14462
771.000 14010
772.000 14550
773.000 13860
774.000 14832
775.000 14654
776.000 13756
777.000 14010
778.000 13204
779.000 14048
780.000 13874
781.000 13962
782.000 13290
783.000 13978
784.000 14652
785.000 14212
786.000 14598
787.000 13104
788.000 14518
789.000 14970
790.000 13826
791.000 14852
792.000 15440
793.000 15748
794.000 13756
795.000 14128
796.000 14534
797.000 14010
798.000 13890
799.000 13340
800.000 15056
801.000 13976
802.000 14788
803.000 13708
804.000 13758
805.000 13474
806.000 15671
807.000 14580
808.000 14670
809.000 15774
810.000 14010
811.000 13810
812.000 13286
813.000 14566
814.000 14826
815.000 14850
816.000 13874
817.000 14480
818.000 14010
819.000 14598
820.000 14402
821.000 13474
822.000 14462
823.000 13842
824.000 15378
825.000 13286
826.000 13740
827.000 14668
828.000 14450
829.000 14148
830.000 14080
831.000 13892
832.000 13992
833.000 14658
834.000 14010
835.000 13876
836.000 14668
837.000 14010
838.000 13150
839.000 13962
840.000 14328
841.000 14616
842.000 13494
843.000 14566
844.000 15342
845.000 20700
846.000 17176
847.000 20276
848.000 20114
849.000 18866
850.000 16904
851.000 16936
852.000 15668
853.000 15488
854.000 15650
855.000 17448
856.000 21012
857.000 19842
858.000 21798
859.000 20692
860.000 21106
861.000 20838
862.000 20756
863.000 22300
864.000 22266
865.000 20984
866.000 19670
867.000 19722
868.000 16860
869.000 13962
870.000 14620
871.000 13876
872.000 13944
873.000 13978
874.000 13858
875.000 13692
876.000 13286
877.000 14718
878.000 14062
879.000 14228
880.000 15893
881.000 13490
882.000 13740
883.000 13962
884.000 15256
885.000 13286
886.000 14582
887.000 14568
888.000 14580
889.000 15344
890.000 14616
891.000 13270
892.000 14480
893.000 15154
894.000 14064
895.000 13756
896.000 14286
897.000 19348
898.000 16390
899.000 19146
900.000 19576
901.000 18048
902.000 19050
903.000 18576
904.000 15392
905.000 17748
906.000 13944
907.000 14480
908.000 14600
909.000 14080
910.000 13858
911.000 15068
912.000 15040
913.000 15968
914.000 18874
915.000 13298
916.000 18476
917.000 18004
918.000 17470
919.000 17910
920.000 18348
921.000 15914
922.000 15512
923.000 13842
924.000 13592
925.000 14328
926.000 14502
927.000 14550
928.000 14568
929.000 13268
930.000 13962
931.000 13858
932.000 14010
933.000 13912
934.000 15440
935.000 13874
936.000 14606
937.000 14432
938.000 14128
939.000 13944
940.000 14696
941.000 15406
942.000 13474
943.000 14584
944.000 14582
945.000 14062
946.000 13758
947.000 13268
948.000 13962
949.000 14754
950.000 13876
951.000 14788
952.000 13874
953.000 14568
954.000 18744
955.000 13286
956.000 13756
957.000 14064
958.000 14480
959.000 13404
960.000 14416
961.000 13876
962.000 14068
963.000 14284
964.000 14464
965.000 14780
966.000 14706
967.000 13758
968.000 14852
969.000 13944
970.000 14934
971.000 14732
972.000 15428
973.000 14078
974.000 13758
975.000 15510
976.000 14008
977.000 14328
978.000 14080
979.000 15456
980.000 13994
981.000 13810
982.000 14010
983.000 13826
984.000 15528
985.000 13032
986.000 13994
987.000 13944
988.000 14010
989.000 14228
990.000 13372
991.000 15322
992.000 15458
993.000 13914
994.000 13992
995.000 14734
996.000 14886
997.000 16662
998.000 19442
999.000 14976
1000.000 24726
1001.000 38466
1002.000 22010
1003.000 20266
1004.000 17670
1005.000 20928
1006.000 20690
1007.000 19764
1008.000 15012
1009.000 13966
1010.000 14010
1011.000 14010
1012.000 16341
1013.000 14096
1014.000 14464
1015.000 13810
1016.000 14008
1017.000 14868
1018.000 14062
1019.000 14502
1020.000 13738
1021.000 14080
1022.000 14030
1023.000 13962
1024.000 14080
1025.000 14644
1026.000 14048
1027.000 15258
1028.000 14128
1029.000 14614
1030.000 14422
1031.000 13740
1032.000 14010
1033.000 14754
1034.000 14702
1035.000 13740
1036.000 13914
1037.000 15186
1038.000 13876
1039.000 14668
1040.000 13256
1041.000 14734
1042.000 14668
1043.000 13962
1044.000 13150
1045.000 14670
1046.000 14580
1047.000 14010
1048.000 13102
1049.000 13876
1050.000 14716
1051.000 14080
1052.000 13874
1053.000 14616
1054.000 14148
1055.000 13876
1056.000 14008
1057.000 13790
1058.000 14582
1059.000 15204
1060.000 13944
1061.000 14464
1062.000 15070
1063.000 13944
1064.000 15660
1065.000 13892
1066.000 13946
1067.000 13874
1068.000 14010
1069.000 13966
1070.000 14008
1071.000 14446
1072.000 13962
1073.000 14462
1074.000 13238
1075.000 14398
1076.000 14010
1077.000 14598
1078.000 13222
1079.000 14008
1080.000 14464
1081.000 13944
1082.000 14620
1083.000 14010
1084.000 13896
1085.000 14914
1086.000 13874
1087.000 14670
1088.000 14598
1089.000 14048
1090.000 13086
1091.000 14144
1092.000 14582
1093.000 13962
1094.000 13962
1095.000 14580
1096.000 14454
1097.000 13876
1098.000 13286
1099.000 15376
1100.000 14480
1101.000 15458
1102.000 13222
1103.000 13874
1104.000 15410
1105.000 15258
1106.000 14010
1107.000 13016
1108.000 14214
1109.000 13858
1110.000 15286
1111.000 13486
1112.000 14118
1113.000 14834
1114.000 14584
1115.000 14144
1116.000 14734
1117.000 14600
1118.000 13190
1119.000 14600
1120.000 13740
1121.000 14252
1122.000 13150
1123.000 15188
1124.000 14888
1125.000 14600
1126.000 14010
1127.000 13944
1128.000 13740
1129.000 15208
1130.000 13960
1131.000 14598
1132.000 13994
1133.000 13826
1134.000 14684
1135.000 13152
1136.000 14080
1137.000 13992
1138.000 13758
1139.000 13220
1140.000 14600
1141.000 13992
1142.000 13984
1143.000 13150
1144.000 14096
1145.000 13990
1146.000 13876
1147.000 14010
1148.000 14062
1149.000 16028
1150.000 18298
1151.000 20042
1152.000 19512
1153.000 17184
1154.000 18572
1155.000 18084
1156.000 16296
1157.000 19894
1158.000 21294
1159.000 17148
1160.000 16188
1161.000 19246
1162.000 18488
1163.000 16094
1164.000 15034
1165.000 15040
1166.000 18032
1167.000 18510
1168.000 15188
1169.000 13826
1170.000 15716
1171.000 17448
1172.000 20434
1173.000 21154
1174.000 14308
1175.000 18714
1176.000 18248
1177.000 18980
1178.000 17438
1179.000 15442
1180.000 19022
1181.000 17322
1182.000 18692
1183.000 20314
1184.000 18376
1185.000 14840
1186.000 13168
1187.000 16132
1188.000 18902
1189.000 17220
1190.000 19606
1191.000 16208
1192.000 18006
1193.000 16048
1194.000 19134
1195.000 17272
1196.000 16848
1197.000 17676
1198.000 17916
1199.000 19774
1200.000 17208
1201.000 15590
1202.000 17136
1203.000 15490
1204.000 17032
1205.000 19456
1206.000 19700
1207.000 17690
1208.000 19556
1209.000 17960
1210.000 20294
1211.000 17528
1212.000 17840
1213.000 20430
1214.000 18372
1215.000 17874
1216.000 17232
1217.000 17976
1218.000 17964
1219.000 18470
1220.000 18716
1221.000 19952
1222.000 15176
1223.000 16133
1224.000 21132
1225.000 21574
1226.000 19876
1227.000 20928
1228.000 17644
1229.000 15506
1230.000 18596
1231.000 17672
1232.000 19494
1233.000 19760
1234.000 17912
1235.000 15852
1236.000 17484
1237.000 20412
1238.000 18866
1239.000 20058
1240.000 19302
1241.000 19776
1242.000 17818
1243.000 20592
1244.000 21412
1245.000 22060
1246.000 18294
1247.000 19126
1248.000 17078
1249.000 17746
1250.000 18210
1251.000 19312
1252.000 17246
1253.000 19984
1254.000 18450
1255.000 21678
1256.000 19548
1257.000 17596
1258.000 21802
1259.000 17576
1260.000 16594
1261.000 14946
1262.000 13308
1263.000 18546
1264.000 14992
1265.000 19044
1266.000 15840
1267.000 20896
1268.000 18856
1269.000 14988
1270.000 16836
1271.000 19384
1272.000 22122
1273.000 21194
1274.000 21164
1275.000 17036
1276.000 16124
1277.000 19640
1278.000 17902
1279.000 16472
1280.000 19486
1281.000 17962
1282.000 18040
1283.000 13874
1284.000 13238
1285.000 15516
1286.000 20214
1287.000 16658
1288.000 19240
1289.000 14636
1290.000 20420
1291.000 21112
1292.000 21560
1293.000 20940
1294.000 19712
1295.000 17700
1296.000 18624
1297.000 17288
1298.000 14860
1299.000 16052
1300.000 16046
1301.000 17096
1302.000 14222
1303.000 15506
1304.000 14096
1305.000 15322
1306.000 15528
1307.000 13874
1308.000 14600
1309.000 14022
1310.000 14830
1311.000 15268
1312.000 15518
1313.000 14556
1314.000 17252
1315.000 17364
1316.000 14530
1317.000 15598
1318.000 14746
1319.000 16872
1320.000 19714
1321.000 19686
1322.000 19156
1323.000 16388
1324.000 17692
1325.000 18078
1326.000 20728
1327.000 20250
1328.000 17490
1329.000 15250
1330.000 13780
1331.000 18008
1332.000 19228
1333.000 18060
1334.000 16110
1335.000 19516
1336.000 19704
1337.000 19428
1338.000 15692
1339.000 17424
1340.000 18568
1341.000 18050
1342.000 16086
1343.000 16146
1344.000 16438
1345.000 17820
1346.000 17720
1347.000 19720
1348.000 19910
1349.000 15734
1350.000 18422
1351.000 18970
1352.000 19600
1353.000 21286
1354.000 18948
1355.000 16148
1356.000 19912
1357.000 19514
1358.000 18612
1359.000 18428
1360.000 15096
1361.000 16351
1362.000 18112
1363.000 18736
1364.000 16015
1365.000 15656
1366.000 18094
1367.000 17954
1368.000 14480
1369.000 14702
1370.000 15602
1371.000 17038
1372.000 18682
1373.000 20496
1374.000 14826
1375.000 16504
1376.000 14458
1377.000 16660
1378.000 13874
1379.000 19784
1380.000 16100
1381.000 18782
1382.000 18150
1383.000 18170
1384.000 17776
1385.000 19534
1386.000 18018
1387.000 16980
1388.000 17150
1389.000 14494
1390.000 17312
1391.000 15394
1392.000 13404
1393.000 15633
1394.000 19102
1395.000 18020
1396.000 15174
1397.000 16720
1398.000 18080
1399.000 17142
1400.000 15622
1401.000 14774
1402.000 19384
1403.000 18060
1404.000 17896
1405.000 14846
1406.000 17406
1407.000 16448
1408.000 16728
1409.000 16660
1410.000 16658
1411.000 17986
1412.000 16846
1413.000 17184
1414.000 20108
1415.000 17300
1416.000 18144
1417.000 19762
1418.000 18400
1419.000 19386
1420.000 17942
1421.000 18556
1422.000 18364
1423.000 13122
1424.000 15578
1425.000 16289
1426.000 16188
1427.000 19944
1428.000 18528
1429.000 19592
1430.000 18666
1431.000 16894
1432.000 14900
1433.000 19144
1434.000 16774
1435.000 17444
1436.000 18762
1437.000 13102
1438.000 14246
1439.000 14464
1440.000 15392
1441.000 13168
1442.000 14014
1443.000 15548
1444.000 13960
1445.000 14526
1446.000 13826
1447.000 13994
1448.000 14716
1449.000 13962
1450.000 13134
1451.000 14598
1452.000 14550
1453.000 14584
1454.000 18276
1455.000 20730
1456.000 15644
1457.000 16124
1458.000 19444
1459.000 17800
1460.000 16730
1461.000 15774
1462.000 17912
1463.000 20860
1464.000 15532
1465.000 19690
1466.000 18238
1467.000 16124
1468.000 18826
1469.000 14452
1470.000 18898
1471.000 15930
1472.000 14194
1473.000 14668
1474.000 13372
1475.000 14582
1476.000 13810
1477.000 13874
1478.000 13994
1479.000 14686
1480.000 14732
1481.000 13874
1482.000 13946
1483.000 13286
1484.000 14646
1485.000 13962
1486.000 14446
1487.000 13286
1488.000 13848
1489.000 14852
1490.000 15360
1491.000 14064
1492.000 13874
1493.000 14010
1494.000 15310
1495.000 13286
1496.000 14010
1497.000 13810
1498.000 14346
1499.000 15186
1500.000 13222
1501.000 14030
1502.000 14486
1503.000 14954
1504.000 13372
1505.000 13920
1506.000 14572
1507.000 13874
1508.000 14836
1509.000 14398
1510.000 14734
1511.000 13874
1512.000 13810
1513.000 14598
1514.000 14568
1515.000 14196
1516.000 13874
1517.000 13740
1518.000 14804
1519.000 13874
1520.000 13286
1521.000 14708
1522.000 15188
1523.000 15552
1524.000 14068
1525.000 14638
1526.000 14464
1527.000 14080
1528.000 13286
1529.000 14598
1530.000 13810
1531.000 15322
1532.000 15324
1533.000 13906
1534.000 14820
1535.000 14462
1536.000 14734
1537.000 13810
1538.000 14732
1539.000 14462
1540.000 13946
1541.000 13874
1542.000 14010
1543.000 13810
1544.000 14820
1545.000 13738
1546.000 14670
1547.000 15186
1548.000 14734
1549.000 14398
1550.000 14300
1551.000 13740
1552.000 14670
1553.000 15052
1554.000 14230
1555.000 13810
1556.000 14734
1557.000 14598
1558.000 13222
1559.000 14770
1560.000 14734
1561.000 13944
1562.000 14166
1563.000 14718
1564.000 14030
1565.000 13804
1566.000 13874
1567.000 14668
1568.000 13874
1569.000 14836
1570.000 14702
1571.000 15456
1572.000 13874
1573.000 15432
1574.000 13960
1575.000 13286
1576.000 13810
1577.000 14010
1578.000 13874
1579.000 14670
1580.000 20480
1581.000 19882
1582.000 18580
1583.000 16864
1584.000 16734
1585.000 15288
1586.000 17054
1587.000 18884
1588.000 19640
1589.000 16598
1590.000 16282
1591.000 19496
1592.000 19040
1593.000 18338
1594.000 16910
1595.000 19260
1596.000 20152
1597.000 20362
1598.000 17124
1599.000 15494
1600.000 15778
1601.000 19762
1602.000 18382
1603.000 17910
1604.000 18544
1605.000 19660
1606.000 20374
1607.000 20914
1608.000 19648
1609.000 20920
1610.000 18506
1611.000 16918
1612.000 18836
1613.000 18874
1614.000 15596
1615.000 21302
1616.000 19138
1617.000 15556
1618.000 20074
1619.000 17944
1620.000 19666
1621.000 20408
1622.000 16996
1623.000 18610
1624.000 18910
1625.000 15688
1626.000 13892
1627.000 17974
1628.000 18308
1629.000 14646
1630.000 17096
1631.000 18172
1632.000 16142
1633.000 16500
1634.000 19908
1635.000 15048
1636.000 16516
1637.000 18684
1638.000 20952
1639.000 16410
1640.000 15448
1641.000 18972
1642.000 19804
1643.000 16274
1644.000 15504
1645.000 15340
1646.000 17532
1647.000 20050
1648.000 15782
1649.000 18692
1650.000 17032
1651.000 16206
1652.000 17168
1653.000 17384
1654.000 17802
1655.000 20130
1656.000 15754
1657.000 16458
1658.000 17124
1659.000 18418
1660.000 15052
1661.000 18680
1662.000 18082
1663.000 19260
1664.000 19468
1665.000 17144
1666.000 18008
1667.000 20852
1668.000 18102
1669.000 18922
1670.000 19494
1671.000 18964
1672.000 19198
1673.000 19950
1674.000 20502
1675.000 20008
1676.000 17504
1677.000 17778
1678.000 20472
1679.000 17412
1680.000 19456
1681.000 19258
1682.000 17120
1683.000 23088
1684.000 17496
1685.000 16136
1686.000 14756
1687.000 13978
1688.000 14532
1689.000 14190
1690.000 14086
1691.000 19060
1692.000 16496
1693.000 20624
1694.000 14754
1695.000 18098
1696.000 19278
1697.000 18768
1698.000 17170
1699.000 17310
1700.000 17588
1701.000 19230
1702.000 18432
1703.000 17592
1704.000 18730
1705.000 17822
1706.000 19256
1707.000 19350
1708.000 19588
1709.000 19600
1710.000 15678
1711.000 15841
1712.000 19722
1713.000 18428
1714.000 18496
1715.000 19130
1716.000 19022
1717.000 15388
1718.000 13692
1719.000 14748
1720.000 14718
1721.000 13944
1722.000 16048
1723.000 13992
1724.000 14874
1725.000 14054
1726.000 19682
1727.000 19384
1728.000 19424
1729.000 17114
1730.000 20706
1731.000 20384
1732.000 15869
1733.000 21646
1734.000 17798
1735.000 15480
1736.000 19896
1737.000 15698
1738.000 15789
1739.000 19308
1740.000 16242
1741.000 25038
1742.000 23890
1743.000 18950
1744.000 16364
1745.000 20228
1746.000 16822
1747.000 16684
1748.000 15494
1749.000 20466
1750.000 20278
1751.000 15298
1752.000 16744
1753.000 15699
1754.000 17546
1755.000 19106
1756.000 19318
1757.000 19676
1758.000 16410
1759.000 19988
1760.000 15890
1761.000 17526
1762.000 19118
1763.000 16930
1764.000 19536
1765.000 17306
1766.000 17826
1767.000 16112
1768.000 20770
1769.000 15806
1770.000 16420
1771.000 19602
1772.000 15886
1773.000 19262
1774.000 20370
1775.000 19288
1776.000 17444
1777.000 18698
1778.000 20820
1779.000 20316
1780.000 19280
1781.000 14598
1782.000 14444
1783.000 16271
1784.000 18778
1785.000 16046
1786.000 15320
1787.000 26064
1788.000 15713
1789.000 19240
1790.000 18812
1791.000 18430
1792.000 16518
1793.000 20474
1794.000 18334
1795.000 14018
1796.000 14010
1797.000 14464
1798.000 13946
1799.000 14008
1800.000 15172
1801.000 15570
1802.000 20900
1803.000 18520
1804.000 19688
1805.000 17666
1806.000 19458
1807.000 20586
1808.000 18490
1809.000 18552
1810.000 14928
1811.000 19440
1812.000 19488
1813.000 19940
1814.000 14390
1815.000 13944
1816.000 18000
1817.000 20188
1818.000 21796
1819.000 20074
1820.000 20246
1821.000 20218
1822.000 33166
1823.000 27538
1824.000 18112
1825.000 22674
1826.000 23830
1827.000 20654
1828.000 19498
1829.000 18722
1830.000 20556
1831.000 18298
1832.000 14128
1833.000 13756
1834.000 19406
1835.000 18122
1836.000 19960
1837.000 21836
1838.000 17784
1839.000 22746
1840.000 17876
1841.000 19332
1842.000 20652
1843.000 18630
1844.000 19256
1845.000 20936
1846.000 19004
1847.000 14462
1848.000 17102
1849.000 18648
1850.000 17746
1851.000 14446
1852.000 18662
1853.000 19288
1854.000 20094
1855.000 18592
1856.000 18514
1857.000 13574
1858.000 17732
1859.000 18838
1860.000 22580
1861.000 19336
1862.000 16876
1863.000 18008
1864.000 15612
1865.000 14254
1866.000 15230
1867.000 13228
1868.000 16365
1869.000 17048
1870.000 17886
1871.000 21610
1872.000 17196
1873.000 17020
1874.000 19330
1875.000 17670
1876.000 18362
1877.000 14494
1878.000 17614
1879.000 19748
1880.000 19022
1881.000 17626
1882.000 17362
1883.000 17182
1884.000 14732
1885.000 13102
1886.000 14080
1887.000 14446
1888.000 14010
1889.000 14414
1890.000 13168
1891.000 13740
1892.000 14668
1893.000 13836
1894.000 14010
1895.000 13172
1896.000 14868
1897.000 15440
1898.000 14804
1899.000 13876
1900.000 15657
1901.000 14666
1902.000 19070
1903.000 16932
1904.000 16476
1905.000 14266
1906.000 15494
1907.000 17058
1908.000 16572
1909.000 18172
1910.000 16247
1911.000 15910
1912.000 17728
1913.000 14926
1914.000 15954
1915.000 18178
1916.000 16398
1917.000 16420
1918.000 14694
1919.000 14050
1920.000 14734
1921.000 15709
1922.000 17764
1923.000 18472
1924.000 18066
1925.000 17702
1926.000 17432
1927.000 17462
1928.000 14262
1929.000 13756
1930.000 16666
1931.000 15004
1932.000 16264
1933.000 18020
1934.000 16275
1935.000 17842
1936.000 17264
1937.000 20042
1938.000 17636
1939.000 19132
1940.000 15568
1941.000 18026
1942.000 16324
1943.000 13928
1944.000 13740
1945.000 15390
1946.000 14280
1947.000 14600
1948.000 14696
1949.000 14480
1950.000 14652
1951.000 14010
1952.000 14598
1953.000 14384
1954.000 14480
1955.000 15446
1956.000 13810
1957.000 13892
1958.000 13992
1959.000 15864
1960.000 13874
1961.000 13286
1962.000 14080
1963.000 13740
1964.000 15458
1965.000 13306
1966.000 14010
1967.000 14582
1968.000 14668
1969.000 15306
1970.000 14166
1971.000 13692
1972.000 14128
1973.000 14344
1974.000 14786
1975.000 14668
1976.000 14010
1977.000 13864
1978.000 14262
1979.000 14464
1980.000 15796
1981.000 13622
1982.000 13442
1983.000 14198
1984.000 14328
1985.000 14550
1986.000 14008
1987.000 14380
1988.000 14464
1989.000 14080
1990.000 13756
1991.000 14112
1992.000 14550
1993.000 14010
1994.000 15188
1995.000 13308
1996.000 14598
1997.000 14696
1998.000 13864
1999.000 14718
2000.000 13112
2001.000 13946
2002.000 14462
2003.000 13876
2004.000 14802
2005.000 13372
2006.000 14596
2007.000 14670
2008.000 13874
2009.000 13286
2010.000 14668
2011.000 14010
2012.000 13286
2013.000 14534
2014.000 14598
2015.000 14588
2016.000 14668
2017.000 14734
2018.000 15910
2019.000 14398
2020.000 14734
2021.000 13992
2022.000 13828
2023.000 15170
2024.000 13876
2025.000 14636
2026.000 14046
2027.000 13874
2028.000 16316
2029.000 20976
2030.000 13442
2031.000 17328
2032.000 14600
2033.000 18536
2034.000 13356
2035.000 15494
2036.000 14010
2037.000 13810
2038.000 13286
2039.000 14598
2040.000 15258
2041.000 14070
2042.000 14166
2043.000 13810
2044.000 13892
2045.000 14684
2046.000 13992
2047.000 13874
2048.000 13914
2049.000 13944
2050.000 14868
2051.000 13874
2052.000 14670
2053.000 13152
2054.000 14464
2055.000 14030
2056.000 14010
2057.000 13114
2058.000 14462
2059.000 13944
2060.000 14010
2061.000 13778
2062.000 13984
2063.000 14462
2064.000 13876
2065.000 14752
2066.000 14734
2067.000 14580
2068.000 14804
2069.000 13740
2070.000 14010
2071.000 15845
2072.000 14010
2073.000 14582
2074.000 13962
2075.000 14770
2076.000 13876
2077.000 13220
2078.000 14010
2079.000 13858
2080.000 14686
2081.000 14598
2082.000 13152
2083.000 13944
2084.000 14598
2085.000 14416
2086.000 14118
2087.000 14328
2088.000 14600
2089.000 14802
2090.000 14032
2091.000 14716
2092.000 14670
2093.000 13874
2094.000 13994
2095.000 13912
2096.000 14868
2097.000 15342
2098.000 13828
2099.000 15188
2100.000 13756
2101.000 14398
2102.000 14756
2103.000 14452
2104.000 18946
2105.000 17478
2106.000 19070
2107.000 17642
2108.000 15831
2109.000 17626
2110.000 16378
2111.000 15320
2112.000 19804
2113.000 20052
2114.000 20800
2115.000 18654
2116.000 19838
2117.000 18956
2118.000 16490
2119.000 17340
2120.000 17076
2121.000 15675
2122.000 18280
2123.000 29806
2124.000 17554
2125.000 17452
2126.000 17008
2127.000 16112
2128.000 16790
2129.000 17804
2130.000 15572
2131.000 21526
2132.000 14340
2133.000 18684
2134.000 13858
2135.000 16062
2136.000 18690
2137.000 14446
2138.000 17324
2139.000 17844
2140.000 17442
2141.000 14788
2142.000 13874
2143.000 15154
2144.000 13220
2145.000 14684
2146.000 14598
2147.000 14654
2148.000 13740
2149.000 15886
2150.000 19744
2151.000 14820
2152.000 19890
2153.000 20738
2154.000 17888
2155.000 15096
2156.000 14140
2157.000 15476
2158.000 15418
2159.000 17576
2160.000 19080
2161.000 16946
2162.000 15172
2163.000 17556
2164.000 13892
2165.000 14166
2166.000 14038
2167.000 13286
2168.000 14684
2169.000 14502
2170.000 13874
2171.000 14804
2172.000 14600
2173.000 14244
2174.000 18586
2175.000 19954
2176.000 15250
2177.000 18152
2178.000 20410
2179.000 16299
2180.000 16526
2181.000 14396
2182.000 15032
2183.000 17856
2184.000 17954
2185.000 18340
2186.000 20722
2187.000 18508
2188.000 18874
2189.000 18576
2190.000 16476
2191.000 21072
2192.000 18518
2193.000 20996
2194.000 20042
2195.000 18788
2196.000 16732
2197.000 17276
2198.000 16938
2199.000 16542
2200.000 17634
2201.000 18152
2202.000 15782
2203.000 13876
2204.000 13356
2205.000 16742
2206.000 19392
2207.000 23068
2208.000 19144
2209.000 19922
2210.000 17354
2211.000 16001
2212.000 16724
2213.000 18228
2214.000 21250
2215.000 19116
2216.000 20410
2217.000 20384
2218.000 21770
2219.000 18738
2220.000 19988
2221.000 20218
2222.000 20744
2223.000 17980
2224.000 20670
2225.000 19802
2226.000 19334
2227.000 20116
2228.000 18922
2229.000 18086
2230.000 16320
2231.000 14246
2232.000 14252
2233.000 16580
2234.000 15264
2235.000 17004
2236.000 13286
2237.000 14480
2238.000 18476
2239.000 19910
2240.000 16370
2241.000 19436
2242.000 20432
2243.000 17088
2244.000 19988
2245.000 16416
2246.000 14710
2247.000 16076
2248.000 19862
2249.000 19438
2250.000 17840
2251.000 17210
2252.000 15440
2253.000 19544
2254.000 16722
2255.000 15942
2256.000 16334
2257.000 18744
2258.000 16084
2259.000 19456
2260.000 16648
2261.000 18726
2262.000 19134
2263.000 16430
2264.000 15897
2265.000 17024
2266.000 17554
2267.000 16341
2268.000 18350
2269.000 16602
2270.000 18242
2271.000 19216
2272.000 15948
2273.000 14740
2274.000 15546
2275.000 13366
2276.000 16574
2277.000 14786
2278.000 14918
2279.000 14540
2280.000 16152
2281.000 18220
2282.000 21134
2283.000 15682
2284.000 14974
2285.000 14632
2286.000 18056
2287.000 17542
2288.000 21132
2289.000 16209
2290.000 14896
2291.000 15324
2292.000 14080
2293.000 16806
2294.000 21594
2295.000 21772
2296.000 18054
2297.000 18542
2298.000 17218
2299.000 21386
2300.000 18572
2301.000 18920
2302.000 22398
2303.000 22798
2304.000 20934
2305.000 14446
2306.000 18630
2307.000 18234
2308.000 16746
2309.000 17492
2310.000 18286
2311.000 18482
2312.000 14764
2313.000 15902
2314.000 18300
2315.000 18080
2316.000 20100
2317.000 14106
2318.000 14732
2319.000 15410
2320.000 17168
2321.000 17664
2322.000 16030
2323.000 18322
2324.000 16011
2325.000 17004
2326.000 18582
2327.000 21588
2328.000 18790
2329.000 20350
2330.000 18570
2331.000 19866
2332.000 21282
2333.000 17044
2334.000 21980
2335.000 19360
2336.000 16560
2337.000 17234
2338.000 16244
2339.000 20504
2340.000 17212
2341.000 16902
2342.000 18958
2343.000 20886
2344.000 19850
2345.000 19890
2346.000 17986
2347.000 18746
2348.000 19290
2349.000 18848
2350.000 17970
2351.000 17848
2352.000 19444
2353.000 20166
2354.000 20514
2355.000 20154
2356.000 20616
2357.000 18380
2358.000 18444
2359.000 20076
2360.000 21490
2361.000 17174
2362.000 18360
2363.000 17688
2364.000 18700
2365.000 17624
2366.000 20076
2367.000 19200
2368.000 16223
2369.000 18542
2370.000 18484
2371.000 16436
2372.000 17252
2373.000 19910
2374.000 21402
2375.000 17646
2376.000 16264
2377.000 16772
2378.000 16466
2379.000 16978
2380.000 14042
2381.000 19246
2382.000 18926
2383.000 17706
2384.000 17448
2385.000 17864
2386.000 19606
2387.000 18698
2388.000 19230
2389.000 18826
2390.000 18372
2391.000 19576
2392.000 17390
2393.000 18110
2394.000 17924
2395.000 15952
2396.000 18074
2397.000 19162
2398.000 16482
2399.000 15226
2400.000 14680
2401.000 19964
2402.000 16694
2403.000 18788
2404.000 17880
2405.000 17232
2406.000 16542
2407.000 18394
2408.000 17516
2409.000 20234
2410.000 17988
2411.000 18978
2412.000 16126
2413.000 19850
2414.000 17632
2415.000 15236
2416.000 17706
2417.000 18320
2418.000 16548
2419.000 14968
2420.000 16702
2421.000 19638
2422.000 19050
2423.000 20350
2424.000 16798
2425.000 19852
2426.000 19042
2427.000 17478
2428.000 16302
2429.000 13834
2430.000 13756
2431.000 14970
2432.000 16802
2433.000 18908
2434.000 18234
2435.000 18078
2436.000 18696
2437.000 16216
2438.000 16100
2439.000 18748
2440.000 15448
2441.000 20694
2442.000 19220
2443.000 19424
2444.000 19862
2445.000 18222
2446.000 16912
2447.000 18894
2448.000 19596
2449.000 18560
2450.000 19000
2451.000 19286
2452.000 15628
2453.000 16954
2454.000 15488
2455.000 16313
2456.000 14268
2457.000 14614
2458.000 16636
2459.000 13054
2460.000 14300
2461.000 15204
2462.000 17586
2463.000 14464
2464.000 13286
2465.000 14398
2466.000 14142
2467.000 13874
2468.000 14670
2469.000 13874
2470.000 14010
2471.000 14398
2472.000 13286
2473.000 14010
2474.000 14650
2475.000 14480
2476.000 14686
2477.000 13356
2478.000 14598
2479.000 13740
2480.000 14922
2481.000 13420
2482.000 14210
2483.000 14668
2484.000 13874
2485.000 15226
2486.000 13442
2487.000 13876
2488.000 13740
2489.000 15661
2490.000 14008
2491.000 14464
2492.000 13944
2493.000 14010
2494.000 13874
2495.000 15260
2496.000 14550
2497.000 14852
2498.000 14534
2499.000 13286
2500.000 14462
2501.000 13946
2502.000 13874
2503.000 13152
2504.000 14630
2505.000 14772
2506.000 13922
2507.000 13946
2508.000 14010
2509.000 14598
2510.000 14808
2511.000 13892
2512.000 13286
2513.000 14398
2514.000 14734
2515.000 13874
2516.000 14016
2517.000 14480
2518.000 14128
2519.000 14566
2520.000 13874
2521.000 13740
2522.000 14236
2523.000 14816
2524.000 14716
2525.000 13944
2526.000 14008
2527.000 13874
2528.000 14080
2529.000 13874
2530.000 14600
2531.000 15430
2532.000 13876
2533.000 15322
2534.000 14804
2535.000 14362
2536.000 14080
2537.000 16115
2538.000 14566
2539.000 14734
2540.000 14398
2541.000 15324
2542.000 13150
2543.000 14670
2544.000 17222
2545.000 13930
2546.000 16878
2547.000 14010
2548.000 15152
2549.000 17108
2550.000 13740
2551.000 13286
2552.000 14534
2553.000 14010
2554.000 14464
2555.000 19014
2556.000 17122
2557.000 19284
2558.000 21644
2559.000 21010
2560.000 17948
2561.000 19296
2562.000 19814
2563.000 23180
2564.000 16876
2565.000 14144
2566.000 13788
2567.000 14868
2568.000 14416
2569.000 15406
2570.000 19090
2571.000 15786
2572.000 17962
2573.000 16420
2574.000 17448
2575.000 13876
2576.000 13826
2577.000 15056
2578.000 15068
2579.000 13286
2580.000 14668
2581.000 14010
2582.000 13598
2583.000 13826
2584.000 15458
2585.000 15422
2586.000 13386
2587.000 14598
2588.000 14128
2589.000 13102
2590.000 14010
2591.000 14462
2592.000 14064
2593.000 14772
2594.000 14462
2595.000 14652
2596.000 14096
2597.000 14210
2598.000 13356
2599.000 16906
2600.000 18552
2601.000 13946
2602.000 14148
2603.000 15222
2604.000 17874
2605.000 16772
2606.000 18972
2607.000 14532
2608.000 14580
2609.000 13876
2610.000 14668
2611.000 13874
2612.000 14734
2613.000 15478
2614.000 13874
2615.000 13758
2616.000 17014
2617.000 19490
2618.000 18356
2619.000 15959
2620.000 14918
2621.000 13270
2622.000 14904
2623.000 14010
2624.000 13756
2625.000 13930
2626.000 14936
2627.000 15590
2628.000 13222
2629.000 14346
2630.000 14300
2631.000 14534
2632.000 14126
2633.000 14462
2634.000 13946
2635.000 13756
2636.000 24784
2637.000 13690
2638.000 16282
2639.000 13874
2640.000 13946
2641.000 13992
2642.000 14518
2643.000 14634
2644.000 14010
2645.000 15162
2646.000 19114
2647.000 18220
2648.000 19752
2649.000 18776
2650.000 21064
2651.000 16716
2652.000 19234
2653.000 20392
2654.000 17208
2655.000 17764
2656.000 17622
2657.000 15040
2658.000 16091
2659.000 15068
2660.000 13858
2661.000 13356
2662.000 14734
2663.000 13740
2664.000 14080
2665.000 13740
2666.000 13978
2667.000 14716
2668.000 13866
2669.000 14716
2670.000 14026
2671.000 13810
2672.000 14010
2673.000 14366
2674.000 13930
2675.000 14480
2676.000 14096
2677.000 15510
2678.000 14598
2679.000 13268
2680.000 13866
2681.000 13874
2682.000 14010
2683.000 14668
2684.000 15540
2685.000 14598
2686.000 14620
2687.000 13874
2688.000 14144
2689.000 13692
2690.000 15344
2691.000 13874
2692.000 13222
2693.000 13874
2694.000 16944
2695.000 18602
2696.000 20512
2697.000 15222
2698.000 14936
2699.000 19960
2700.000 17132
2701.000 14902
2702.000 19180
2703.000 16530
2704.000 19072
2705.000 16332
2706.000 15320
2707.000 13016
2708.000 15392
2709.000 14424
2710.000 15304
2711.000 14850
2712.000 15322
2713.000 13874
2714.000 13946
2715.000 14462
2716.000 13372
2717.000 13810
2718.000 19396
2719.000 13778
2720.000 20226
2721.000 14030
2722.000 15190
2723.000 14668
2724.000 14734
2725.000 13112
2726.000 14032
2727.000 14598
2728.000 14734
2729.000 17096
2730.000 13152
2731.000 13874
2732.000 14802
2733.000 14464
2734.000 13286
2735.000 15392
2736.000 14684
2737.000 13152
2738.000 17018
2739.000 19558
2740.000 17650
2741.000 19948
2742.000 20908
2743.000 18412
2744.000 15506
2745.000 16648
2746.000 14886
2747.000 19888
2748.000 27952
2749.000 22590
2750.000 17928
2751.000 14752
2752.000 20606
2753.000 17714
2754.000 15156
2755.000 17848
2756.000 18842
2757.000 17334
2758.000 20090
2759.000 19782
2760.000 17920
2761.000 20428
2762.000 18298
2763.000 18020
2764.000 15956
2765.000 14426
2766.000 19290
2767.000 14116
2768.000 13928
2769.000 15222
2770.000 13150
2771.000 13946
2772.000 14716
2773.000 13854
2774.000 13286
2775.000 13912
2776.000 14080
2777.000 13754
2778.000 14080
2779.000 14462
2780.000 13876
2781.000 14668
2782.000 14734
2783.000 14598
2784.000 14652
2785.000 13756
2786.000 13238
2787.000 14668
2788.000 13914
2789.000 15320
2790.000 14182
2791.000 14868
2792.000 15170
2793.000 13944
2794.000 13152
2795.000 14128
2796.000 14502
2797.000 14144
2798.000 13740
2799.000 14804
2800.000 14732
2801.000 15188
2802.000 15390
2803.000 13152
2804.000 17108
2805.000 19708
2806.000 21000
2807.000 20582
2808.000 18586
2809.000 20670
2810.000 20668
2811.000 16350
2812.000 19868
2813.000 18366
2814.000 15004
2815.000 18874
2816.000 16046
2817.000 16112
2818.000 13816
2819.000 14616
2820.000 14668
2821.000 14464
2822.000 14750
2823.000 14236
2824.000 15188
2825.000 15558
2826.000 16270
2827.000 18570
2828.000 14328
2829.000 15258
2830.000 14582
2831.000 13286
2832.000 13864
2833.000 14732
2834.000 14480
2835.000 14414
2836.000 14840
2837.000 18846
2838.000 20416
2839.000 21204
2840.000 16888
2841.000 16694
2842.000 15024
2843.000 18272
2844.000 17006
2845.000 13906
2846.000 19566
2847.000 19918
2848.000 17956
2849.000 19712
2850.000 20634
2851.000 20892
2852.000 20840
2853.000 18702
2854.000 20136
2855.000 18990
2856.000 18890
2857.000 18706
2858.000 18302
2859.000 16014
2860.000 19448
2861.000 17574
2862.000 22654
2863.000 16374
2864.000 17428
2865.000 20376
2866.000 17586
2867.000 18490
2868.000 16648
2869.000 16740
2870.000 20544
2871.000 17272
2872.000 19740
2873.000 17238
2874.000 18274
2875.000 17714
2876.000 16746
2877.000 19786
2878.000 16536
2879.000 14546
2880.000 15338
2881.000 18580
2882.000 20378
2883.000 15831
2884.000 19820
2885.000 17642
2886.000 18430
2887.000 17184
2888.000 18404
2889.000 17906
2890.000 18748
2891.000 17034
2892.000 16818
2893.000 14354
2894.000 18626
2895.000 17024
2896.000 15892
2897.000 19746
2898.000 19330
2899.000 19286
2900.000 20320
2901.000 16678
2902.000 18418
2903.000 15220
2904.000 20762
2905.000 15410
2906.000 17650
2907.000 18142
2908.000 19670
2909.000 15512
2910.000 18804
2911.000 19418
2912.000 18160
2913.000 23818
2914.000 14568
2915.000 19128
2916.000 15538
2917.000 21304
2918.000 19166
2919.000 18128
2920.000 21800
2921.000 19376
2922.000 18414
2923.000 14984
2924.000 16708
2925.000 15808
2926.000 17952
2927.000 19518
2928.000 17292
2929.000 17000
2930.000 16758
2931.000 21132
2932.000 18528
2933.000 19594
2934.000 19292
2935.000 17444
2936.000 21476
2937.000 20650
2938.000 19320
2939.000 18382
2940.000 19936
2941.000 22458
2942.000 17990
2943.000 18216
2944.000 21020
2945.000 19444
2946.000 19624
2947.000 18510
2948.000 13710
2949.000 18474
2950.000 21402
2951.000 21294
2952.000 17780
2953.000 16874
2954.000 15948
2955.000 21122
2956.000 17728
2957.000 21644
2958.000 16708
2959.000 18284
2960.000 20550
2961.000 15070
2962.000 13944
2963.000 18610
2964.000 19096
2965.000 20568
2966.000 17156
2967.000 14764
2968.000 19092
2969.000 21630
2970.000 14116
2971.000 13944
2972.000 13324
2973.000 13756
2974.000 13946
2975.000 14480
2976.000 13858
2977.000 14724
2978.000 13874
2979.000 14328
2980.000 14080
2981.000 13286
2982.000 14598
2983.000 14686
2984.000 14580
2985.000 13152
2986.000 13944
2987.000 14654
2988.000 16198
2989.000 17612
2990.000 18804
2991.000 23164
2992.000 19694
2993.000 17970
2994.000 14906
2995.000 15664
2996.000 17606
2997.000 18724
2998.000 16341
2999.000 17414
3000.000 16524
3001.000 17450
3002.000 17472
3003.000 21050
3004.000 18218
3005.000 17144
3006.000 20198
3007.000 17590
3008.000 16612
3009.000 18632
3010.000 18310
3011.000 18352
3012.000 18920
3013.000 16602
3014.000 14760
3015.000 17986
3016.000 14180
3017.000 14148
3018.000 15844
3019.000 15142
3020.000 19994
3021.000 18178
3022.000 19808
3023.000 18616
3024.000 19504
3025.000 17690
3026.000 14804
3027.000 13962
3028.000 14462
3029.000 14080
3030.000 15948
3031.000 13874
3032.000 13222
3033.000 14598
3034.000 13874
3035.000 14708
3036.000 13874
3037.000 15236
3038.000 15392
3039.000 14032
3040.000 13622
3041.000 14080
3042.000 14430
3043.000 14010
3044.000 14398
3045.000 15322
3046.000 13016
3047.000 15024
3048.000 13740
3049.000 14734
3050.000 13848
3051.000 14868
3052.000 14330
3053.000 14804
3054.000 13152
3055.000 13874
3056.000 15390
3057.000 14096
3058.000 13152
3059.000 14398
3060.000 13874
3061.000 13994
3062.000 14668
3063.000 14032
3064.000 14702
3065.000 18652
3066.000 18666
3067.000 18220
3068.000 18850
3069.000 20244
3070.000 19564
3071.000 17142
3072.000 17988
3073.000 15584
3074.000 14198
3075.000 18420
3076.000 18906
3077.000 14348
3078.000 15322
3079.000 15322
3080.000 18534
3081.000 16299
3082.000 17732
3083.000 18134
3084.000 15354
3085.000 14828
3086.000 15812
3087.000 18876
3088.000 17210
3089.000 17606
3090.000 18832
3091.000 16942
3092.000 18854
3093.000 16081
3094.000 13262
3095.000 15088
3096.000 14198
3097.000 14652
3098.000 14718
3099.000 13826
3100.000 14600
3101.000 14598
3102.000 14150
3103.000 13756
3104.000 14446
3105.000 14668
3106.000 14346
3107.000 13372
3108.000 14398
3109.000 16006
3110.000 17584
3111.000 19350
3112.000 16344
3113.000 14734
3114.000 15844
3115.000 13740
3116.000 14734
3117.000 14418
3118.000 13756
3119.000 14718
3120.000 13692
3121.000 13404
3122.000 13756
3123.000 14554
3124.000 14464
3125.000 15440
3126.000 13268
3127.000 14802
3128.000 13876
3129.000 14668
3130.000 13756
3131.000 14128
3132.000 13826
3133.000 13876
3134.000 13150
3135.000 14534
3136.000 13992
3137.000 13978
3138.000 13944
3139.000 13876
3140.000 15774
3141.000 14080
3142.000 13740
3143.000 13498
3144.000 17262
3145.000 19452
3146.000 20736
3147.000 18700
3148.000 19536
3149.000 17014
3150.000 18696
3151.000 14848
3152.000 19676
3153.000 20380
3154.000 14752
3155.000 16388
3156.000 13340
3157.000 14172
3158.000 18894
3159.000 15486
3160.000 14528
3161.000 14598
3162.000 13828
3163.000 14464
3164.000 14596
3165.000 13340
3166.000 14010
3167.000 14430
3168.000 15376
3169.000 13150
3170.000 15652
3171.000 14992
3172.000 17804
3173.000 13992
3174.000 13900
3175.000 14598
3176.000 14010
3177.000 15698
3178.000 15408
3179.000 17962
3180.000 19918
3181.000 18774
3182.000 15748
3183.000 16916
3184.000 20454
3185.000 18540
3186.000 17272
3187.000 18518
3188.000 21086
3189.000 18788
3190.000 20224
3191.000 26194
3192.000 16832
3193.000 16630
3194.000 14618
3195.000 22294
3196.000 17992
3197.000 18960
3198.000 19644
3199.000 18080
3200.000 20318
3201.000 19080
3202.000 17474
3203.000 20260
3204.000 18316
3205.000 15416
3206.000 16626
3207.000 17952
3208.000 17338
3209.000 21356
3210.000 17716
3211.000 20152
3212.000 21500
3213.000 19880
3214.000 15970
3215.000 20152
3216.000 16488
3217.000 14754
3218.000 13892
3219.000 14734
3220.000 14062
3221.000 13740
3222.000 13892
3223.000 13356
3224.000 13858
3225.000 14654
3226.000 13740
3227.000 14030
3228.000 13740
3229.000 14464
3230.000 14824
3231.000 14784
3232.000 14010
3233.000 13914
3234.000 14976
3235.000 15040
3236.000 17118
3237.000 19470
3238.000 18350
3239.000 16840
3240.000 19230
3241.000 15860
3242.000 18966
3243.000 18360
3244.000 16428
3245.000 16654
3246.000 19260
3247.000 17796
3248.000 18714
3249.000 18134
3250.000 20122
3251.000 16554
3252.000 20032
3253.000 18544
3254.000 20660
3255.000 14434
3256.000 18086
3257.000 18242
3258.000 17450
3259.000 21966
3260.000 18968
3261.000 17556
3262.000 13858
3263.000 13962
3264.000 14086
3265.000 17700
3266.000 17576
3267.000 18508
3268.000 18200
3269.000 21312
3270.000 15930
3271.000 18186
3272.000 17548
3273.000 14008
3274.000 20216
3275.000 18376
3276.000 15824
3277.000 19016
3278.000 14398
3279.000 15812
3280.000 15765
3281.000 17162
3282.000 17234
3283.000 17720
3284.000 15930
3285.000 20274
3286.000 16676
3287.000 18498
3288.000 19898
3289.000 19382
3290.000 18736
3291.000 16840
3292.000 18114
3293.000 15661
3294.000 15188
3295.000 15410
3296.000 13490
3297.000 13826
3298.000 14048
3299.000 14534
3300.000 13420
3301.000 13740
3302.000 14080
3303.000 14620
3304.000 14584
3305.000 13810
3306.000 14010
3307.000 14640
3308.000 14080
3309.000 13150
3310.000 14010
3311.000 14496
3312.000 14600
3313.000 13420
3314.000 13778
3315.000 13944
3316.000 14464
3317.000 14078
3318.000 13238
3319.000 13740
3320.000 14482
3321.000 14196
3322.000 13874
3323.000 14464
3324.000 14080
3325.000 14448
3326.000 13758
3327.000 13306
3328.000 15456
3329.000 13740
3330.000 14804
3331.000 14464
3332.000 14010
3333.000 13944
3334.000 14324
3335.000 13622
3336.000 14668
3337.000 13824
3338.000 14010
3339.000 14532
3340.000 13876
3341.000 13268
3342.000 14724
3343.000 13874
3344.000 14466
3345.000 14430
3346.000 14734
3347.000 13944
3348.000 14000
3349.000 14582
3350.000 13478
3351.000 13828
3352.000 14952
3353.000 15188
3354.000 13960
3355.000 15324
3356.000 13874
3357.000 18244
3358.000 16514
3359.000 20214
3360.000 18090
3361.000 16194
3362.000 19788
3363.000 18092
3364.000 16874
3365.000 21076
3366.000 19448
3367.000 15278
3368.000 20444
3369.000 13792
3370.000 14128
3371.000 16900
3372.000 15430
3373.000 15934
3374.000 16088
3375.000 16746
3376.000 17838
3377.000 17394
3378.000 15034
3379.000 15446
3380.000 17784
3381.000 18950
3382.000 19892
3383.000 17112
3384.000 15122
3385.000 14598
3386.000 14600
3387.000 17016
3388.000 16724
3389.000 19982
3390.000 22018
3391.000 18748
3392.000 17966
3393.000 19868
3394.000 19068
3395.000 19168
3396.000 16048
3397.000 18714
3398.000 16856
3399.000 16244
3400.000 19484
3401.000 19722
3402.000 20604
3403.000 19838
3404.000 17248
3405.000 17620
3406.000 14088
3407.000 15841
3408.000 17006
3409.000 15670
3410.000 17504
3411.000 16828
3412.000 16180
3413.000 16760
3414.000 18342
3415.000 16978
3416.000 17526
3417.000 19672
3418.000 16454
3419.000 19882
3420.000 21084
3421.000 19384
3422.000 15196
3423.000 19066
3424.000 19800
3425.000 20250
3426.000 19142
3427.000 15328
3428.000 17936
3429.000 20926
3430.000 19706
3431.000 21294
3432.000 17600
3433.000 17104
3434.000 17868
3435.000 18140
3436.000 18854
3437.000 19256
3438.000 20200
3439.000 19682
3440.000 19504
3441.000 17354
3442.000 21368
3443.000 22704
3444.000 20698
3445.000 21294
3446.000 20246
3447.000 18726
3448.000 19700
3449.000 21214
3450.000 22118
3451.000 17008
3452.000 17596
3453.000 18956
3454.000 19714
3455.000 17810
3456.000 17596
3457.000 21968
3458.000 20980
3459.000 17684
3460.000 17340
3461.000 19112
3462.000 16176
3463.000 14714
3464.000 18568
3465.000 14888
3466.000 19474
3467.000 20608
3468.000 18604
3469.000 21284
3470.000 19716
3471.000 14854
3472.000 14568
3473.000 16408
3474.000 16081
3475.000 17592
3476.000 18916
3477.000 14880
3478.000 17814
3479.000 20490
3480.000 18430
3481.000 18268
3482.000 17702
3483.000 19106
3484.000 20384
3485.000 19320
3486.000 18302
3487.000 16167
3488.000 18556
3489.000 20114
3490.000 18862
3491.000 19524
3492.000 19604
3493.000 14902
3494.000 20134
3495.000 18098
3496.000 16246
3497.000 19410
3498.000 21928
3499.000 23384
3500.000 17878
3501.000 19590
3502.000 19434
3503.000 19978
3504.000 17224
3505.000 30908
3506.000 19076
3507.000 18172
3508.000 18210
3509.000 16726
3510.000 18312
3511.000 22018
3512.000 19902
3513.000 19638
3514.000 20032
3515.000 21592
3516.000 20172
3517.000 17772
3518.000 18638
3519.000 18858
3520.000 21996
3521.000 18252
3522.000 18672
3523.000 14220
3524.000 14174
3525.000 18016
3526.000 18288
3527.000 20584
3528.000 18210
3529.000 16736
3530.000 17698
3531.000 18130
3532.000 20122
3533.000 15276
3534.000 16208
3535.000 16940
3536.000 19948
3537.000 16876
3538.000 15300
3539.000 19044
3540.000 18832
3541.000 19216
3542.000 16616
3543.000 18618
3544.000 17924
3545.000 18354
3546.000 19204
3547.000 22340
3548.000 16926
3549.000 17846
3550.000 16540
3551.000 15850
3552.000 17336
3553.000 15172
3554.000 17244
3555.000 14740
3556.000 19816
3557.000 19900
3558.000 18468
3559.000 20430
3560.000 20060
3561.000 20944
3562.000 18934
3563.000 18216
3564.000 17224
3565.000 19150
3566.000 15984
3567.000 20166
3568.000 19992
3569.000 16284
3570.000 17558
3571.000 17574
3572.000 18194
3573.000 15342
3574.000 14388
3575.000 17388
3576.000 15358
3577.000 16666
3578.000 19024
3579.000 18620
3580.000 17090
3581.000 17958
3582.000 17820
3583.000 20274
3584.000 17100
3585.000 17826
3586.000 22382
3587.000 16670
3588.000 15270
3589.000 16794
3590.000 14624
3591.000 17450
3592.000 19490
3593.000 16668
3594.000 19194
3595.000 17856
3596.000 14200
3597.000 19058
3598.000 15440
3599.000 15038
3600.000 13874
3601.000 19022
3602.000 17290
3603.000 14568
3604.000 15242
3605.000 14782
3606.000 18238
3607.000 18140
3608.000 19838
3609.000 19248
3610.000 18418
3611.000 17870
3612.000 17656
3613.000 20414
3614.000 20738
3615.000 17974
3616.000 18588
3617.000 18264
3618.000 20552
3619.000 20822
3620.000 13440
3621.000 17830
3622.000 18904
3623.000 19662
3624.000 19674
3625.000 20024
3626.000 18766
3627.000 16344
3628.000 17446
3629.000 15638
3630.000 19288
3631.000 18636
3632.000 18722
3633.000 18614
3634.000 14974
3635.000 15302
3636.000 18974
3637.000 14612
3638.000 16070
3639.000 14396
3640.000 15841
3641.000 16212
3642.000 19136
3643.000 18210
3644.000 18792
3645.000 18228
3646.000 20022
3647.000 17934
3648.000 20058
3649.000 16310
3650.000 14686
3651.000 15004
3652.000 20434
3653.000 17846
3654.000 16480
3655.000 16330
3656.000 17722
3657.000 15633
3658.000 17038
3659.000 15080
3660.000 18352
3661.000 16422
3662.000 18982
3663.000 16990
3664.000 15476
3665.000 17660
3666.000 17848
3667.000 20272
3668.000 19658
3669.000 18404
3670.000 17836
3671.000 16842
3672.000 16100
3673.000 17906
3674.000 15744
3675.000 14266
3676.000 20328
3677.000 17248
3678.000 16226
3679.000 15008
3680.000 17692
3681.000 20966
3682.000 17334
3683.000 15628
3684.000 14582
3685.000 15298
3686.000 15620
3687.000 17702
3688.000 19852
3689.000 19612
3690.000 18196
3691.000 15970
3692.000 15868
3693.000 16912
3694.000 13740
3695.000 21114
3696.000 19430
3697.000 14312
3698.000 14652
3699.000 16060
3700.000 16024
3701.000 14658
3702.000 14192
3703.000 17220
3704.000 15490
3705.000 16858
3706.000 19768
3707.000 19662
3708.000 19580
3709.000 21460
3710.000 19234
3711.000 18694
3712.000 18018
3713.000 18852
3714.000 17766
3715.000 22112
3716.000 20106
3717.000 19220
3718.000 15404
3719.000 14720
3720.000 16484
3721.000 17290
3722.000 16966
3723.000 17834
3724.000 15114
3725.000 18278
3726.000 15534
3727.000 18756
3728.000 15338
3729.000 16712
3730.000 16400
3731.000 19084
3732.000 18802
3733.000 19850
3734.000 16598
3735.000 15642
3736.000 15312
3737.000 19804
3738.000 18992
3739.000 18238
3740.000 17334
3741.000 20458
3742.000 17714
3743.000 17134
3744.000 15680
3745.000 19630
3746.000 20000
3747.000 19002
3748.000 18092
3749.000 19998
3750.000 18722
3751.000 19236
3752.000 19732
3753.000 18698
3754.000 16840
3755.000 14508
3756.000 15516
3757.000 17460
3758.000 14690
3759.000 17394
3760.000 18400
3761.000 14518
3762.000 19996
3763.000 18664
3764.000 14722
3765.000 15628
3766.000 18098
3767.000 17904
3768.000 17594
3769.000 20958
3770.000 18492
3771.000 20208
3772.000 17678
3773.000 18580
3774.000 20446
3775.000 17894
3776.000 17980
3777.000 18092
3778.000 17778
3779.000 20214
3780.000 18930
3781.000 21204
3782.000 17188
3783.000 17102
3784.000 16696
3785.000 14722
3786.000 18038
3787.000 19526
3788.000 17696
3789.000 19402
3790.000 16782
3791.000 20050
3792.000 20812
3793.000 18518
3794.000 16994
3795.000 14570
3796.000 15470
3797.000 14994
3798.000 14114
3799.000 20134
3800.000 18826
3801.000 19008
3802.000 18148
3803.000 18602
3804.000 19894
3805.000 16786
3806.000 20056
3807.000 19438
3808.000 21056
3809.000 20692
3810.000 19448
3811.000 19368
3812.000 17222
3813.000 20386
3814.000 18466
3815.000 21562
3816.000 20074
3817.000 20730
3818.000 19864
3819.000 20120
3820.000 19284
3821.000 19744
3822.000 19730
3823.000 17370
3824.000 19416
3825.000 18880
3826.000 17492
3827.000 16844
3828.000 16822
3829.000 17038
3830.000 20358
3831.000 16654
3832.000 16327
3833.000 17288
3834.000 19796
3835.000 18690
3836.000 15430
3837.000 16588
3838.000 19498
3839.000 19096
3840.000 19800
3841.000 20418
3842.000 16042
3843.000 20100
3844.000 16840
3845.000 22364
3846.000 21722
3847.000 16440
3848.000 19146
3849.000 19008
3850.000 20816
3851.000 17270
3852.000 20372
3853.000 16060
3854.000 18858
3855.000 16039
3856.000 18828
3857.000 16008
3858.000 14762
3859.000 18120
3860.000 17630
3861.000 17424
3862.000 15732
3863.000 15588
3864.000 15496
3865.000 16700
3866.000 38860
3867.000 19964
3868.000 20890
3869.000 17972
3870.000 17564
3871.000 19332
3872.000 16586
3873.000 19768
3874.000 17100
3875.000 16822
3876.000 17972
3877.000 18066
3878.000 19968
3879.000 19526
3880.000 15864
3881.000 16656
3882.000 17816
3883.000 16626
3884.000 18582
3885.000 16748
3886.000 18634
3887.000 18014
3888.000 17866
3889.000 19170
3890.000 17490
3891.000 33126
3892.000 16008
3893.000 17702
3894.000 18622
3895.000 18210
3896.000 20892
3897.000 35904
3898.000 20732
3899.000 17756
3900.000 19028
3901.000 17036
3902.000 15928
3903.000 16546
3904.000 17172
3905.000 17106
3906.000 13892
3907.000 14250
3908.000 17888
3909.000 21686
3910.000 21178
3911.000 20296
3912.000 18128
3913.000 16840
3914.000 17148
3915.000 18640
3916.000 18034
3917.000 22694
3918.000 20292
3919.000 15888
3920.000 17244
3921.000 15598
3922.000 18250
3923.000 16850
3924.000 16754
3925.000 13574
3926.000 14700
3927.000 18342
3928.000 17362
3929.000 20850
3930.000 16554
3931.000 15226
3932.000 14622
3933.000 17202
3934.000 17724
3935.000 20162
3936.000 20134
3937.000 14238
3938.000 24440
3939.000 19278
3940.000 15696
3941.000 18078
3942.000 19956
3943.000 18912
3944.000 18888
3945.000 17428
3946.000 18982
3947.000 29270
3948.000 19580
3949.000 21654
3950.000 16594
3951.000 17286
3952.000 18596
3953.000 20944
3954.000 19388
3955.000 21070
3956.000 19816
3957.000 16494
3958.000 19308
3959.000 16868
3960.000 15782
3961.000 16624
3962.000 14852
3963.000 17982
3964.000 16264
3965.000 20430
3966.000 17358
3967.000 14858
3968.000 14148
3969.000 13758
3970.000 15910
3971.000 14668
3972.000 14328
3973.000 14556
3974.000 13290
3975.000 13876
3976.000 13874
3977.000 14080
3978.000 13738
3979.000 14096
3980.000 14462
3981.000 14080
3982.000 14466
3983.000 14046
3984.000 14632
3985.000 15090
3986.000 13836
3987.000 13286
3988.000 14804
3989.000 14500
3990.000 13874
3991.000 13222
3992.000 13874
3993.000 14868
3994.000 13810
3995.000 14010
3996.000 14010
3997.000 13810
3998.000 14598
3999.000 13370
4000.000 15122
4001.000 14446
4002.000 13892
4003.000 13356
4004.000 13874
4005.000 14010
4006.000 14572
4007.000 14734
4008.000 13874
4009.000 14524
4010.000 14008
4011.000 14186
4012.000 13810
4013.000 15322
4014.000 14598
4015.000 14080
4016.000 14598
4017.000 13876
4018.000 14668
4019.000 14820
4020.000 13150
4021.000 13946
4022.000 13874
4023.000 14032
4024.000 13944
4025.000 14734
4026.000 14598
4027.000 14110
4028.000 13756
4029.000 13372
4030.000 14080
4031.000 13740
4032.000 14010
4033.000 13182
4034.000 14010
4035.000 13778
4036.000 14804
4037.000 13150
4038.000 13994
4039.000 13912
4040.000 14010
4041.000 13150
4042.000 14064
4043.000 13756
4044.000 13876
4045.000 14906
4046.000 14480
4047.000 14462
4048.000 14670
4049.000 14414
4050.000 13740
4051.000 13982
4052.000 14010
4053.000 14598
4054.000 13338
4055.000 13876
4056.000 13622
4057.000 14706
4058.000 13150
4059.000 14096
4060.000 14684
4061.000 15188
4062.000 13874
4063.000 13946
4064.000 13740
4065.000 15322
4066.000 14264
4067.000 14754
4068.000 13992
4069.000 14890
4070.000 13740
4071.000 16004
4072.000 13826
4073.000 14734
4074.000 19164
4075.000 21814
4076.000 14668
4077.000 13756
4078.000 14804
4079.000 15508
4080.000 13130
4081.000 13740
4082.000 14668
4083.000 13896
4084.000 13404
4085.000 13826
4086.000 14718
4087.000 14676
4088.000 13860
4089.000 13960
4090.000 14448
4091.000 13982
4092.000 14600
4093.000 14008
4094.000 13946
4095.000 14716
4096.000 13758
4097.000 13826
4098.000 14598
4099.000 13960
4100.000 14670
4101.000 13992
4102.000 13930
4103.000 14518
4104.000 14010
4105.000 13874
4106.000 13946
4107.000 15709
4108.000 13874
4109.000 14738
4110.000 13404
4111.000 13892
4112.000 13810
4113.000 14010
4114.000 13268
4115.000 14080
4116.000 14464
4117.000 14498
4118.000 13356
4119.000 14550
4120.000 14480
4121.000 14670
4122.000 14026
4123.000 13740
4124.000 14080
4125.000 14328
4126.000 14330
4127.000 14684
4128.000 13892
4129.000 14532
4130.000 13200
4131.000 14774
4132.000 14598
4133.000 13810
4134.000 14952
4135.000 13892
4136.000 13810
4137.000 14030
4138.000 13876
4139.000 13458
4140.000 14716
4141.000 14464
4142.000 13944
4143.000 14150
4144.000 14582
4145.000 13962
4146.000 13740
4147.000 13450
4148.000 14550
4149.000 13962
4150.000 14580
4151.000 14062
4152.000 13606
4153.000 15442
4154.000 13982
4155.000 14480
4156.000 13724
4157.000 14566
4158.000 14480
4159.000 15762
4160.000 13356
4161.000 14360
4162.000 14502
4163.000 14922
4164.000 13286
4165.000 14480
4166.000 14080
4167.000 13740
4168.000 14676
4169.000 14740
4170.000 16758
4171.000 13874
4172.000 15392
4173.000 13914
4174.000 14346
4175.000 14650
4176.000 14520
4177.000 14636
4178.000 14552
4179.000 13960
4180.000 14734
4181.000 13692
4182.000 13876
4183.000 14446
4184.000 14496
4185.000 14598
4186.000 13876
4187.000 13738
4188.000 14804
4189.000 13864
4190.000 14010
4191.000 14120
4192.000 14734
4193.000 13622
4194.000 14198
4195.000 13150
4196.000 13876
4197.000 16115
4198.000 13758
4199.000 14802
4200.000 14922
4201.000 14732
4202.000 13876
4203.000 14100
4204.000 13286
4205.000 14652
4206.000 13946
4207.000 13920
4208.000 14718
4209.000 14166
4210.000 14598
4211.000 13778
4212.000 14080
4213.000 13168
4214.000 13858
4215.000 13826
4216.000 14718
4217.000 13756
4218.000 13356
4219.000 14684
4220.000 15052
4221.000 13944
4222.000 13152
4223.000 14734
4224.000 13912
4225.000 15052
4226.000 15440
4227.000 14080
4228.000 15322
4229.000 13844
4230.000 13906
4231.000 13152
4232.000 14598
4233.000 14080
4234.000 13874
4235.000 14916
4236.000 13356
4237.000 14598
4238.000 14328
4239.000 14284
4240.000 13032
4241.000 13994
4242.000 13944
4243.000 14734
4244.000 13740
4245.000 13356
4246.000 14480
4247.000 14734
4248.000 13810
4249.000 13372
4250.000 13778
4251.000 15918
4252.000 13874
4253.000 13978
4254.000 14534
4255.000 14128
4256.000 14210
4257.000 13356
4258.000 14584
4259.000 14094
4260.000 13944
4261.000 13740
4262.000 14010
4263.000 14100
4264.000 14616
4265.000 13874
4266.000 14078
4267.000 14612
4268.000 13876
4269.000 14068
4270.000 14538
4271.000 14464
4272.000 14080
4273.000 13874
4274.000 13152
4275.000 14532
4276.000 14010
4277.000 13740
4278.000 14786
4279.000 13118
4280.000 14680
4281.000 13756
4282.000 15040
4283.000 14464
4284.000 14598
4285.000 15274
4286.000 14464
4287.000 14716
4288.000 13946
4289.000 14096
4290.000 14362
4291.000 13944
4292.000 13876
4293.000 14128
4294.000 13708
4295.000 14582
4296.000 15320
4297.000 13826
4298.000 14446
4299.000 13978
4300.000 14062
4301.000 14144
4302.000 14384
4303.000 14670
4304.000 14732
4305.000 13876
4306.000 13086
4307.000 14128
4308.000 15186
4309.000 14086
4310.000 13858
4311.000 14910
4312.000 15879
4313.000 14734
4314.000 13874
4315.000 13260
4316.000 13874
4317.000 14010
4318.000 14532
4319.000 13238
4320.000 14598
4321.000 14938
4322.000 14598
4323.000 13880
4324.000 13912
4325.000 14010
4326.000 14502
4327.000 14196
4328.000 14010
4329.000 13826
4330.000 13848
4331.000 14906
4332.000 13152
4333.000 14668
4334.000 13874
4335.000 14852
4336.000 13826
4337.000 13874
4338.000 14732
4339.000 15170
4340.000 13286
4341.000 13874
4342.000 14772
4343.000 14210
4344.000 13876
4345.000 14062
4346.000 14852
4347.000 14564
4348.000 14550
4349.000 13944
4350.000 13892
4351.000 13944
4352.000 13876
4353.000 14464
4354.000 13104
4355.000 14698
4356.000 13892
4357.000 14668
4358.000 13740
4359.000 14214
4360.000 14668
4361.000 13756
4362.000 14128
4363.000 16436
4364.000 14598
4365.000 13740
4366.000 15242
4367.000 13858
4368.000 14916
4369.000 14182
4370.000 13992
4371.000 13446
4372.000 13960
4373.000 14734
4374.000 14480
4375.000 14534
4376.000 14636
4377.000 14614
4378.000 14636
4379.000 15410
4380.000 13874
4381.000 14826
4382.000 13992
4383.000 14620
4384.000 12984
4385.000 14852
4386.000 14464
4387.000 14244
4388.000 14480
4389.000 14230
4390.000 13810
4391.000 15694
4392.000 13622
4393.000 14078
4394.000 13956
4395.000 13874
4396.000 14480
4397.000 13340
4398.000 13892
4399.000 14674
4400.000 14804
4401.000 13150
4402.000 14750
4403.000 14684
4404.000 13892
4405.000 13134
4406.000 14804
4407.000 14362
4408.000 14598
4409.000 13426
4410.000 13740
4411.000 14868
4412.000 13928
4413.000 13286
4414.000 13638
4415.000 14182
4416.000 14496
4417.000 13404
4418.000 13810
4419.000 14566
4420.000 15306
4421.000 14064
4422.000 13856
4423.000 14010
4424.000 14398
4425.000 14584
4426.000 13622
4427.000 14080
4428.000 14732
4429.000 15464
4430.000 15074
4431.000 14304
4432.000 15186
4433.000 14670
4434.000 14480
4435.000 14128
4436.000 15264
4437.000 14010
4438.000 15068
4439.000 14032
4440.000 14714
4441.000 13152
4442.000 14668
4443.000 14636
4444.000 13740
4445.000 14198
4446.000 13874
4447.000 15266
4448.000 14478
4449.000 14220
4450.000 14868
4451.000 14452
4452.000 13858
4453.000 13740
4454.000 14080
4455.000 14598
4456.000 14464
4457.000 14636
4458.000 13892
4459.000 14484
4460.000 13946
4461.000 13874
4462.000 14464
4463.000 14080
4464.000 15376
4465.000 13740
4466.000 13912
4467.000 14734
4468.000 15442
4469.000 14636
4470.000 13912
4471.000 15188
4472.000 13356
4473.000 13874
4474.000 13876
4475.000 14668
4476.000 13874
4477.000 18612
4478.000 19168
4479.000 17742
4480.000 18314
4481.000 20034
4482.000 18440
4483.000 16506
4484.000 16530
4485.000 16512
4486.000 17056
4487.000 15836
4488.000 15412
4489.000 19336
4490.000 18066
4491.000 19340
4492.000 18776
4493.000 15930
4494.000 17054
4495.000 20748
4496.000 18922
4497.000 17814
4498.000 18188
4499.000 18692
4500.000 38274
4501.000 20532
4502.000 16872
4503.000 17122
4504.000 17304
4505.000 15816
4506.000 16080
4507.000 16982
4508.000 18124
4509.000 19082
4510.000 19234
4511.000 18694
4512.000 18532
4513.000 19940
4514.000 16368
4515.000 15498
4516.000 21310
4517.000 19610
4518.000 19700
4519.000 18734
4520.000 16798
4521.000 20570
4522.000 20758
4523.000 18826
4524.000 19530
4525.000 15146
4526.000 16456
4527.000 19258
4528.000 16614
4529.000 16379
4530.000 18076
4531.000 15174
4532.000 21160
4533.000 17434
4534.000 15158
4535.000 14342
4536.000 14714
4537.000 14192
4538.000 18784
4539.000 20890
4540.000 18868
4541.000 18192
4542.000 21410
4543.000 20438
4544.000 21350
4545.000 21154
4546.000 20226
4547.000 18538
4548.000 19526
4549.000 22114
4550.000 19352
4551.000 21188
4552.000 20132
4553.000 20252
4554.000 19654
4555.000 19916
4556.000 18820
4557.000 18968
4558.000 17214
4559.000 17818
4560.000 17418
4561.000 16022
4562.000 16682
4563.000 17488
4564.000 17904
4565.000 20020
4566.000 18342
4567.000 18254
4568.000 16294
4569.000 15282
4570.000 16378
4571.000 16258
4572.000 18856
4573.000 18948
4574.000 20124
4575.000 17048
4576.000 17954
4577.000 19736
4578.000 20552
4579.000 17112
4580.000 19548
4581.000 18814
4582.000 16192
4583.000 16854
4584.000 15896
4585.000 17148
4586.000 20206
4587.000 18646
4588.000 18940
4589.000 19178
4590.000 20748
4591.000 20520
4592.000 16288
4593.000 16998
4594.000 19522
4595.000 15966
4596.000 18750
4597.000 17692
4598.000 17556
4599.000 16133
4600.000 16546
4601.000 17692
4602.000 19750
4603.000 18402
4604.000 16760
4605.000 19082
4606.000 18102
4607.000 17954
4608.000 18586
4609.000 17384
4610.000 19942
4611.000 17088
4612.000 16440
4613.000 19880
4614.000 17480
4615.000 20188
4616.000 17034
4617.000 18358
4618.000 20136
4619.000 15540
4620.000 18254
4621.000 19108
4622.000 18804
4623.000 19494
4624.000 17012
4625.000 19036
4626.000 18788
4627.000 19028
4628.000 18888
4629.000 19072
4630.000 18972
4631.000 18390
4632.000 14300
4633.000 18670
4634.000 17878
4635.000 19242
4636.000 18060
4637.000 15442
4638.000 16322
4639.000 18102
4640.000 18902
4641.000 18402
4642.000 17966
4643.000 16102
4644.000 17454
4645.000 14910
4646.000 19924
4647.000 15682
4648.000 18954
4649.000 19400
4650.000 19454
4651.000 17574
4652.000 15660
4653.000 17718
4654.000 18810
4655.000 17586
4656.000 16394
4657.000 19320
4658.000 18512
4659.000 17170
4660.000 17142
4661.000 17250
4662.000 14276
4663.000 14576
4664.000 19348
4665.000 17714
4666.000 18172
4667.000 19372
4668.000 17620
4669.000 18082
4670.000 14598
4671.000 14880
4672.000 19460
4673.000 15598
4674.000 15886
4675.000 18616
4676.000 17432
4677.000 14612
4678.000 17896
4679.000 16618
4680.000 17696
4681.000 16418
4682.000 15548
4683.000 15494
4684.000 19200
4685.000 22990
4686.000 16984
4687.000 16732
4688.000 18938
4689.000 19688
4690.000 18348
4691.000 18594
4692.000 17956
4693.000 17452
4694.000 18258
4695.000 17154
4696.000 19060
4697.000 17360
4698.000 18790
4699.000 19580
4700.000 17398
4701.000 16006
4702.000 15082
4703.000 17858
4704.000 18984
4705.000 15723
4706.000 18210
4707.000 18604
4708.000 17390
4709.000 20506
4710.000 20936
4711.000 20662
4712.000 20118
4713.000 19598
4714.000 19282
4715.000 18722
4716.000 19058
4717.000 19420
4718.000 17736
4719.000 17954
4720.000 16666
4721.000 18526
4722.000 17894
4723.000 18164
4724.000 18172
4725.000 16426
4726.000 17106
4727.000 19880
4728.000 19324
4729.000 18070
4730.000 17836
4731.000 16370
4732.000 16410
4733.000 19046
4734.000 14328
4735.000 13286
4736.000 13944
4737.000 14010
4738.000 14854
4739.000 14062
4740.000 13826
4741.000 14010
4742.000 13692
4743.000 15614
4744.000 13150
4745.000 14198
4746.000 13622
4747.000 13922
4748.000 13338
4749.000 14026
4750.000 14146
4751.000 14938
4752.000 14060
4753.000 14010
4754.000 13944
4755.000 14734
4756.000 14732
4757.000 13810
4758.000 13758
4759.000 13992
4760.000 14518
4761.000 14530
4762.000 19974
4763.000 15534
4764.000 19450
4765.000 15896
4766.000 13930
4767.000 14480
4768.000 17354
4769.000 16788
4770.000 16752
4771.000 18114
4772.000 16490
4773.000 13914
4774.000 15704
4775.000 16350
4776.000 15170
4777.000 13992
4778.000 14638
4779.000 12914
4780.000 14096
4781.000 13944
4782.000 13876
4783.000 15356
4784.000 18320
4785.000 17988
4786.000 17490
4787.000 18782
4788.000 15793
4789.000 17058
4790.000 15608
4791.000 15174
4792.000 18582
4793.000 17084
4794.000 16112
4795.000 18784
4796.000 20986
4797.000 17668
4798.000 19626
4799.000 18404
4800.000 18552
4801.000 17450
4802.000 19818
4803.000 21612
4804.000 20738
4805.000 18456
4806.000 17092
4807.000 18478
4808.000 17746
4809.000 19998
4810.000 21126
4811.000 20064
4812.000 18008
4813.000 19522
4814.000 21432
4815.000 16105
4816.000 16538
4817.000 20214
4818.000 20396
4819.000 18496
4820.000 16674
4821.000 17510
4822.000 19118
4823.000 17476
4824.000 17268
4825.000 16312
4826.000 16778
4827.000 16502
4828.000 16174
4829.000 15296
4830.000 18322
4831.000 18184
4832.000 14874
4833.000 17896
4834.000 20350
4835.000 19786
4836.000 17172
4837.000 16624
4838.000 14678
4839.000 18906
4840.000 19998
4841.000 20258
4842.000 20274
4843.000 18400
4844.000 16830
4845.000 16434
4846.000 14464
4847.000 15188
4848.000 16508
4849.000 17960
4850.000 15456
4851.000 13986
4852.000 17618
4853.000 18668
4854.000 21112
4855.000 18908
4856.000 23118
4857.000 19726
4858.000 19434
4859.000 19730
4860.000 14858
4861.000 18084
4862.000 17266
4863.000 21788
4864.000 20496
4865.000 21752
4866.000 19140
4867.000 21944
4868.000 17088
4869.000 17696
4870.000 18774
4871.000 20300
4872.000 15562
4873.000 19354
4874.000 17686
4875.000 18782
4876.000 17568
4877.000 20936
4878.000 18066
4879.000 19824
4880.000 16136
4881.000 17998
4882.000 19086
4883.000 17866
4884.000 17742
4885.000 17444
4886.000 17354
4887.000 15992
4888.000 19020
4889.000 19662
4890.000 19612
4891.000 17768
4892.000 19088
4893.000 18742
4894.000 18164
4895.000 15932
4896.000 23440
4897.000 18692
4898.000 16902
4899.000 18664
4900.000 19484
4901.000 23532
4902.000 20426
4903.000 15883
4904.000 19058
4905.000 17086
4906.000 18586
4907.000 18542
4908.000 17202
4909.000 17142
4910.000 14624
4911.000 18478
4912.000 20754
4913.000 20952
4914.000 20634
4915.000 20816
4916.000 21720
4917.000 19772
4918.000 19128
4919.000 17088
4920.000 19662
4921.000 16514
4922.000 17442
4923.000 16890
4924.000 17022
4925.000 16096
4926.000 18968
4927.000 20390
4928.000 19784
4929.000 21650
4930.000 19206
4931.000 19330
4932.000 18598
4933.000 19800
4934.000 15882
4935.000 17084
4936.000 15156
4937.000 15310
4938.000 17454
4939.000 20074
4940.000 18512
4941.000 17334
4942.000 17548
4943.000 16063
4944.000 14688
4945.000 14914
4946.000 16654
4947.000 19976
4948.000 20978
4949.000 16924
4950.000 18798
4951.000 18404
4952.000 17754
4953.000 16275
4954.000 18752
4955.000 20456
4956.000 22152
4957.000 18408
4958.000 21912
4959.000 20820
4960.000 18042
4961.000 17296
4962.000 19156
4963.000 15716
4964.000 21844
4965.000 17156
4966.000 15722
4967.000 17982
4968.000 15056
4969.000 18118
4970.000 17346
4971.000 21780
4972.000 19088
4973.000 19376
4974.000 21458
4975.000 19362
4976.000 19194
4977.000 18068
4978.000 18988
4979.000 21628
4980.000 19694
4981.000 21584
4982.000 21214
4983.000 19276
4984.000 18780
4985.000 17000
4986.000 16658
4987.000 18388
4988.000 16968
4989.000 15758
4990.000 19684
4991.000 17186
4992.000 17522
4993.000 20726
4994.000 17646
4995.000 19032
4996.000 17636
4997.000 17536
4998.000 15166
4999.000 19868
5000.000 20410
5001.000 18976
5002.000 19678
5003.000 17418
5004.000 18396
5005.000 17384
5006.000 18998
5007.000 20052
5008.000 18238
5009.000 19858
5010.000 21208
5011.000 21824
5012.000 22852
5013.000 17370
5014.000 14274
5015.000 14524
5016.000 13870
5017.000 18526
5018.000 17320
5019.000 18772
5020.000 18734
5021.000 20256
5022.000 21156
5023.000 19306
5024.000 17600
5025.000 20218
5026.000 20914
5027.000 17312
5028.000 21396
5029.000 19506
5030.000 17200
5031.000 19522
5032.000 19800
5033.000 18400
5034.000 18142
5035.000 20478
5036.000 17278
5037.000 20504
5038.000 22668
5039.000 20812
5040.000 19928
5041.000 21498
5042.000 18828
5043.000 22060
5044.000 14776
5045.000 19120
5046.000 19122
5047.000 14840
5048.000 19664
5049.000 19066
5050.000 20396
5051.000 22008
5052.000 20156
5053.000 18956
5054.000 19226
5055.000 20886
5056.000 18252
5057.000 15338
5058.000 14598
5059.000 15560
5060.000 17072
5061.000 14054
5062.000 14582
5063.000 15910
5064.000 18782
5065.000 20504
5066.000 20584
5067.000 19404
5068.000 20462
5069.000 20872
5070.000 19214
5071.000 18570
5072.000 20910
5073.000 21046
5074.000 17794
5075.000 17528
5076.000 18784
5077.000 16716
5078.000 17740
5079.000 17668
5080.000 19272
5081.000 18620
5082.000 17538
5083.000 17766
5084.000 18678
5085.000 19840
5086.000 16982
5087.000 21816
5088.000 18726
5089.000 19170
5090.000 17854
5091.000 19084
5092.000 18916
5093.000 18518
5094.000 20334
5095.000 20598
5096.000 15518
5097.000 14140
5098.000 19714
5099.000 16496
5100.000 19096
5101.000 16750
5102.000 19198
5103.000 18464
5104.000 20122
5105.000 18760
5106.000 18304
5107.000 16964
5108.000 18814
5109.000 20338
5110.000 19062
5111.000 18596
5112.000 15280
5113.000 19904
5114.000 18790
5115.000 19620
5116.000 16299
5117.000 15144
5118.000 16324
5119.000 17942
5120.000 17020
5121.000 17356
5122.000 16970
5123.000 16430
5124.000 18262
5125.000 20884
5126.000 20588
5127.000 19942
5128.000 20924
5129.000 17938
5130.000 22334
5131.000 18802
5132.000 19842
5133.000 17890
5134.000 17474
5135.000 19098
5136.000 19656
5137.000 16884
5138.000 17442
5139.000 19102
5140.000 18962
5141.000 17366
5142.000 18560
5143.000 18768
5144.000 18064
5145.000 15831
5146.000 19592
5147.000 18034
5148.000 14670
5149.000 16336
5150.000 18466
5151.000 17954
5152.000 19886
5153.000 18548
5154.000 16914
5155.000 15992
5156.000 16602
5157.000 19152
5158.000 17354
5159.000 18418
5160.000 17672
5161.000 13774
5162.000 20726
5163.000 15422
5164.000 16740
5165.000 15150
5166.000 14658
5167.000 16081
5168.000 16382
5169.000 16492
5170.000 21488
5171.000 18302
5172.000 15542
5173.000 17818
5174.000 19092
5175.000 18964
5176.000 18136
5177.000 15272
5178.000 19668
5179.000 20094
5180.000 18612
5181.000 18398
5182.000 17814
5183.000 15094
5184.000 16494
5185.000 18574
5186.000 16308
5187.000 17112
5188.000 15392
5189.000 18688
5190.000 16556
5191.000 18088
5192.000 18312
5193.000 18626
5194.000 17780
5195.000 17476
5196.000 17876
5197.000 18322
5198.000 17392
5199.000 20568
5200.000 19824
5201.000 19152
5202.000 19546
5203.000 20946
5204.000 16294
5205.000 18432
5206.000 19568
5207.000 18644
5208.000 15170
5209.000 14960
5210.000 17690
5211.000 18438
5212.000 14850
5213.000 16518
5214.000 18846
5215.000 17078
5216.000 20390
5217.000 18410
5218.000 16560
5219.000 17556
5220.000 15492
5221.000 15970
5222.000 18706
5223.000 17010
5224.000 14822
5225.000 19252
5226.000 15314
5227.000 14770
5228.000 16588
5229.000 18826
5230.000 18094
5231.000 18838
5232.000 19620
5233.000 18570
5234.000 18478
5235.000 19188
5236.000 15610
5237.000 17290
5238.000 17142
5239.000 16260
5240.000 15963
5241.000 14708
5242.000 17508
5243.000 18180
5244.000 15338
5245.000 18398
5246.000 19566
5247.000 18398
5248.000 18548
5249.000 19154
5250.000 15264
5251.000 14032
5252.000 14580
5253.000 13908
5254.000 15204
5255.000 16102
5256.000 13740
5257.000 13944
5258.000 14010
5259.000 14010
5260.000 14382
5261.000 14448
5262.000 13016
5263.000 14198
5264.000 14496
5265.000 13876
5266.000 14062
5267.000 14710
5268.000 18142
5269.000 19772
5270.000 18310
5271.000 16150
5272.000 16594
5273.000 17480
5274.000 19158
5275.000 19470
5276.000 17068
5277.000 16242
5278.000 18222
5279.000 18356
5280.000 17662
5281.000 16410
5282.000 19994
5283.000 20340
5284.000 19424
5285.000 18232
5286.000 16486
5287.000 20388
5288.000 16250
5289.000 17932
5290.000 18134
5291.000 19932
5292.000 19378
5293.000 18152
5294.000 17384
5295.000 20604
5296.000 18432
5297.000 18586
5298.000 18256
5299.000 18932
5300.000 17902
5301.000 14492
5302.000 15855
5303.000 17824
5304.000 19688
5305.000 15994
5306.000 13152
5307.000 14716
5308.000 15258
5309.000 13756
5310.000 14734
5311.000 13290
5312.000 14616
5313.000 13740
5314.000 15056
5315.000 13588
5316.000 14718
5317.000 14062
5318.000 14918
5319.000 15675
5320.000 13104
5321.000 15072
5322.000 14464
5323.000 13356
5324.000 15320
5325.000 15442
5326.000 13944
5327.000 13248
5328.000 13874
5329.000 14734
5330.000 14534
5331.000 13586
5332.000 13874
5333.000 13828
5334.000 13874
5335.000 13992
5336.000 14606
5337.000 13874
5338.000 13756
5339.000 14534
5340.000 13168
5341.000 13944
5342.000 14280
5343.000 14166
5344.000 13858
5345.000 14804
5346.000 14464
5347.000 14026
5348.000 14012
5349.000 14010
5350.000 14600
5351.000 14770
5352.000 14852
5353.000 14248
5354.000 13474
5355.000 14462
5356.000 14346
5357.000 14804
5358.000 13286
5359.000 13740
5360.000 14080
5361.000 14566
5362.000 13874
5363.000 14080
5364.000 14598
5365.000 13778
5366.000 14668
5367.000 14010
5368.000 13152
5369.000 18696
5370.000 18858
5371.000 18758
5372.000 19340
5373.000 15630
5374.000 19190
5375.000 15806
5376.000 17628
5377.000 18372
5378.000 18486
5379.000 16506
5380.000 20074
5381.000 13690
5382.000 21654
5383.000 15128
5384.000 18044
5385.000 20400
5386.000 18628
5387.000 18542
5388.000 14678
5389.000 16902
5390.000 16351
5391.000 17760
5392.000 18262
5393.000 15526
5394.000 14222
5395.000 20488
5396.000 19730
5397.000 17414
5398.000 20238
5399.000 15276
5400.000 18984
5401.000 20250
5402.000 20638
5403.000 19006
5404.000 17110
5405.000 20852
5406.000 18992
5407.000 17564
5408.000 16900
5409.000 16446
5410.000 17852
5411.000 20904
5412.000 19410
5413.000 17856
5414.000 16376
5415.000 19322
5416.000 20778
5417.000 18170
5418.000 19940
5419.000 21458
5420.000 19642
5421.000 15550
5422.000 17162
5423.000 21328
5424.000 19414
5425.000 19446
5426.000 19874
5427.000 19912
5428.000 18186
5429.000 18824
5430.000 19012
5431.000 19420
5432.000 15390
5433.000 17420
5434.000 17860
5435.000 16630
5436.000 18140
5437.000 17474
5438.000 19950
5439.000 16072
5440.000 19092
5441.000 19774
5442.000 36062
5443.000 16114
5444.000 17898
5445.000 16526
5446.000 18890
5447.000 21260
5448.000 19162
5449.000 18418
5450.000 19680
5451.000 21988
5452.000 23212
5453.000 16232
5454.000 14288
5455.000 13146
5456.000 17234
5457.000 20766
5458.000 20760
5459.000 16528
5460.000 19250
5461.000 17850
5462.000 20104
5463.000 19530
5464.000 17822
5465.000 19756
5466.000 18444
5467.000 16968
5468.000 19870
5469.000 15718
5470.000 16938
5471.000 14510
5472.000 22424
5473.000 18250
5474.000 18568
5475.000 19660
5476.000 17586
5477.000 20424
5478.000 18744
5479.000 15706
5480.000 15590
5481.000 15962
5482.000 15378
5483.000 15972
5484.000 17470
5485.000 18518
5486.000 19196
5487.000 19048
5488.000 17756
5489.000 20510
5490.000 18960
5491.000 16284
5492.000 19674
5493.000 20742
5494.000 17542
5495.000 17334
5496.000 16782
5497.000 21378
5498.000 19130
5499.000 20044
5500.000 16656
5501.000 17814
5502.000 16808
5503.000 18168
5504.000 18582
5505.000 16119
5506.000 15464
5507.000 14218
5508.000 17294
5509.000 16024
5510.000 21698
5511.000 23464
5512.000 21330
5513.000 19306
5514.000 20278
5515.000 20712
5516.000 19296
5517.000 21886
5518.000 20936
5519.000 20796
5520.000 18760
5521.000 21564
5522.000 30408
5523.000 16734
5524.000 16284
5525.000 18158
5526.000 19836
5527.000 16878
5528.000 17208
5529.000 19418
5530.000 19176
5531.000 17450
5532.000 19536
5533.000 21448
5534.000 16416
5535.000 17962
5536.000 18056
5537.000 18798
5538.000 17666
5539.000 18148
5540.000 14502
5541.000 16906
5542.000 17788
5543.000 19646
5544.000 15558
5545.000 15016
5546.000 18008
5547.000 17198
5548.000 15620
5549.000 19294
5550.000 18360
5551.000 15474
5552.000 19224
5553.000 15444
5554.000 18826
5555.000 18920
5556.000 23888
5557.000 19254
5558.000 22048
5559.000 20380
5560.000 19934
5561.000 19252
5562.000 19362
5563.000 19672
5564.000 18868
5565.000 22208
5566.000 20138
5567.000 23338
5568.000 20800
5569.000 18230
5570.000 21986
5571.000 20828
5572.000 16074
5573.000 15378
5574.000 14446
5575.000 14646
5576.000 16088
5577.000 17268
5578.000 15926
5579.000 17972
5580.000 20328
5581.000 20534
5582.000 16956
5583.000 18174
5584.000 18102
5585.000 17592
5586.000 15338
5587.000 19760
5588.000 17576
5589.000 17768
5590.000 17034
5591.000 21154
5592.000 17772
5593.000 18748
5594.000 21176
5595.000 21076
5596.000 15596
5597.000 14646
5598.000 20362
5599.000 17756
5600.000 20092
5601.000 17016
5602.000 16756
5603.000 17670
5604.000 19824
5605.000 18456
5606.000 16284
5607.000 18694
5608.000 19946
5609.000 19720
5610.000 19850
5611.000 19884
5612.000 16544
5613.000 15800
5614.000 17646
5615.000 21926
5616.000 19226
5617.000 18662
5618.000 19864
5619.000 14694
5620.000 18148
5621.000 19024
5622.000 17386
5623.000 19656
5624.000 15474
5625.000 16480
5626.000 17014
5627.000 15246
5628.000 17494
5629.000 15970
5630.000 18560
5631.000 18702
5632.000 18062
5633.000 17520
5634.000 18010
5635.000 19950
5636.000 21200
5637.000 15418
5638.000 16247
5639.000 13874
5640.000 22042
5641.000 18628
5642.000 16628
5643.000 16696
5644.000 16656
5645.000 15684
5646.000 19344
5647.000 21070
5648.000 19682
5649.000 20908
5650.000 23348
5651.000 16124
5652.000 17204
5653.000 19456
5654.000 16782
5655.000 17680
5656.000 20268
5657.000 23494
5658.000 18264
5659.000 29538
5660.000 19980
5661.000 19216
5662.000 19020
5663.000 18252
5664.000 17740
5665.000 19278
5666.000 18534
5667.000 19840
5668.000 19040
5669.000 15910
5670.000 15206
5671.000 14010
5672.000 15726
5673.000 14826
5674.000 14294
5675.000 15976
5676.000 19964
5677.000 17870
5678.000 18852
5679.000 18778
5680.000 18500
5681.000 21492
5682.000 20934
5683.000 19366
5684.000 18834
5685.000 20348
5686.000 21020
5687.000 16084
5688.000 17308
5689.000 18314
5690.000 18298
5691.000 15713
5692.000 15352
5693.000 17204
5694.000 16642
5695.000 21856
5696.000 16600
5697.000 16854
5698.000 20176
5699.000 19450
5700.000 21056
5701.000 20682
5702.000 17740
5703.000 19098
5704.000 19174
5705.000 18380
5706.000 19682
5707.000 19616
5708.000 16212
5709.000 18820
5710.000 18256
5711.000 18092
5712.000 17756
5713.000 18354
5714.000 17460
5715.000 18310
5716.000 16626
5717.000 16598
5718.000 20028
5719.000 22818
5720.000 18336
5721.000 14692
5722.000 14038
5723.000 19790
5724.000 21512
5725.000 20002
5726.000 18474
5727.000 20874
5728.000 22570
5729.000 17620
5730.000 20918
5731.000 19448
5732.000 18736
5733.000 17698
5734.000 22014
5735.000 22452
5736.000 17106
5737.000 15276
5738.000 19104
5739.000 16302
5740.000 19208
5741.000 16682
5742.000 19518
5743.000 20442
5744.000 21830
5745.000 18230
5746.000 20142
5747.000 18258
5748.000 15320
5749.000 19062
5750.000 16766
5751.000 19444
5752.000 17728
5753.000 16114
5754.000 19886
5755.000 19154
5756.000 19340
5757.000 19094
5758.000 18896
5759.000 19094
5760.000 28340
5761.000 16810
5762.000 16368
5763.000 19654
5764.000 17260
5765.000 15374
5766.000 16958
5767.000 17248
5768.000 17070
5769.000 17400
5770.000 16218
5771.000 15532
5772.000 15438
5773.000 17314
5774.000 19822
5775.000 19606
5776.000 18970
5777.000 20672
5778.000 18406
5779.000 17516
5780.000 17086
5781.000 17424
5782.000 28890
5783.000 19246
5784.000 27232
5785.000 21094
5786.000 22574
5787.000 15640
5788.000 15154
5789.000 23702
5790.000 17242
5791.000 18526
5792.000 18266
5793.000 20864
5794.000 18768
5795.000 19636
5796.000 21966
5797.000 20254
5798.000 18482
5799.000 18178
5800.000 18236
5801.000 19710
5802.000 19504
5803.000 18324
5804.000 17002
5805.000 17168
5806.000 18982
5807.000 17338
5808.000 18166
5809.000 20368
5810.000 17976
5811.000 20006
5812.000 18462
5813.000 20070
5814.000 16354
5815.000 18990
5816.000 16936
5817.000 21012
5818.000 15640
5819.000 14696
5820.000 14882
5821.000 15962
5822.000 17770
5823.000 17020
5824.000 17704
5825.000 17800
5826.000 16454
5827.000 18236
5828.000 17218
5829.000 15564
5830.000 16067
5831.000 17970
5832.000 19872
5833.000 19320
5834.000 18648
5835.000 17982
5836.000 17564
5837.000 17082
5838.000 17924
5839.000 20092
5840.000 18670
5841.000 17926
5842.000 20900
5843.000 32550
5844.000 21332
5845.000 20890
5846.000 19090
5847.000 19194
5848.000 18348
5849.000 18060
5850.000 15640
5851.000 21770
5852.000 16171
5853.000 18286
5854.000 20456
5855.000 19550
5856.000 18998
5857.000 16628
5858.000 20222
5859.000 20812
5860.000 20138
5861.000 18602
5862.000 19748
5863.000 20736
5864.000 19682
5865.000 21746
5866.000 18394
5867.000 19288
5868.000 20700
5869.000 20588
5870.000 16854
5871.000 17026
5872.000 17672
5873.000 18120
5874.000 17542
5875.000 18302
5876.000 18778
5877.000 21040
5878.000 19670
5879.000 16364
5880.000 16766
5881.000 24046
5882.000 21094
5883.000 18534
5884.000 18010
5885.000 18570
5886.000 16077
5887.000 19894
5888.000 16266
5889.000 15448
5890.000 14874
5891.000 15120
5892.000 15056
5893.000 14030
5894.000 13986
5895.000 14728
5896.000 18518
5897.000 19460
5898.000 17608
5899.000 16194
5900.000 14540
5901.000 17278
5902.000 20456
5903.000 18534
5904.000 20798
5905.000 20772
5906.000 19038
5907.000 20134
5908.000 14800
5909.000 14696
5910.000 16834
5911.000 15128
5912.000 16424
5913.000 14730
5914.000 16100
5915.000 21326
5916.000 22020
5917.000 20062
5918.000 21492
5919.000 19618
5920.000 20544
5921.000 19716
5922.000 18970
5923.000 18772
5924.000 17852
5925.000 21582
5926.000 20500
5927.000 20778
5928.000 18330
5929.000 18604
5930.000 22206
5931.000 19024
5932.000 15657
5933.000 16015
5934.000 18222
5935.000 18082
5936.000 15546
5937.000 18712
5938.000 17966
5939.000 19026
5940.000 18838
5941.000 20626
5942.000 22862
5943.000 27886
5944.000 18568
5945.000 19170
5946.000 21264
5947.000 17934
5948.000 17306
5949.000 16926
5950.000 22556
5951.000 17990
5952.000 16516
5953.000 14804
5954.000 16866
5955.000 18542
5956.000 22426
5957.000 18940
5958.000 17692
5959.000 19602
5960.000 15322
5961.000 17758
5962.000 16532
5963.000 16184
5964.000 18458
5965.000 20178
5966.000 20812
5967.000 18410
5968.000 18732
5969.000 15758
5970.000 22052
5971.000 22372
5972.000 18730
5973.000 18242
5974.000 16154
5975.000 18358
5976.000 9988
