# Slice: URLLC | 112.217.128.197:322 -> 10.215.173.1:41736 (TCP)
# offset_sec  packet_size_bytes
0.000 168
1.000 64
3.000 64
5.000 64
7.000 64
9.000 64
11.000 64
13.000 64
15.000 64
17.000 64
19.000 64
21.000 64
23.000 64
25.000 64
27.000 64
29.000 64
31.000 64
33.000 64
35.000 64
37.000 64
39.000 64
41.000 64
43.000 64
45.000 64
47.000 64
49.000 64
51.000 64
53.000 64
55.000 64
57.000 64
59.000 64
61.000 64
63.000 64
65.000 64
67.000 64
69.000 64
71.000 64
73.000 64
75.000 64
77.000 64
79.000 64
81.000 64
83.000 64
85.000 64
87.000 64
89.000 64
91.000 64
93.000 64
95.000 64
97.000 64
99.000 64
101.000 64
103.000 64
105.000 64
107.000 64
109.000 64
111.000 64
113.000 64
115.000 64
117.000 64
119.000 64
121.000 64
123.000 64
125.000 64
127.000 64
129.000 64
131.000 64
133.000 64
135.000 64
137.000 64
139.000 64
141.000 64
143.000 64
145.000 64
147.000 64
149.000 64
151.000 64
153.000 64
155.000 64
157.000 64
159.000 64
161.000 64
163.000 64
165.000 64
167.000 64
169.000 64
171.000 64
173.000 64
175.000 64
177.000 64
179.000 64
181.000 64
183.000 64
185.000 64
187.000 64
189.000 64
191.000 64
193.000 64
195.000 64
197.000 64
199.000 64
201.000 64
203.000 64
205.000 64
207.000 64
209.000 64
211.000 64
213.000 64
215.000 64
217.000 64
219.000 64
221.000 64
223.000 64
225.000 64
227.000 64
229.000 64
231.000 64
233.000 64
235.000 64
237.000 64
239.000 64
241.000 64
243.000 64
245.000 64
247.000 64
249.000 64
251.000 64
253.000 64
255.000 64
257.000 64
259.000 64
261.000 64
263.000 64
265.000 64
267.000 64
269.000 64
271.000 64
273.000 64
275.000 64
277.000 64
279.000 64
281.000 64
283.000 64
285.000 64
287.000 64
289.000 64
291.000 64
293.000 64
295.000 64
297.000 64
299.000 64
301.000 64
303.000 64
305.000 64
307.000 64
309.000 64
311.000 64
313.000 64
315.000 64
317.000 64
319.000 64
321.000 64
323.000 64
325.000 64
327.000 64
329.000 64
331.000 64
333.000 64
335.000 64
337.000 64
339.000 64
341.000 64
343.000 64
345.000 64
347.000 64
349.000 64
351.000 64
353.000 64
355.000 64
357.000 64
359.000 64
361.000 64
363.000 64
365.000 64
367.000 64
369.000 64
371.000 64
373.000 64
375.000 64
377.000 64
379.000 64
381.000 64
383.000 64
385.000 64
387.000 64
389.000 64
391.000 64
393.000 64
395.000 64
397.000 64
399.000 64
401.000 64
403.000 64
405.000 64
407.000 64
409.000 64
411.000 64
413.000 64
415.000 64
417.000 64
419.000 64
421.000 64
423.000 64
425.000 64
427.000 64
429.000 64
431.000 64
433.000 64
435.000 64
437.000 64
439.000 64
441.000 64
443.000 64
445.000 64
447.000 64
449.000 64
451.000 64
453.000 64
455.000 64
457.000 64
459.000 64
461.000 64
463.000 64
465.000 64
467.000 64
469.000 64
471.000 64
473.000 64
475.000 64
477.000 64
479.000 64
481.000 64
483.000 64
485.000 64
487.000 64
489.000 64
491.000 64
493.000 64
495.000 64
497.000 64
499.000 64
501.000 64
503.000 64
505.000 64
507.000 64
509.000 64
511.000 64
513.000 64
515.000 64
517.000 64
519.000 64
521.000 64
523.000 64
525.000 64
527.000 64
529.000 64
531.000 64
533.000 64
535.000 64
537.000 64
539.000 64
541.000 64
543.000 64
545.000 64
547.000 64
549.000 64
551.000 64
553.000 64
555.000 64
557.000 64
559.000 64
561.000 64
563.000 64
565.000 64
567.000 64
569.000 64
571.000 64
573.000 64
575.000 64
577.000 64
579.000 64
581.000 64
583.000 64
585.000 64
587.000 64
589.000 64
591.000 64
593.000 64
595.000 64
597.000 64
599.000 64
601.000 64
603.000 64
605.000 64
607.000 64
609.000 64
611.000 64
613.000 64
615.000 64
617.000 64
619.000 64
621.000 64
623.000 64
625.000 64
627.000 64
629.000 64
631.000 64
633.000 64
635.000 64
637.000 64
639.000 64
641.000 64
643.000 64
645.000 64
647.000 64
649.000 64
651.000 64
653.000 64
655.000 64
657.000 64
659.000 64
661.000 64
663.000 64
665.000 64
667.000 64
669.000 64
671.000 64
673.000 64
675.000 64
677.000 64
679.000 64
681.000 64
683.000 64
685.000 64
687.000 64
689.000 64
691.000 64
693.000 64
695.000 64
697.000 64
699.000 64
701.000 64
703.000 64
705.000 64
707.000 64
709.000 64
711.000 64
713.000 64
715.000 64
717.000 64
719.000 64
721.000 64
723.000 64
725.000 64
727.000 64
729.000 64
731.000 64
733.000 64
735.000 64
737.000 64
739.000 64
741.000 64
743.000 64
745.000 64
747.000 64
749.000 64
751.000 64
753.000 64
755.000 64
757.000 64
759.000 64
761.000 64
763.000 64
765.000 64
767.000 64
769.000 64
771.000 64
773.000 64
775.000 64
777.000 64
779.000 64
781.000 64
783.000 64
785.000 64
787.000 64
789.000 64
791.000 64
793.000 64
795.000 64
797.000 64
799.000 64
801.000 64
803.000 64
805.000 64
807.000 64
809.000 64
811.000 64
813.000 64
815.000 64
817.000 64
819.000 64
821.000 64
823.000 64
825.000 64
827.000 64
829.000 64
831.000 64
833.000 64
835.000 64
837.000 64
839.000 64
841.000 64
843.000 64
845.000 64
847.000 64
849.000 64
851.000 64
853.000 64
855.000 64
857.000 64
859.000 64
861.000 64
863.000 64
865.000 64
867.000 64
869.000 64
871.000 64
873.000 64
875.000 64
877.000 64
879.000 64
881.000 64
883.000 64
885.000 64
887.000 64
889.000 64
891.000 64
893.000 64
895.000 64
897.000 64
899.000 64
901.000 64
903.000 64
905.000 64
907.000 64
909.000 64
911.000 64
913.000 64
915.000 64
917.000 64
919.000 64
921.000 64
923.000 64
925.000 64
927.000 64
929.000 64
931.000 64
933.000 64
935.000 64
937.000 64
939.000 64
941.000 64
943.000 64
945.000 64
947.000 64
949.000 64
951.000 64
953.000 64
955.000 64
957.000 64
959.000 64
961.000 64
963.000 64
965.000 64
967.000 64
969.000 64
971.000 64
973.000 64
975.000 64
977.000 64
979.000 64
981.000 64
983.000 64
985.000 64
987.000 64
989.000 64
991.000 64
993.000 64
995.000 64
997.000 64
999.000 64
1001.000 64
1003.000 64
1005.000 64
1007.000 64
1009.000 64
1011.000 64
1013.000 64
1015.000 64
1017.000 64
1019.000 64
1021.000 64
1023.000 64
1025.000 64
1027.000 64
1029.000 64
1031.000 64
1033.000 64
1035.000 64
1037.000 64
1039.000 64
1041.000 64
1043.000 64
1045.000 64
1047.000 64
1049.000 64
1051.000 64
1053.000 64
1055.000 64
1057.000 64
1059.000 64
1061.000 64
1063.000 64
1065.000 64
1067.000 64
1069.000 64
1071.000 64
1073.000 64
1075.000 64
1077.000 64
1079.000 64
1081.000 64
1083.000 64
1085.000 64
1087.000 64
1089.000 64
1091.000 64
1093.000 64
1095.000 64
1097.000 64
1099.000 64
1101.000 64
1103.000 64
1105.000 64
1107.000 64
1109.000 64
1111.000 64
1113.000 64
1115.000 64
1117.000 64
1119.000 64
1121.000 64
1123.000 64
1125.000 64
1127.000 64
1129.000 64
1131.000 64
1133.000 64
1135.000 64
1137.000 64
1139.000 64
1141.000 64
1143.000 64
1145.000 64
1147.000 64
1149.000 64
1151.000 64
1153.000 64
1155.000 64
1157.000 64
1159.000 64
1161.000 64
1163.000 64
1165.000 64
1167.000 64
1169.000 64
1171.000 64
1173.000 64
1175.000 64
1177.000 64
1179.000 64
1181.000 64
1183.000 64
1185.000 64
1187.000 64
1189.000 64
1191.000 64
1193.000 64
1195.000 64
1197.000 64
1199.000 64
1201.000 64
1203.000 64
1205.000 64
1207.000 64
1209.000 64
1211.000 64
1213.000 64
1215.000 64
1217.000 64
1219.000 64
1221.000 64
1223.000 64
1225.000 64
1227.000 64
1229.000 64
1231.000 64
1233.000 64
1235.000 64
1237.000 64
1239.000 64
1241.000 64
1243.000 64
1245.000 64
1247.000 64
1249.000 64
1251.000 64
1253.000 64
1255.000 64
1257.000 64
1259.000 64
1261.000 64
1263.000 64
1265.000 64
1267.000 64
1269.000 64
1271.000 64
1273.000 64
1275.000 64
1277.000 64
1279.000 64
1281.000 64
1283.000 64
1285.000 64
1287.000 64
1289.000 64
1291.000 64
1293.000 64
1295.000 64
1297.000 64
1299.000 64
1301.000 64
1303.000 64
1305.000 64
1307.000 64
1309.000 64
1311.000 64
1313.000 64
1315.000 64
1317.000 64
1319.000 64
1321.000 64
1323.000 64
1325.000 64
1327.000 64
1329.000 64
1331.000 64
1333.000 64
1335.000 64
1337.000 64
1339.000 64
1341.000 64
1343.000 64
1345.000 64
1347.000 64
1349.000 64
1351.000 64
1353.000 64
1355.000 64
1357.000 64
1359.000 64
1361.000 64
1363.000 64
1365.000 64
1367.000 64
1369.000 64
1371.000 64
1373.000 64
1375.000 64
1377.000 64
1379.000 64
1381.000 64
1383.000 64
1385.000 64
1387.000 64
1389.000 64
1391.000 64
1393.000 64
1395.000 64
1397.000 64
1399.000 64
1401.000 64
1403.000 64
1405.000 64
1407.000 64
1409.000 64
1411.000 64
1413.000 64
1415.000 64
1417.000 64
1419.000 64
1421.000 64
1423.000 64
1425.000 64
1427.000 64
1429.000 64
1431.000 64
1433.000 64
1435.000 64
1437.000 64
1439.000 64
1441.000 64
1443.000 64
1445.000 64
1447.000 64
1449.000 64
1451.000 64
1453.000 64
1455.000 64
1457.000 64
1459.000 64
1461.000 64
1463.000 64
1465.000 64
1467.000 64
1469.000 64
1471.000 64
1473.000 64
1475.000 64
1477.000 64
1479.000 64
1481.000 64
1483.000 64
1485.000 64
1487.000 64
1489.000 64
1491.000 64
1493.000 64
1495.000 64
1497.000 64
1499.000 64
1501.000 64
1503.000 64
1505.000 64
1507.000 64
1509.000 64
1511.000 64
1513.000 64
1515.000 64
1517.000 64
1519.000 64
1521.000 64
1523.000 64
1525.000 64
1527.000 64
1529.000 64
1531.000 64
1533.000 64
1535.000 64
1537.000 64
1539.000 64
1541.000 64
1543.000 64
1545.000 64
1547.000 64
1549.000 64
1551.000 64
1553.000 64
1555.000 64
1557.000 64
1559.000 64
1561.000 64
1563.000 64
1565.000 64
1567.000 64
1569.000 64
1571.000 64
1573.000 64
1575.000 64
1577.000 64
1579.000 64
1581.000 64
1583.000 64
1585.000 64
1587.000 64
1589.000 64
1591.000 64
1593.000 64
1595.000 64
1597.000 64
1599.000 64
1601.000 64
1603.000 64
1605.000 64
1607.000 64
1609.000 64
1611.000 64
1613.000 64
1615.000 64
1617.000 64
1619.000 64
1621.000 64
1623.000 64
1625.000 64
1627.000 64
1629.000 64
1631.000 64
1633.000 64
1635.000 64
1637.000 64
1639.000 64
1641.000 64
1643.000 64
1645.000 64
1647.000 64
1649.000 64
1651.000 64
1653.000 64
1655.000 64
1657.000 64
1659.000 64
1661.000 64
1663.000 64
1665.000 64
1667.000 64
1669.000 64
1671.000 64
1673.000 64
1675.000 64
1677.000 64
1679.000 64
1681.000 64
1683.000 64
1685.000 64
1687.000 64
1689.000 64
1691.000 64
1693.000 64
1695.000 64
1697.000 64
1699.000 64
1701.000 64
1703.000 64
1705.000 64
1707.000 64
1709.000 64
1711.000 64
1713.000 64
1715.000 64
1717.000 64
1719.000 64
1721.000 64
1723.000 64
1725.000 64
1727.000 64
1729.000 64
1731.000 64
1733.000 64
1735.000 64
1737.000 64
1739.000 64
1741.000 64
1743.000 64
1745.000 64
1747.000 64
1749.000 64
1751.000 64
1753.000 64
1755.000 64
1757.000 64
1759.000 64
1761.000 64
1763.000 64
1765.000 64
1767.000 64
1769.000 64
1771.000 64
1773.000 64
1775.000 64
1777.000 64
1779.000 64
1781.000 64
1783.000 64
1785.000 64
1787.000 64
1789.000 64
1791.000 64
1793.000 64
1795.000 64
1797.000 64
1799.000 64
1801.000 64
1803.000 64
1805.000 64
1807.000 64
1809.000 64
1811.000 64
1813.000 64
1815.000 64
1817.000 64
1819.000 64
1821.000 64
1823.000 64
1825.000 64
1827.000 64
1829.000 64
1831.000 64
1833.000 64
1835.000 64
1837.000 64
1839.000 64
1841.000 64
1843.000 64
1845.000 64
1847.000 64
1849.000 64
1851.000 64
1853.000 64
1855.000 64
1857.000 64
1859.000 64
1861.000 64
1863.000 64
1865.000 64
1867.000 64
1869.000 64
1871.000 64
1873.000 64
1875.000 64
1877.000 64
1879.000 64
1881.000 64
1883.000 64
1885.000 64
1887.000 64
1889.000 64
1891.000 64
1893.000 64
1895.000 64
1897.000 64
1899.000 64
1901.000 64
1903.000 64
1905.000 64
1907.000 64
1909.000 64
1911.000 64
1913.000 64
1915.000 64
1917.000 64
1919.000 64
1921.000 64
1923.000 64
1925.000 64
1927.000 64
1929.000 64
1931.000 64
1933.000 64
1935.000 64
1937.000 64
1939.000 64
1941.000 64
1943.000 64
1945.000 64
1947.000 64
1949.000 64
1951.000 64
1953.000 64
1955.000 64
1957.000 64
1959.000 64
1961.000 64
1963.000 64
1965.000 64
1967.000 64
1969.000 64
1971.000 64
1973.000 64
1975.000 64
1977.000 64
1979.000 64
1981.000 64
1983.000 64
1985.000 64
1987.000 64
1989.000 64
1991.000 64
1993.000 64
1995.000 64
1997.000 64
1999.000 64
2001.000 64
2003.000 64
2005.000 64
2007.000 64
2009.000 64
2011.000 64
2013.000 64
2015.000 64
2017.000 64
2019.000 64
2021.000 64
2023.000 64
2025.000 64
2027.000 64
2029.000 64
2031.000 64
2033.000 64
2035.000 64
2037.000 64
2039.000 64
2041.000 64
2043.000 64
2045.000 64
2047.000 64
2049.000 64
2051.000 64
2053.000 64
2055.000 64
2057.000 64
2059.000 64
2061.000 64
2063.000 64
2065.000 64
2067.000 64
2069.000 64
2071.000 64
2073.000 64
2075.000 64
2077.000 64
2079.000 64
2081.000 64
2083.000 64
2085.000 64
2087.000 64
2089.000 64
2091.000 64
2093.000 64
2095.000 64
2097.000 64
2099.000 64
2101.000 64
2103.000 64
2105.000 64
2107.000 64
2109.000 64
2111.000 64
2113.000 64
2115.000 64
2117.000 64
2119.000 64
2121.000 64
2123.000 64
2125.000 64
2127.000 64
2129.000 64
2131.000 64
2133.000 64
2135.000 64
2137.000 64
2139.000 64
2141.000 64
2143.000 64
2145.000 64
2147.000 64
2149.000 64
2151.000 64
2153.000 64
2155.000 64
2157.000 64
2159.000 64
2161.000 64
2163.000 64
2165.000 64
2167.000 64
2169.000 64
2171.000 64
2173.000 64
2175.000 64
2177.000 64
2179.000 64
2181.000 64
2183.000 64
2185.000 64
2187.000 64
2189.000 64
2191.000 64
2193.000 64
2195.000 64
2197.000 64
2199.000 64
2201.000 64
2203.000 64
2205.000 64
2207.000 64
2209.000 64
2211.000 64
2213.000 64
2215.000 64
2217.000 64
2219.000 64
2221.000 64
2223.000 64
2225.000 64
2227.000 64
2229.000 64
2231.000 64
2233.000 64
2235.000 64
2237.000 64
2239.000 64
2241.000 64
2243.000 64
2245.000 64
2247.000 64
2249.000 64
2251.000 64
2253.000 64
2255.000 64
2257.000 64
2259.000 64
2261.000 64
2263.000 64
2265.000 64
2267.000 64
2269.000 64
2271.000 64
2273.000 64
2275.000 64
2277.000 64
2279.000 64
2281.000 64
2283.000 64
2285.000 64
2287.000 64
2289.000 64
2291.000 64
2293.000 64
2295.000 64
2297.000 64
2299.000 64
2301.000 64
2303.000 64
2305.000 64
2307.000 64
2309.000 64
2311.000 64
2313.000 64
2315.000 64
2317.000 64
2319.000 64
2321.000 64
2323.000 64
2325.000 64
2327.000 64
2329.000 64
2331.000 64
2333.000 64
2335.000 64
2337.000 64
2339.000 64
2341.000 64
2343.000 64
2345.000 64
2347.000 64
2349.000 64
2351.000 64
2353.000 64
2355.000 64
2357.000 64
2359.000 64
2361.000 64
2363.000 64
2365.000 64
2367.000 64
2369.000 64
2371.000 64
2373.000 64
2375.000 64
2377.000 64
2379.000 64
2381.000 64
2383.000 64
2385.000 64
2387.000 64
2389.000 64
2391.000 64
2393.000 64
2395.000 64
2397.000 64
2399.000 64
2401.000 64
2403.000 64
2405.000 64
2407.000 64
2409.000 64
2411.000 64
2413.000 64
2415.000 64
2417.000 64
2419.000 64
2421.000 64
2423.000 64
2425.000 64
2427.000 64
2429.000 64
2431.000 64
2433.000 64
2435.000 64
2437.000 64
2439.000 64
2441.000 64
2443.000 64
2445.000 64
2447.000 64
2449.000 64
2451.000 64
2453.000 64
2455.000 64
2457.000 64
2459.000 64
2461.000 64
2463.000 64
2465.000 64
2467.000 64
2469.000 64
2471.000 64
2473.000 64
2475.000 64
2477.000 64
2479.000 64
2481.000 64
2483.000 64
2485.000 64
2487.000 64
2489.000 64
2491.000 64
2493.000 64
2495.000 64
2497.000 64
2499.000 64
2501.000 64
2503.000 64
2505.000 64
2507.000 64
2509.000 64
2511.000 64
2513.000 64
2515.000 64
2517.000 64
2519.000 64
2521.000 64
2523.000 64
2525.000 64
2527.000 64
2529.000 64
2531.000 64
2533.000 64
2535.000 64
2537.000 64
2539.000 64
2541.000 64
2543.000 64
2545.000 64
2547.000 64
2549.000 64
2551.000 64
2553.000 64
2555.000 64
2557.000 64
2559.000 64
2561.000 64
2563.000 64
2565.000 64
2567.000 64
2569.000 64
2571.000 64
2573.000 64
2575.000 64
2577.000 64
2579.000 64
2581.000 64
2583.000 64
2585.000 64
2587.000 64
2589.000 64
2591.000 64
2593.000 64
2595.000 64
2597.000 64
2599.000 64
2601.000 64
2603.000 64
2605.000 64
2607.000 64
2609.000 64
2611.000 64
2613.000 64
2615.000 64
2617.000 64
2619.000 64
2621.000 64
2623.000 64
2625.000 64
2627.000 64
2629.000 64
2631.000 64
2633.000 64
2635.000 64
2637.000 64
2639.000 64
2641.000 64
2643.000 64
2645.000 64
2647.000 64
2649.000 64
2651.000 64
2653.000 64
2655.000 64
2657.000 64
2659.000 64
2661.000 64
2663.000 64
2665.000 64
2667.000 64
2669.000 64
2671.000 64
2673.000 64
2675.000 64
2677.000 64
2679.000 64
2681.000 64
2683.000 64
2685.000 64
2687.000 64
2689.000 64
2692.000 64
2694.000 64
2696.000 64
2698.000 64
2700.000 64
2702.000 64
2704.000 64
2706.000 64
2708.000 64
2710.000 64
2712.000 64
2714.000 64
2716.000 64
2718.000 64
2720.000 64
2722.000 64
2724.000 64
2726.000 64
2728.000 64
2730.000 64
2732.000 64
2734.000 64
2736.000 64
2738.000 64
2740.000 64
2742.000 64
2744.000 64
2746.000 64
2748.000 64
2750.000 64
2752.000 64
2754.000 64
2756.000 64
2758.000 64
2760.000 64
2762.000 64
2764.000 64
2766.000 64
2768.000 64
2770.000 64
2772.000 64
2774.000 64
2776.000 64
2778.000 64
2780.000 64
2782.000 64
2784.000 64
2786.000 64
2788.000 64
2790.000 64
2792.000 64
2794.000 64
2796.000 64
2798.000 64
2800.000 64
2802.000 64
2804.000 64
2806.000 64
2808.000 64
2810.000 64
2812.000 64
2814.000 64
2816.000 64
2818.000 64
2820.000 64
2822.000 64
2824.000 64
2826.000 64
2828.000 64
2830.000 64
2832.000 64
2834.000 64
2836.000 64
2838.000 64
2840.000 64
2842.000 64
2844.000 64
2846.000 64
2848.000 64
2850.000 64
2852.000 64
2854.000 64
2856.000 64
2858.000 64
2860.000 64
2862.000 64
2864.000 64
2866.000 64
2868.000 64
2870.000 64
2872.000 64
2874.000 64
2876.000 64
2878.000 64
2880.000 64
2882.000 64
2884.000 64
2886.000 64
2888.000 64
2890.000 64
2892.000 64
2894.000 64
2896.000 64
2898.000 64
2900.000 64
2902.000 64
2904.000 64
2906.000 64
2908.000 64
2910.000 64
2912.000 64
2914.000 64
2916.000 64
2918.000 64
2920.000 64
2922.000 64
2924.000 64
2926.000 64
2928.000 64
2930.000 64
2932.000 64
2934.000 64
2936.000 64
2938.000 64
2940.000 64
2942.000 64
2944.000 64
2946.000 64
2948.000 64
2950.000 64
2952.000 64
2954.000 64
2956.000 64
2958.000 64
2960.000 64
2962.000 64
2964.000 64
2966.000 64
2968.000 64
2970.000 64
2972.000 64
2974.000 64
2976.000 64
2978.000 64
2980.000 64
2982.000 64
2984.000 64
2986.000 64
2988.000 64
2990.000 64
2992.000 64
2994.000 64
2996.000 64
2998.000 64
3000.000 64
3002.000 64
3004.000 64
3006.000 64
3008.000 64
3010.000 64
3012.000 64
3014.000 64
3016.000 64
3018.000 64
3020.000 64
3022.000 64
3024.000 64
3026.000 64
3028.000 64
3030.000 64
3032.000 64
3034.000 64
3036.000 64
3038.000 64
3040.000 64
3042.000 64
3044.000 64
3046.000 64
3048.000 64
3050.000 64
3052.000 64
3054.000 64
3056.000 64
3058.000 64
3060.000 64
3062.000 64
3064.000 64
3066.000 64
3068.000 64
3070.000 64
3072.000 64
3074.000 64
3076.000 64
3078.000 64
3080.000 64
3082.000 64
3084.000 64
3086.000 64
3088.000 64
3090.000 64
3092.000 64
3094.000 64
3096.000 64
3098.000 64
3100.000 64
3102.000 64
3104.000 64
3106.000 64
3108.000 64
3110.000 64
3112.000 64
3114.000 64
3116.000 64
3118.000 64
3120.000 64
3122.000 64
3124.000 64
3126.000 64
3128.000 64
3130.000 64
3132.000 64
3134.000 64
3136.000 64
3138.000 64
3140.000 64
3142.000 64
3144.000 64
3146.000 64
3148.000 64
3150.000 64
3152.000 64
3154.000 64
3156.000 64
3158.000 64
3160.000 64
3162.000 64
3164.000 64
3166.000 64
3168.000 64
3170.000 64
3172.000 64
3174.000 64
3176.000 64
3178.000 64
3180.000 64
3182.000 64
3184.000 64
3186.000 64
3188.000 64
3190.000 64
3192.000 64
3194.000 64
3196.000 64
3198.000 64
3200.000 64
3202.000 64
3204.000 64
3206.000 64
3208.000 64
3210.000 64
3212.000 64
3214.000 64
3216.000 64
3218.000 64
3220.000 64
3222.000 64
3224.000 64
3226.000 64
3228.000 64
3230.000 64
3232.000 64
3234.000 64
3236.000 64
3238.000 64
3240.000 64
3242.000 64
3244.000 64
3246.000 64
3248.000 64
3250.000 64
3252.000 64
3254.000 64
3256.000 64
3258.000 64
3260.000 64
3262.000 64
3264.000 64
3266.000 64
3268.000 64
3270.000 64
3272.000 64
3274.000 64
3276.000 64
3278.000 64
3280.000 64
3282.000 64
3284.000 64
3286.000 64
3288.000 64
3290.000 64
3292.000 64
3294.000 64
3296.000 64
3298.000 64
3300.000 64
3302.000 64
3304.000 64
3306.000 64
3308.000 64
3310.000 64
3312.000 64
3314.000 64
3316.000 64
3318.000 64
3320.000 64
3322.000 64
3324.000 64
3326.000 64
3328.000 64
3330.000 64
3332.000 64
3334.000 64
3336.000 64
3338.000 64
3340.000 64
3342.000 64
3344.000 64
3346.000 64
3348.000 64
3350.000 64
3352.000 64
3354.000 64
3356.000 64
3358.000 64
3360.000 64
3362.000 64
3364.000 64
3366.000 64
3368.000 64
3370.000 64
3372.000 64
3374.000 64
3376.000 64
3378.000 64
3380.000 64
3382.000 64
3384.000 64
3386.000 64
3388.000 64
3390.000 64
3392.000 64
3394.000 64
3396.000 64
3398.000 64
3400.000 64
3402.000 64
3404.000 64
3406.000 64
3408.000 64
3410.000 64
3412.000 64
3414.000 64
3416.000 64
3418.000 64
3420.000 64
3422.000 64
3424.000 64
3426.000 64
3428.000 64
3430.000 64
3432.000 64
3434.000 64
3436.000 64
3438.000 64
3440.000 64
3442.000 64
3444.000 64
3446.000 64
3448.000 64
3450.000 64
3452.000 64
3454.000 64
3456.000 64
3458.000 64
3460.000 64
3462.000 64
3464.000 64
3466.000 64
3468.000 64
3470.000 64
3472.000 64
3474.000 64
3476.000 64
3478.000 64
3480.000 64
3482.000 64
3484.000 64
3486.000 64
3488.000 64
3490.000 64
3492.000 64
3494.000 64
3496.000 64
3498.000 64
3500.000 64
3502.000 64
3504.000 64
3506.000 64
3508.000 64
3510.000 64
3512.000 64
3514.000 64
3516.000 64
3518.000 64
3520.000 64
3522.000 64
3524.000 64
3526.000 64
3528.000 64
3530.000 64
3532.000 64
3534.000 64
3536.000 64
3538.000 64
3540.000 64
3542.000 64
3544.000 64
3546.000 64
3548.000 64
3550.000 64
3552.000 64
3554.000 64
3556.000 64
3558.000 64
3560.000 64
3562.000 64
3564.000 64
3566.000 64
3568.000 64
3570.000 64
3572.000 64
3574.000 64
3576.000 64
3578.000 64
3580.000 64
3582.000 64
3584.000 64
3586.000 64
3588.000 64
3590.000 64
3592.000 64
3594.000 64
3596.000 64
3598.000 64
3600.000 64
3602.000 64
3604.000 64
3606.000 64
3608.000 64
3610.000 64
3612.000 64
3614.000 64
3616.000 64
3618.000 64
3620.000 64
3622.000 64
3624.000 64
3626.000 64
3628.000 64
3630.000 64
3632.000 64
3634.000 64
3636.000 64
3638.000 64
3640.000 64
3642.000 64
3644.000 64
3646.000 64
3648.000 64
3650.000 64
3652.000 64
3654.000 64
3656.000 64
3658.000 64
3660.000 64
3662.000 64
3664.000 64
3666.000 64
3668.000 64
3670.000 64
3672.000 64
3674.000 64
3676.000 64
3678.000 64
3680.000 64
3682.000 64
3684.000 64
3686.000 64
3688.000 64
3690.000 64
3692.000 64
3694.000 64
3696.000 64
3698.000 64
3700.000 64
3702.000 64
3704.000 64
3706.000 64
3708.000 64
3710.000 64
3712.000 64
3714.000 64
3716.000 64
3718.000 64
3720.000 64
3722.000 64
3724.000 64
3726.000 64
3728.000 64
3730.000 64
3732.000 64
3734.000 64
3736.000 64
3738.000 64
3740.000 64
3742.000 64
3744.000 64
3746.000 64
3748.000 64
3750.000 64
3752.000 64
3754.000 64
3756.000 64
3758.000 64
3760.000 64
3762.000 64
3764.000 64
3766.000 64
3768.000 64
3770.000 64
3772.000 64
3774.000 64
3776.000 64
3778.000 64
3780.000 64
3782.000 64
3784.000 64
3786.000 64
3788.000 64
3790.000 64
3792.000 64
3794.000 64
3796.000 64
3798.000 64
3800.000 64
3802.000 64
3804.000 64
3806.000 64
3808.000 64
3810.000 64
3812.000 64
3814.000 64
3816.000 64
3818.000 64
3820.000 64
3822.000 64
3824.000 64
3826.000 64
3828.000 64
3830.000 64
3832.000 64
3834.000 64
3836.000 64
3838.000 64
3840.000 64
3842.000 64
3844.000 64
3846.000 64
3848.000 64
3850.000 64
3852.000 64
3854.000 64
3856.000 64
3858.000 64
3860.000 64
3862.000 64
3864.000 64
3866.000 64
3868.000 64
3870.000 64
3872.000 64
3874.000 64
3876.000 64
3878.000 64
3880.000 64
3882.000 64
3884.000 64
3886.000 64
3888.000 64
3890.000 64
3892.000 64
3894.000 64
3896.000 64
3898.000 64
3900.000 64
3902.000 64
3904.000 64
3906.000 64
3908.000 64
3910.000 64
3912.000 64
3914.000 64
3916.000 64
3918.000 64
3920.000 64
3922.000 64
3924.000 64
3926.000 64
3928.000 64
3930.000 64
3932.000 64
3934.000 64
3936.000 64
3938.000 64
3940.000 64
3942.000 64
3944.000 64
3946.000 64
3948.000 64
3950.000 64
3952.000 64
3954.000 64
3956.000 64
3958.000 64
3960.000 64
3962.000 64
3964.000 64
3966.000 64
3968.000 64
3970.000 64
3972.000 64
3974.000 64
3976.000 64
3978.000 64
3980.000 64
3982.000 64
3984.000 64
3986.000 64
3988.000 64
3990.000 64
3992.000 64
3994.000 64
3996.000 64
3998.000 64
4000.000 64
4002.000 64
4004.000 64
4006.000 64
4008.000 64
4010.000 64
4012.000 64
4014.000 64
4016.000 64
4018.000 64
4020.000 64
4022.000 64
4024.000 64
4026.000 64
4028.000 64
4030.000 64
4032.000 64
4034.000 64
4036.000 64
4038.000 64
4040.000 64
4042.000 64
4044.000 64
4046.000 64
4048.000 64
4050.000 64
4052.000 64
4054.000 64
4056.000 64
4058.000 64
4060.000 64
4062.000 64
4064.000 64
4066.000 64
4068.000 64
4070.000 64
4072.000 64
4074.000 64
4076.000 64
4078.000 64
4080.000 64
4082.000 64
4084.000 64
4086.000 64
4088.000 64
4090.000 64
4092.000 64
4094.000 64
4096.000 64
4098.000 64
4100.000 64
4102.000 64
4104.000 64
4106.000 64
4108.000 64
4110.000 64
4112.000 64
4114.000 64
4116.000 64
4118.000 64
4120.000 64
4122.000 64
4124.000 64
4126.000 64
4128.000 64
4130.000 64
4132.000 64
4134.000 64
4136.000 64
4138.000 64
4140.000 64
4142.000 64
4144.000 64
4146.000 64
4148.000 64
4150.000 64
4152.000 64
4154.000 64
4156.000 64
4158.000 64
4160.000 64
4162.000 64
4164.000 64
4166.000 64
4168.000 64
4170.000 64
4172.000 64
4174.000 64
4176.000 64
4178.000 64
4180.000 64
4182.000 64
4184.000 64
4186.000 64
4188.000 64
4190.000 64
4192.000 64
4194.000 64
4196.000 64
4198.000 64
4200.000 64
4202.000 64
4204.000 64
4206.000 64
4208.000 64
4210.000 64
4212.000 64
4214.000 64
4216.000 64
4218.000 64
4220.000 64
4222.000 64
4224.000 64
4226.000 64
4228.000 64
4230.000 64
4232.000 64
4234.000 64
4236.000 64
4238.000 64
4240.000 64
4242.000 64
4244.000 64
4246.000 64
4248.000 64
4250.000 64
4252.000 64
4254.000 64
4256.000 64
4258.000 64
4260.000 64
4262.000 64
4264.000 64
4266.000 64
4268.000 64
4270.000 64
4272.000 64
4274.000 64
4276.000 64
4278.000 64
4280.000 64
4282.000 64
4284.000 64
4286.000 64
4288.000 64
4290.000 64
4292.000 64
4294.000 64
4296.000 64
4298.000 64
4300.000 64
4302.000 64
4304.000 64
4306.000 64
4308.000 64
4310.000 64
4312.000 64
4314.000 64
4316.000 64
4318.000 64
4320.000 64
4322.000 64
4324.000 64
4326.000 64
4328.000 64
4330.000 64
4332.000 64
4334.000 64
4336.000 64
4338.000 64
4340.000 64
4342.000 64
4344.000 64
4346.000 64
4348.000 64
4350.000 64
4352.000 64
4354.000 64
4356.000 64
4358.000 64
4360.000 64
4362.000 64
4364.000 64
4366.000 64
4368.000 64
4370.000 64
4372.000 64
4374.000 64
4376.000 64
4378.000 64
4380.000 64
4382.000 64
4384.000 64
4386.000 64
4388.000 64
4390.000 64
4392.000 64
4394.000 64
4396.000 64
4398.000 64
4400.000 64
4402.000 64
4404.000 64
4406.000 64
4408.000 64
4410.000 64
4412.000 64
4414.000 64
4416.000 64
4418.000 64
4420.000 64
4422.000 64
4424.000 64
4426.000 64
4428.000 64
4430.000 64
4432.000 64
4434.000 64
4436.000 64
4438.000 64
4440.000 64
4442.000 64
4444.000 64
4446.000 64
4448.000 64
4450.000 64
4452.000 64
4454.000 64
4456.000 64
4458.000 64
4460.000 64
4462.000 64
4464.000 64
4466.000 64
4468.000 64
4470.000 64
4472.000 64
4474.000 64
4476.000 64
4478.000 64
4480.000 64
4482.000 64
4484.000 64
4486.000 64
4488.000 64
4490.000 64
4492.000 64
4494.000 64
4496.000 64
4498.000 64
4500.000 64
4502.000 64
4504.000 64
4506.000 64
4508.000 64
4510.000 64
4512.000 64
4514.000 64
4516.000 64
4518.000 64
4520.000 64
4522.000 64
4524.000 64
4526.000 64
4528.000 64
4530.000 64
4532.000 64
4534.000 64
4536.000 64
4538.000 64
4540.000 64
4542.000 64
4544.000 64
4546.000 64
4548.000 64
4550.000 64
4552.000 64
4554.000 64
4556.000 64
4558.000 64
4560.000 64
4562.000 64
4564.000 64
4566.000 64
4568.000 64
4570.000 64
4572.000 64
4574.000 64
4576.000 64
4578.000 64
4580.000 64
4582.000 64
4584.000 64
4586.000 64
4588.000 64
4590.000 64
4592.000 64
4594.000 64
4596.000 64
4598.000 64
4600.000 64
4602.000 64
4604.000 64
4606.000 64
4608.000 64
4610.000 64
4612.000 64
4614.000 64
4616.000 64
4618.000 64
4620.000 64
4622.000 64
4624.000 64
4626.000 64
4628.000 64
4630.000 64
4632.000 64
4634.000 64
4636.000 64
4638.000 64
4640.000 64
4642.000 64
4644.000 64
4646.000 64
4648.000 64
4650.000 64
4652.000 64
4654.000 64
4656.000 64
4658.000 64
4660.000 64
4662.000 64
4664.000 64
4666.000 64
4668.000 64
4670.000 64
4672.000 64
4674.000 64
4676.000 64
4678.000 64
4680.000 64
4682.000 64
4684.000 64
4686.000 64
4688.000 64
4690.000 64
4692.000 64
4694.000 64
4696.000 64
4698.000 64
4700.000 64
4702.000 64
4704.000 64
4706.000 64
4708.000 64
4710.000 64
4712.000 64
4714.000 64
4716.000 64
4718.000 64
4720.000 64
4722.000 64
4724.000 64
4726.000 64
4728.000 64
4730.000 64
4732.000 64
4734.000 64
4736.000 64
4738.000 64
4740.000 64
4742.000 64
4744.000 64
4746.000 64
4748.000 64
4750.000 64
4752.000 64
4754.000 64
4756.000 64
4758.000 64
4760.000 64
4762.000 64
4764.000 64
4766.000 64
4768.000 64
4770.000 64
4772.000 64
4774.000 64
4776.000 64
4778.000 64
4780.000 64
4782.000 64
4784.000 64
4786.000 64
4788.000 64
4790.000 64
4792.000 64
4794.000 64
4796.000 64
4798.000 64
4800.000 64
4802.000 64
4804.000 64
4806.000 64
4808.000 64
4810.000 64
4812.000 64
4814.000 64
4816.000 64
4818.000 64
4820.000 64
4822.000 64
4824.000 64
4826.000 64
4828.000 64
4830.000 64
4832.000 64
4834.000 64
4836.000 64
4838.000 64
4840.000 64
4842.000 64
4844.000 64
4846.000 64
4848.000 64
4850.000 64
4852.000 64
4854.000 64
4856.000 64
4858.000 64
4860.000 64
4862.000 64
4864.000 64
4866.000 64
4868.000 64
4870.000 64
4872.000 64
4874.000 64
4876.000 64
4878.000 64
4880.000 64
4882.000 64
4884.000 64
4886.000 64
4888.000 64
4890.000 64
4892.000 64
4894.000 64
4896.000 64
4898.000 64
4900.000 64
4902.000 64
4904.000 64
4906.000 64
4908.000 64
4910.000 64
4912.000 64
4914.000 64
4916.000 64
4918.000 64
4920.000 64
4922.000 64
4924.000 64
4926.000 64
4928.000 64
4930.000 64
4932.000 64
4934.000 64
4936.000 64
4938.000 64
4940.000 64
4942.000 64
4944.000 64
4946.000 64
4948.000 64
4950.000 64
4952.000 64
4954.000 64
4956.000 64
4958.000 64
4960.000 64
4962.000 64
4964.000 64
4966.000 64
4968.000 64
4970.000 64
4972.000 64
4974.000 64
4976.000 64
4978.000 64
4980.000 64
4982.000 64
4984.000 64
4986.000 64
4988.000 64
4990.000 64
4992.000 64
4994.000 64
4996.000 64
4998.000 64
5000.000 64
5002.000 64
5004.000 64
5006.000 64
5008.000 64
5010.000 64
5012.000 64
5014.000 64
5016.000 64
5018.000 64
5020.000 64
5022.000 64
5024.000 64
5026.000 64
5028.000 64
5030.000 64
5032.000 64
5034.000 64
5036.000 64
5038.000 64
5040.000 64
5042.000 64
5044.000 64
5046.000 64
5048.000 64
5050.000 64
5052.000 64
5054.000 64
5056.000 64
5058.000 64
5060.000 64
5062.000 64
5064.000 64
5066.000 64
5068.000 64
5070.000 64
5072.000 64
5074.000 64
5076.000 64
5078.000 64
5080.000 64
5082.000 64
5084.000 64
5086.000 64
5088.000 64
5090.000 64
5092.000 64
5094.000 64
5096.000 64
5098.000 64
5100.000 64
5102.000 64
5104.000 64
5106.000 64
5108.000 64
5110.000 64
5112.000 64
5114.000 64
5116.000 64
5118.000 64
5120.000 64
5122.000 64
5124.000 64
5126.000 64
5128.000 64
5130.000 64
5132.000 64
5134.000 64
5136.000 64
5138.000 64
5140.000 64
5142.000 64
5144.000 64
5146.000 64
5148.000 64
5150.000 64
5152.000 64
5154.000 64
5156.000 64
5158.000 64
5160.000 64
5162.000 64
5164.000 64
5166.000 64
5168.000 64
5170.000 64
5172.000 64
5174.000 64
5176.000 64
5178.000 64
5180.000 64
5182.000 64
5184.000 64
5186.000 64
5188.000 64
5190.000 64
5192.000 64
5194.000 64
5196.000 64
5198.000 64
5200.000 64
5202.000 64
5204.000 64
5206.000 64
5208.000 64
5210.000 64
5212.000 64
5214.000 64
5216.000 64
5218.000 64
5220.000 64
5222.000 64
5224.000 64
5226.000 64
5228.000 64
5230.000 64
5232.000 64
5234.000 64
5236.000 64
5238.000 64
5240.000 64
5242.000 64
5244.000 64
5246.000 64
5248.000 64
5250.000 64
5252.000 64
5254.000 64
5256.000 64
5258.000 64
5260.000 64
5262.000 64
5264.000 64
5266.000 64
5268.000 64
5270.000 64
5272.000 64
5274.000 64
5276.000 64
5278.000 64
5280.000 64
5282.000 64
5284.000 64
5286.000 64
5288.000 64
5290.000 64
5292.000 64
5294.000 64
5296.000 64
5298.000 64
5300.000 64
5302.000 64
5304.000 64
5306.000 64
5308.000 64
5310.000 64
5312.000 64
5314.000 64
5316.000 64
5318.000 64
5320.000 64
5322.000 64
5324.000 64
5326.000 64
5328.000 64
5330.000 64
5332.000 64
5334.000 64
5336.000 64
5338.000 64
5340.000 64
5342.000 64
5344.000 64
5346.000 64
5348.000 64
5350.000 64
5352.000 64
5354.000 64
5356.000 64
5358.000 64
5360.000 64
5362.000 64
5364.000 64
5366.000 64
5368.000 64
5370.000 64
5372.000 64
5374.000 64
5376.000 64
5378.000 64
5380.000 64
5382.000 64
5384.000 64
5386.000 64
5388.000 64
5390.000 64
5392.000 64
5394.000 64
5396.000 64
5398.000 64
5400.000 64
5402.000 64
5404.000 64
5406.000 64
5408.000 64
5410.000 64
5412.000 64
5414.000 64
5416.000 64
5418.000 64
5420.000 64
5422.000 64
5424.000 64
5426.000 64
5428.000 64
5430.000 64
5432.000 64
5434.000 64
5436.000 64
5438.000 64
5440.000 64
5442.000 64
5444.000 64
5446.000 64
5448.000 64
5450.000 64
5452.000 64
5454.000 64
5456.000 64
5458.000 64
5460.000 64
5462.000 64
5464.000 64
5466.000 64
5468.000 64
5470.000 64
5472.000 64
5474.000 64
5476.000 64
5478.000 64
5480.000 64
5482.000 64
5484.000 64
5486.000 64
5488.000 64
5490.000 64
5492.000 64
5494.000 64
5496.000 64
5498.000 64
5500.000 64
5502.000 64
5504.000 64
5506.000 64
5508.000 64
5510.000 64
5512.000 64
5514.000 64
5516.000 64
5518.000 64
5520.000 64
5522.000 64
5524.000 64
5526.000 64
5528.000 64
5530.000 64
5532.000 64
5534.000 64
5536.000 64
5538.000 64
5540.000 64
5542.000 64
5544.000 64
5546.000 64
5548.000 64
5550.000 64
5552.000 64
5554.000 64
5556.000 64
5558.000 64
5560.000 64
5562.000 64
5564.000 64
5566.000 64
5568.000 64
5570.000 64
5572.000 64
5574.000 64
5576.000 64
5578.000 64
5580.000 64
5582.000 64
5584.000 64
5586.000 64
5588.000 64
5590.000 64
5592.000 64
5594.000 64
5596.000 64
5598.000 64
5600.000 64
5602.000 64
5604.000 64
5606.000 64
5608.000 64
5610.000 64
5612.000 64
5614.000 64
5616.000 64
5618.000 64
5620.000 64
5622.000 64
5624.000 64
5626.000 64
5628.000 64
5630.000 64
5632.000 64
5634.000 64
5636.000 64
5638.000 64
5640.000 64
5642.000 64
5644.000 64
5646.000 64
5648.000 64
5650.000 64
5652.000 64
5654.000 64
5656.000 64
5658.000 64
5660.000 64
5662.000 64
5664.000 64
5666.000 64
5668.000 64
5670.000 64
5672.000 64
5674.000 64
5676.000 64
5678.000 64
5680.000 64
5682.000 64
5684.000 64
5686.000 64
5688.000 64
5690.000 64
5692.000 64
5694.000 64
5696.000 64
5698.000 64
5700.000 64
5702.000 64
5704.000 64
5706.000 64
5708.000 64
5710.000 64
5712.000 64
5714.000 64
5716.000 64
5718.000 64
5720.000 64
5722.000 64
5724.000 64
5726.000 64
5728.000 64
5730.000 64
5732.000 64
5734.000 64
5736.000 64
5738.000 64
5740.000 64
5742.000 64
5744.000 64
5746.000 64
5748.000 64
5750.000 64
5752.000 64
5754.000 64
5756.000 64
5758.000 64
5760.000 64
5762.000 64
5764.000 64
5766.000 64
5768.000 64
5770.000 64
5772.000 64
5774.000 64
5776.000 64
5778.000 64
5780.000 64
5782.000 64
5784.000 64
5786.000 64
5788.000 64
5790.000 64
5792.000 64
5794.000 64
5796.000 64
5798.000 64
5800.000 64
5802.000 64
5804.000 64
5806.000 64
5808.000 64
5810.000 64
5812.000 64
5814.000 64
5816.000 64
5818.000 64
5820.000 64
5822.000 64
5824.000 64
5826.000 64
5828.000 64
5830.000 64
5832.000 64
5834.000 64
5836.000 64
5838.000 64
5840.000 64
5842.000 64
5844.000 64
5846.000 64
5848.000 64
5850.000 64
5852.000 64
5854.000 64
5856.000 64
5858.000 64
5860.000 64
5862.000 64
5864.000 64
5866.000 64
5868.000 64
5870.000 64
5872.000 64
5874.000 64
5876.000 64
5878.000 64
5880.000 64
5882.000 64
5884.000 64
5886.000 64
5888.000 64
5890.000 64
5892.000 64
5894.000 64
5896.000 64
5898.000 64
5900.000 64
5902.000 64
5904.000 64
5906.000 64
5908.000 64
5910.000 64
5912.000 64
5914.000 64
5916.000 64
5918.000 64
5920.000 64
5922.000 64
5924.000 64
5926.000 64
5928.000 64
5930.000 64
5932.000 64
5934.000 64
5936.000 64
5938.000 64
5940.000 64
5942.000 64
5944.000 64
5946.000 64
5948.000 64
5950.000 64
5952.000 64
5954.000 64
5956.000 64
5958.000 64
5960.000 64
5962.000 64
5964.000 64
5966.000 64
5968.000 64
5970.000 64
5972.000 64
5974.000 64
5976.000 64
5978.000 64
5980.000 64
5982.000 64
5984.000 64
5986.000 64
5988.000 64
5990.000 64
5992.000 64
5994.000 64
5996.000 64
5998.000 64
6000.000 64
6002.000 64
6004.000 64
6006.000 64
6008.000 64
6010.000 64
6012.000 64
6014.000 64
6016.000 64
6018.000 64
6020.000 64
6022.000 64
6024.000 64
6026.000 64
6028.000 64
6030.000 64
6032.000 64
6034.000 64
6036.000 64
6038.000 64
6040.000 64
6042.000 64
6044.000 64
6046.000 64
6048.000 64
6050.000 64
6052.000 64
6054.000 64
6056.000 64
6058.000 64
6060.000 64
6062.000 64
6064.000 64
6066.000 64
6068.000 64
6070.000 64
6072.000 64
6074.000 64
6076.000 64
6078.000 64
6080.000 64
6082.000 64
6084.000 64
6086.000 64
6088.000 64
6090.000 64
6092.000 64
6094.000 64
6096.000 64
6098.000 64
6100.000 64
6102.000 64
6104.000 64
6106.000 64
6108.000 64
6110.000 64
6112.000 64
6114.000 64
6116.000 64
6118.000 64
6120.000 64
6122.000 64
6124.000 64
6126.000 64
6128.000 64
6130.000 64
6132.000 64
6134.000 64
6136.000 64
6138.000 64
6140.000 64
6142.000 64
6144.000 64
6146.000 64
6148.000 64
6150.000 64
6152.000 64
6154.000 64
6156.000 64
6158.000 64
6160.000 64
6162.000 64
6164.000 64
6166.000 64
6168.000 64
6170.000 64
6172.000 64
6174.000 64
6176.000 64
6178.000 64
6180.000 64
6182.000 64
6184.000 64
6186.000 64
6188.000 64
6190.000 64
6192.000 64
6194.000 64
6196.000 64
6198.000 64
6200.000 64
6202.000 64
6204.000 64
6206.000 64
6208.000 64
6210.000 64
6212.000 64
6214.000 64
6216.000 64
6218.000 64
6220.000 64
6222.000 64
6224.000 64
6226.000 64
6228.000 64
6230.000 64
6232.000 64
6234.000 64
6236.000 64
6238.000 64
6240.000 64
6242.000 64
6244.000 64
6246.000 64
6248.000 64
6250.000 64
6252.000 64
6254.000 64
6256.000 64
6258.000 64
6260.000 64
6262.000 64
6264.000 64
6266.000 64
6268.000 64
6270.000 64
6272.000 64
6274.000 64
6276.000 64
6278.000 64
6280.000 64
6282.000 64
6284.000 64
6286.000 64
6288.000 64
6290.000 64
6292.000 64
6294.000 64
6296.000 64
6298.000 64
6300.000 64
6302.000 64
6304.000 64
6306.000 64
6308.000 64
6310.000 64
6312.000 64
6314.000 64
6316.000 64
6318.000 64
6320.000 64
6322.000 64
6324.000 64
6326.000 64
6328.000 64
6330.000 64
6332.000 64
6334.000 64
6336.000 64
6338.000 64
6340.000 64
6342.000 64
6344.000 64
6346.000 64
6348.000 64
6350.000 64
6352.000 64
6354.000 64
6356.000 64
6358.000 64
6360.000 64
6362.000 64
6364.000 64
6366.000 64
6368.000 64
6370.000 64
6372.000 64
6374.000 64
6376.000 64
6378.000 64
6380.000 64
6382.000 64
6384.000 64
6386.000 64
6388.000 64
6390.000 64
6392.000 64
6394.000 64
6396.000 64
6398.000 64
6400.000 64
6402.000 64
6404.000 64
6406.000 64
6408.000 64
6410.000 64
6412.000 64
6414.000 64
6416.000 64
6418.000 64
6420.000 64
6422.000 64
6424.000 64
6426.000 64
6428.000 64
6430.000 64
6432.000 64
6434.000 64
6436.000 64
6438.000 64
6440.000 64
6442.000 64
6444.000 64
6446.000 64
6448.000 64
6450.000 64
6452.000 64
6454.000 64
6456.000 64
6458.000 64
6460.000 64
6462.000 64
6464.000 64
6466.000 64
6468.000 64
6470.000 64
6472.000 64
6474.000 64
6476.000 64
6478.000 64
6480.000 64
6482.000 64
6484.000 64
6486.000 64
6488.000 64
6490.000 64
6492.000 64
6494.000 64
6496.000 64
6498.000 64
6500.000 64
6502.000 64
6504.000 64
6506.000 64
6508.000 64
6510.000 64
6512.000 64
6514.000 64
6516.000 64
6518.000 64
6520.000 64
6522.000 64
6524.000 64
6526.000 64
6528.000 64
6530.000 64
6532.000 64
6534.000 64
6536.000 64
6538.000 64
6540.000 64
6542.000 64
6544.000 64
6546.000 64
6548.000 64
6550.000 64
6552.000 64
6554.000 64
6556.000 64
6558.000 64
6560.000 64
6562.000 64
6564.000 64
6566.000 64
6568.000 64
6570.000 64
6572.000 64
6574.000 64
6576.000 64
6578.000 64
6580.000 64
6582.000 64
6584.000 64
6586.000 64
6588.000 64
6590.000 64
6592.000 64
6594.000 64
6596.000 64
6598.000 64
6600.000 64
6602.000 64
6604.000 64
6606.000 64
6608.000 64
6610.000 64
6612.000 64
6614.000 64
6616.000 64
6618.000 64
6620.000 64
6622.000 64
6624.000 64
6627.000 64
6629.000 64
6631.000 64
6633.000 64
6635.000 64
6637.000 64
6639.000 64
6641.000 64
6643.000 64
6645.000 64
6647.000 64
6649.000 64
6651.000 64
6653.000 64
6655.000 64
6657.000 64
6659.000 64
6661.000 64
6663.000 64
6665.000 64
6667.000 64
6669.000 64
6671.000 64
6673.000 64
6675.000 64
6677.000 64
6679.000 64
6681.000 64
6683.000 64
6685.000 64
6687.000 64
6689.000 64
6691.000 64
6693.000 64
6695.000 64
6697.000 64
6699.000 64
6701.000 64
6703.000 64
6705.000 64
6707.000 64
6709.000 64
6711.000 64
6713.000 64
6715.000 64
6717.000 64
6719.000 64
6721.000 64
6723.000 64
6725.000 64
6727.000 64
6729.000 64
6731.000 64
6733.000 64
6735.000 64
6737.000 64
6739.000 64
6741.000 64
6743.000 64
6745.000 64
6747.000 64
6749.000 64
6751.000 64
6753.000 64
6755.000 64
6757.000 64
6759.000 64
6761.000 64
6763.000 64
6765.000 64
6767.000 64
6769.000 64
6771.000 64
6773.000 64
6775.000 64
6777.000 64
6779.000 64
6781.000 64
6783.000 64
6785.000 64
6787.000 64
6789.000 64
6791.000 64
6793.000 64
6795.000 64
6797.000 64
6799.000 64
6801.000 64
6803.000 64
6805.000 64
6807.000 64
6809.000 64
6811.000 64
6813.000 64
6815.000 64
6817.000 64
6819.000 64
6821.000 64
6823.000 64
6825.000 64
6827.000 64
6829.000 64
6831.000 64
6833.000 64
6835.000 64
6837.000 64
6839.000 64
6841.000 64
6843.000 64
6845.000 64
6847.000 64
6849.000 64
6851.000 64
6853.000 64
6855.000 64
6857.000 64
6859.000 64
6861.000 64
6863.000 64
6865.000 64
6867.000 64
6869.000 64
6871.000 64
6873.000 64
6875.000 64
6877.000 64
6879.000 64
6881.000 64
6883.000 64
6885.000 64
6887.000 64
6889.000 64
6891.000 64
6893.000 64
6895.000 64
6897.000 64
6899.000 64
6901.000 64
6903.000 64
6905.000 64
6907.000 64
6909.000 64
6911.000 64
6913.000 64
6915.000 64
6917.000 64
6919.000 64
6921.000 64
6923.000 64
6925.000 64
6927.000 64
6929.000 64
6931.000 64
6933.000 64
6935.000 64
6937.000 64
6939.000 64
6941.000 64
6943.000 64
6945.000 64
6947.000 64
6949.000 64
6950.000 120
