# Slice: URLLC | 112.217.128.200:18747 -> 10.215.173.1:49006 (UDP)
# offset_sec  packet_size_bytes
0.000 3305
1.000 2920
2.000 2822
3.000 1664
4.000 2949
5.000 1659
6.000 1024
7.000 1944
8.000 2092
9.000 3282
10.000 2282
11.000 1260
12.000 1975
13.000 2576
14.000 2694
15.000 1466
16.000 2096
17.000 1368
18.000 1070
19.000 1060
20.000 1618
21.000 1746
22.000 940
23.000 902
24.000 902
25.000 1012
26.000 1425
27.000 940
28.000 864
29.000 876
30.000 1430
31.000 902
32.000 1042
33.000 1192
34.000 1062
35.000 956
36.000 1138
37.000 1010
38.000 1016
39.000 956
40.000 1062
41.000 956
42.000 1086
43.000 1247
44.000 910
45.000 972
46.000 1016
47.000 1506
48.000 1116
49.000 994
50.000 940
51.000 1130
52.000 940
53.000 940
54.000 1032
55.000 1024
56.000 1100
57.000 956
58.000 902
59.000 985
60.000 1006
61.000 985
62.000 1144
63.000 940
64.000 948
65.000 1282
66.000 948
67.000 948
68.000 918
69.000 788
70.000 1204
71.000 864
72.000 948
73.000 964
74.000 902
75.000 1490
76.000 1922
77.000 902
78.000 910
79.000 994
80.000 918
81.000 902
82.000 1032
83.000 977
84.000 940
85.000 940
86.000 1016
87.000 1197
88.000 1676
89.000 940
90.000 902
91.000 977
92.000 1550
93.000 900
94.000 940
95.000 2188
96.000 2562
97.000 1984
98.000 2820
99.000 2506
100.000 1772
101.000 2024
102.000 2172
103.000 2032
104.000 1222
105.000 2529
106.000 2340
107.000 2288
108.000 1950
109.000 1298
110.000 1230
111.000 1378
112.000 985
113.000 940
114.000 910
115.000 940
116.000 1160
117.000 902
118.000 956
119.000 1374
120.000 1876
121.000 940
122.000 948
123.000 864
124.000 902
125.000 1192
126.000 902
127.000 1002
128.000 864
129.000 948
130.000 940
131.000 985
132.000 864
133.000 1016
134.000 985
135.000 902
136.000 977
137.000 902
138.000 902
139.000 940
140.000 918
141.000 1016
142.000 902
143.000 902
144.000 940
145.000 940
146.000 910
147.000 956
148.000 940
149.000 902
150.000 902
151.000 1024
152.000 940
153.000 902
154.000 940
155.000 940
156.000 902
157.000 910
158.000 940
159.000 902
160.000 940
161.000 940
162.000 864
163.000 948
164.000 902
165.000 872
166.000 796
167.000 910
168.000 902
169.000 902
170.000 940
171.000 956
172.000 864
173.000 977
174.000 940
175.000 902
176.000 902
177.000 902
178.000 940
179.000 976
180.000 864
181.000 940
182.000 977
183.000 902
184.000 940
185.000 940
186.000 977
187.000 910
188.000 902
189.000 902
190.000 940
191.000 940
192.000 864
193.000 910
194.000 940
195.000 970
196.000 1467
197.000 940
198.000 940
199.000 864
200.000 948
201.000 902
202.000 902
203.000 985
204.000 902
205.000 948
206.000 940
207.000 902
208.000 910
209.000 940
210.000 902
211.000 982
212.000 910
213.000 902
214.000 940
215.000 902
216.000 1252
217.000 900
218.000 977
219.000 902
220.000 902
221.000 940
222.000 940
223.000 902
224.000 940
225.000 942
226.000 1247
227.000 938
228.000 904
229.000 902
230.000 910
231.000 910
232.000 902
233.000 977
234.000 940
235.000 977
236.000 940
237.000 940
238.000 902
239.000 940
240.000 902
241.000 940
242.000 872
243.000 1276
244.000 3176
245.000 1534
246.000 940
247.000 948
248.000 977
249.000 864
250.000 902
251.000 940
252.000 976
253.000 940
254.000 940
255.000 902
256.000 940
257.000 902
258.000 940
259.000 902
260.000 977
261.000 902
262.000 977
263.000 976
264.000 940
265.000 864
266.000 948
267.000 910
268.000 902
269.000 940
270.000 902
271.000 940
272.000 940
273.000 864
274.000 977
275.000 948
276.000 864
277.000 940
278.000 902
279.000 940
280.000 902
281.000 910
282.000 940
283.000 864
284.000 870
285.000 940
286.000 864
287.000 956
288.000 977
289.000 940
290.000 864
291.000 977
292.000 902
293.000 902
294.000 977
295.000 902
296.000 902
297.000 1176
298.000 902
299.000 902
300.000 956
301.000 884
302.000 902
303.000 940
304.000 902
305.000 940
306.000 977
307.000 910
308.000 940
309.000 977
310.000 864
311.000 940
312.000 948
313.000 902
314.000 940
315.000 2324
316.000 1480
317.000 2725
318.000 2534
319.000 2020
320.000 2441
321.000 3615
322.000 2118
323.000 2454
324.000 2546
325.000 1784
326.000 1678
327.000 2098
328.000 1428
329.000 1496
330.000 2188
331.000 1946
332.000 2538
333.000 2712
334.000 2848
335.000 2608
336.000 2272
337.000 4308
338.000 2452
339.000 1830
340.000 2402
341.000 1818
342.000 2640
343.000 2174
344.000 1304
345.000 2337
346.000 1626
347.000 1955
348.000 3018
349.000 1130
350.000 3218
351.000 2792
352.000 2858
353.000 1670
354.000 1515
355.000 2106
356.000 1840
357.000 1827
358.000 946
359.000 2716
360.000 940
361.000 940
362.000 910
363.000 940
364.000 1585
365.000 940
366.000 2131
367.000 1675
368.000 985
369.000 1885
370.000 1492
371.000 1411
372.000 1300
373.000 3132
374.000 1176
375.000 1168
376.000 918
377.000 902
378.000 940
379.000 2110
380.000 2350
381.000 3464
382.000 3382
383.000 2236
384.000 2120
385.000 2304
386.000 2324
387.000 2548
388.000 864
389.000 910
390.000 1328
391.000 1048
392.000 1510
393.000 2464
394.000 902
395.000 1346
396.000 848
397.000 1314
398.000 1016
399.000 1138
400.000 977
401.000 2024
402.000 1184
403.000 977
404.000 1054
405.000 910
406.000 902
407.000 940
408.000 940
409.000 1016
410.000 864
411.000 940
412.000 940
413.000 796
414.000 864
415.000 940
416.000 902
417.000 940
418.000 1016
419.000 902
420.000 977
421.000 940
422.000 902
423.000 940
424.000 1084
425.000 902
426.000 902
427.000 872
428.000 902
429.000 902
430.000 720
431.000 1230
432.000 902
433.000 1518
434.000 2668
435.000 1648
436.000 2290
437.000 3010
438.000 1328
439.000 3244
440.000 2642
441.000 2166
442.000 1346
443.000 910
444.000 902
445.000 940
446.000 902
447.000 864
448.000 948
449.000 940
450.000 940
451.000 872
452.000 940
453.000 902
454.000 977
455.000 1610
456.000 960
457.000 977
458.000 940
459.000 940
460.000 1088
461.000 880
462.000 928
463.000 985
464.000 902
465.000 902
466.000 902
467.000 902
468.000 902
469.000 977
470.000 902
471.000 948
472.000 1704
473.000 1623
474.000 902
475.000 918
476.000 1658
477.000 977
478.000 1735
479.000 1016
480.000 1622
481.000 940
482.000 940
483.000 940
484.000 902
485.000 940
486.000 2019
487.000 902
488.000 948
489.000 902
490.000 940
491.000 910
492.000 902
493.000 977
494.000 902
495.000 712
496.000 1638
497.000 1226
498.000 864
499.000 910
500.000 940
501.000 902
502.000 940
503.000 940
504.000 940
505.000 902
506.000 1270
507.000 938
508.000 902
509.000 940
510.000 948
511.000 902
512.000 940
513.000 902
514.000 902
515.000 1016
516.000 977
517.000 880
518.000 977
519.000 902
520.000 910
521.000 977
522.000 864
523.000 902
524.000 910
525.000 864
526.000 902
527.000 910
528.000 902
529.000 1038
530.000 940
531.000 940
532.000 902
533.000 788
534.000 3588
535.000 938
536.000 698
537.000 938
538.000 910
539.000 940
540.000 902
541.000 902
542.000 902
543.000 904
544.000 902
545.000 1314
546.000 1016
547.000 842
548.000 940
549.000 902
550.000 902
551.000 985
552.000 1054
553.000 902
554.000 940
555.000 1016
556.000 2326
557.000 2204
558.000 2230
559.000 1680
560.000 1634
561.000 1610
562.000 3162
563.000 3040
564.000 2546
565.000 1336
566.000 977
567.000 940
568.000 902
569.000 976
570.000 940
571.000 940
572.000 940
573.000 902
574.000 902
575.000 977
576.000 1204
577.000 1362
578.000 910
579.000 902
580.000 910
581.000 977
582.000 902
583.000 902
584.000 1496
585.000 2510
586.000 2898
587.000 1908
588.000 1146
589.000 1748
590.000 1922
591.000 2226
592.000 1488
593.000 1230
594.000 910
595.000 1374
596.000 2646
597.000 2174
598.000 1908
599.000 2006
600.000 2176
601.000 2392
602.000 1832
603.000 2328
604.000 2258
605.000 826
606.000 1408
607.000 2486
608.000 2036
609.000 1694
610.000 1640
611.000 1306
612.000 2654
613.000 2512
614.000 2730
615.000 2828
616.000 2768
617.000 2356
618.000 2796
619.000 2014
620.000 2222
621.000 2458
622.000 2568
623.000 2440
624.000 2356
625.000 1892
626.000 2372
627.000 1922
628.000 2052
629.000 1490
630.000 1100
631.000 1138
632.000 940
633.000 1016
634.000 902
635.000 977
636.000 1054
637.000 2502
638.000 1512
639.000 1358
640.000 2522
641.000 1656
642.000 1016
643.000 1442
644.000 2416
645.000 940
646.000 940
647.000 902
648.000 977
649.000 902
650.000 940
651.000 940
652.000 970
653.000 940
654.000 956
655.000 902
656.000 948
657.000 920
658.000 1226
659.000 1194
660.000 2258
661.000 1284
662.000 1566
663.000 2530
664.000 1556
665.000 1816
666.000 1184
667.000 1398
668.000 1100
669.000 1534
670.000 977
671.000 2478
672.000 1656
673.000 2264
674.000 1730
675.000 2882
676.000 2784
677.000 1914
678.000 1100
679.000 1686
680.000 1290
681.000 1488
682.000 940
683.000 902
684.000 1100
685.000 1290
686.000 1488
687.000 1580
688.000 977
689.000 1800
690.000 2630
691.000 2532
692.000 2252
693.000 2380
694.000 2174
695.000 2606
696.000 1320
697.000 2350
698.000 2030
699.000 1260
700.000 940
701.000 940
702.000 940
703.000 902
704.000 940
705.000 940
706.000 940
707.000 864
708.000 1002
709.000 902
710.000 864
711.000 940
712.000 902
713.000 940
714.000 902
715.000 902
716.000 2388
717.000 2270
718.000 2136
719.000 1632
720.000 1952
721.000 2408
722.000 2266
723.000 2324
724.000 2690
725.000 2554
726.000 1466
727.000 1068
728.000 1130
729.000 1070
730.000 2278
731.000 1946
732.000 2218
733.000 2288
734.000 2036
735.000 1054
736.000 1062
737.000 1138
738.000 1192
739.000 1534
740.000 1192
741.000 2280
742.000 1092
743.000 2158
744.000 1132
745.000 1662
746.000 1634
747.000 1656
748.000 940
749.000 910
750.000 864
751.000 1219
752.000 940
753.000 902
754.000 940
755.000 676
756.000 1368
757.000 1024
758.000 1142
759.000 1328
760.000 2158
761.000 2448
762.000 2516
763.000 1872
764.000 2760
765.000 2204
766.000 2738
767.000 2074
768.000 1922
769.000 2610
770.000 2874
771.000 2698
772.000 1830
773.000 2258
774.000 2784
775.000 2892
776.000 1678
777.000 1496
778.000 2572
779.000 1760
780.000 2504
781.000 2660
782.000 1914
783.000 1092
784.000 2462
785.000 2378
786.000 2082
787.000 2152
788.000 2522
789.000 1702
790.000 2828
791.000 2564
792.000 2220
793.000 3096
794.000 2218
795.000 2160
796.000 2538
797.000 1656
798.000 2074
799.000 2540
800.000 2918
801.000 2510
802.000 1808
803.000 2320
804.000 2318
805.000 2218
806.000 2838
807.000 1930
808.000 1252
809.000 2082
810.000 1032
811.000 1016
812.000 902
813.000 985
814.000 940
815.000 1840
816.000 2790
817.000 2752
818.000 2602
819.000 2098
820.000 2896
821.000 2456
822.000 2336
823.000 2472
824.000 2096
825.000 1824
826.000 2472
827.000 2100
828.000 2564
829.000 2578
830.000 1732
831.000 1002
832.000 1146
833.000 1206
834.000 1976
835.000 2342
836.000 2602
837.000 2194
838.000 1366
839.000 2408
840.000 2516
841.000 2866
842.000 1320
843.000 1890
844.000 902
845.000 1040
846.000 1206
847.000 1564
848.000 1480
849.000 2630
850.000 1930
851.000 1054
852.000 2164
853.000 1876
854.000 2074
855.000 1580
856.000 2866
857.000 2440
858.000 1230
859.000 910
860.000 1130
861.000 2878
862.000 2570
863.000 1716
864.000 2926
865.000 2096
866.000 2006
867.000 1258
868.000 2736
869.000 2774
870.000 977
871.000 1510
872.000 1016
873.000 1564
874.000 940
875.000 1748
876.000 1710
877.000 938
878.000 2568
879.000 1474
880.000 1146
881.000 2058
882.000 1570
883.000 902
884.000 948
885.000 1344
886.000 2418
887.000 1032
888.000 1374
889.000 1374
890.000 2382
891.000 1832
892.000 2538
893.000 2348
894.000 1840
895.000 1656
896.000 2090
897.000 1808
898.000 902
899.000 1998
900.000 2522
901.000 1908
902.000 2464
903.000 1512
904.000 2546
905.000 2540
906.000 2884
907.000 2732
908.000 2272
909.000 985
910.000 1978
911.000 1656
912.000 2232
913.000 2442
914.000 2612
915.000 2624
916.000 1978
917.000 2342
918.000 2720
919.000 2324
920.000 2500
921.000 1298
922.000 2416
923.000 2254
924.000 2646
925.000 2744
926.000 2714
927.000 2494
928.000 2046
929.000 1496
930.000 1656
931.000 3218
932.000 2578
933.000 2950
934.000 2576
935.000 2720
936.000 2408
937.000 2904
938.000 3072
939.000 2678
940.000 2800
941.000 2642
942.000 2554
943.000 2372
944.000 2580
945.000 1932
946.000 2288
947.000 1016
948.000 1808
949.000 948
950.000 2362
951.000 2242
952.000 2180
953.000 1870
954.000 2760
955.000 2442
956.000 1876
957.000 2066
958.000 2554
959.000 2180
960.000 2568
961.000 1320
962.000 1544
963.000 1510
964.000 2644
965.000 1962
966.000 1656
967.000 1726
968.000 940
969.000 1748
970.000 2120
971.000 2248
972.000 2030
973.000 2020
974.000 2814
975.000 2364
976.000 2684
977.000 2836
978.000 2784
979.000 3066
980.000 2566
981.000 2418
982.000 2198
983.000 2538
984.000 2540
985.000 2100
986.000 2256
987.000 2342
988.000 2274
989.000 1024
990.000 1282
991.000 2006
992.000 2776
993.000 2656
994.000 2218
995.000 2484
996.000 2898
997.000 2150
998.000 2242
999.000 2456
1000.000 2572
1001.000 2027
1002.000 1244
1003.000 2000
1004.000 1184
1005.000 977
1006.000 1770
1007.000 1396
1008.000 1268
1009.000 2152
1010.000 1938
1011.000 2272
1012.000 1680
1013.000 1640
1014.000 1762
1015.000 2980
1016.000 1762
1017.000 2472
1018.000 2590
1019.000 2654
1020.000 1870
1021.000 1626
1022.000 1580
1023.000 2480
1024.000 2007
1025.000 1884
1026.000 2418
1027.000 2037
1028.000 1146
1029.000 1054
1030.000 902
1031.000 940
1032.000 940
1033.000 902
1034.000 902
1035.000 976
1036.000 900
1037.000 902
1038.000 977
1039.000 872
1040.000 902
1041.000 1062
1042.000 1116
1043.000 2174
1044.000 1998
1045.000 2380
1046.000 2524
1047.000 1876
1048.000 1032
1049.000 1206
1050.000 1034
1051.000 836
1052.000 1166
1053.000 1064
1054.000 1100
1055.000 1176
1056.000 1276
1057.000 1100
1058.000 3108
1059.000 2836
1060.000 1718
1061.000 1138
1062.000 1054
1063.000 976
1064.000 1113
1065.000 1623
1066.000 2904
1067.000 2408
1068.000 1054
1069.000 1181
1070.000 1143
1071.000 902
1072.000 872
1073.000 940
1074.000 948
1075.000 940
1076.000 864
1077.000 902
1078.000 977
1079.000 780
1080.000 1892
1081.000 770
1082.000 902
1083.000 902
1084.000 977
1085.000 378
1086.000 1930
1087.000 1151
1088.000 940
1089.000 977
1090.000 1154
1091.000 977
1092.000 934
1093.000 999
1094.000 910
1095.000 1016
1096.000 902
1097.000 994
1098.000 1232
1099.000 902
1100.000 948
1101.000 940
1102.000 940
1103.000 872
1104.000 940
1105.000 940
1106.000 940
1107.000 1181
1108.000 902
1109.000 3581
1110.000 1556
1111.000 2074
1112.000 2014
1113.000 2004
1114.000 1936
1115.000 1520
1116.000 2332
1117.000 2690
1118.000 2288
1119.000 2668
1120.000 1656
1121.000 2386
1122.000 977
1123.000 985
1124.000 2334
1125.000 2014
1126.000 2312
1127.000 2468
1128.000 2462
1129.000 2448
1130.000 2652
1131.000 2234
1132.000 2554
1133.000 1991
1134.000 1084
1135.000 872
1136.000 940
1137.000 1260
1138.000 2598
1139.000 1816
1140.000 1374
1141.000 1054
1142.000 948
1143.000 940
1144.000 902
1145.000 950
1146.000 910
1147.000 1016
1148.000 1046
1149.000 902
1150.000 902
1151.000 948
1152.000 902
1153.000 902
1154.000 1016
1155.000 864
1156.000 940
1157.000 1216
1158.000 864
1159.000 1480
1160.000 2706
1161.000 2043
1162.000 1604
1163.000 2500
1164.000 3020
1165.000 1800
1166.000 1634
1167.000 1738
1168.000 2198
1169.000 1886
1170.000 1442
1171.000 1788
1172.000 2152
1173.000 2378
1174.000 2882
1175.000 1962
1176.000 2058
1177.000 2600
1178.000 1184
1179.000 2608
1180.000 2006
1181.000 2648
1182.000 2736
1183.000 1214
1184.000 1564
1185.000 1062
1186.000 902
1187.000 2278
1188.000 2166
1189.000 2278
1190.000 2570
1191.000 1930
1192.000 2318
1193.000 2958
1194.000 2720
1195.000 1328
1196.000 2594
1197.000 2172
1198.000 2364
1199.000 2388
1200.000 2336
1201.000 2500
1202.000 1582
1203.000 1320
1204.000 1832
1205.000 1512
1206.000 1602
1207.000 2182
1208.000 1708
1209.000 2242
1210.000 2986
1211.000 1960
1212.000 1991
1213.000 940
1214.000 1700
1215.000 2600
1216.000 1952
1217.000 864
1218.000 1092
1219.000 1738
1220.000 2308
1221.000 2842
1222.000 2742
1223.000 2556
1224.000 2554
1225.000 2296
1226.000 1848
1227.000 940
1228.000 977
1229.000 1314
1230.000 2096
1231.000 1282
1232.000 2001
1233.000 1542
1234.000 2692
1235.000 2082
1236.000 2552
1237.000 1991
1238.000 1490
1239.000 2310
1240.000 2007
1241.000 1162
1242.000 2268
1243.000 2792
1244.000 1100
1245.000 1750
1246.000 1900
1247.000 2060
1248.000 2540
1249.000 1488
1250.000 1260
1251.000 1588
1252.000 2380
1253.000 2112
1254.000 1260
1255.000 1746
1256.000 1526
1257.000 1420
1258.000 1168
1259.000 1176
1260.000 1238
1261.000 1260
1262.000 1024
1263.000 1138
1264.000 2918
1265.000 2598
1266.000 2440
1267.000 1864
1268.000 1954
1269.000 2730
1270.000 1928
1271.000 1762
1272.000 2620
1273.000 2096
1274.000 1768
1275.000 1358
1276.000 1450
1277.000 902
1278.000 2304
1279.000 2188
1280.000 2718
1281.000 2022
1282.000 1492
1283.000 2334
1284.000 1252
1285.000 1404
1286.000 2516
1287.000 1396
1288.000 902
1289.000 864
1290.000 940
1291.000 902
1292.000 1260
1293.000 1716
1294.000 1024
1295.000 976
1296.000 1604
1297.000 1822
1298.000 2522
1299.000 2036
1300.000 2686
1301.000 1702
1302.000 1876
1303.000 1268
1304.000 2622
1305.000 1818
1306.000 2316
1307.000 902
1308.000 2504
1309.000 2706
1310.000 2212
1311.000 1694
1312.000 2478
1313.000 2500
1314.000 1298
1315.000 2198
1316.000 1374
1317.000 2288
1318.000 2830
1319.000 2434
1320.000 2174
1321.000 2830
1322.000 2268
1323.000 2486
1324.000 2700
1325.000 2538
1326.000 2840
1327.000 2638
1328.000 2580
1329.000 2532
1330.000 1554
1331.000 1788
1332.000 2084
1333.000 1762
1334.000 1740
1335.000 1686
1336.000 1146
1337.000 1480
1338.000 1322
1339.000 1482
1340.000 2474
1341.000 2212
1342.000 2320
1343.000 2268
1344.000 2374
1345.000 2848
1346.000 2766
1347.000 2388
1348.000 1536
1349.000 1200
1350.000 1070
1351.000 1366
1352.000 2180
1353.000 2310
1354.000 2000
1355.000 1244
1356.000 1976
1357.000 2394
1358.000 948
1359.000 1838
1360.000 1580
1361.000 1664
1362.000 1092
1363.000 977
1364.000 1260
1365.000 1838
1366.000 2754
1367.000 2408
1368.000 3150
1369.000 2608
1370.000 2692
1371.000 1390
1372.000 2118
1373.000 2586
1374.000 2594
1375.000 2660
1376.000 2352
1377.000 2066
1378.000 1404
1379.000 2220
1380.000 2424
1381.000 1016
1382.000 1252
1383.000 1168
1384.000 948
1385.000 1800
1386.000 2026
1387.000 1564
1388.000 1762
1389.000 2660
1390.000 2578
1391.000 2698
1392.000 2432
1393.000 1450
1394.000 1542
1395.000 2144
1396.000 2260
1397.000 3262
1398.000 2274
1399.000 2152
1400.000 1952
1401.000 2098
1402.000 1778
1403.000 1981
1404.000 2450
1405.000 2504
1406.000 2090
1407.000 2540
1408.000 2768
1409.000 2646
1410.000 1981
1411.000 2608
1412.000 2448
1413.000 2418
1414.000 2152
1415.000 2520
1416.000 2114
1417.000 2396
1418.000 2622
1419.000 2112
1420.000 2722
1421.000 3042
1422.000 2586
1423.000 2812
1424.000 2388
1425.000 2266
1426.000 2450
1427.000 2027
1428.000 1816
1429.000 2302
1430.000 2986
1431.000 2676
1432.000 2304
1433.000 2144
1434.000 2442
1435.000 2294
1436.000 2806
1437.000 2762
1438.000 2188
1439.000 3288
1440.000 2706
1441.000 2288
1442.000 2234
1443.000 2600
1444.000 2006
1445.000 2376
1446.000 2316
1447.000 1952
1448.000 2566
1449.000 2104
1450.000 2200
1451.000 2204
1452.000 2296
1453.000 2912
1454.000 2578
1455.000 2122
1456.000 1740
1457.000 2446
1458.000 2396
1459.000 1922
1460.000 2342
1461.000 2504
1462.000 2434
1463.000 1724
1464.000 1694
1465.000 2074
1466.000 2386
1467.000 2782
1468.000 2822
1469.000 2344
1470.000 2226
1471.000 2794
1472.000 2662
1473.000 1940
1474.000 1444
1475.000 2416
1476.000 2424
1477.000 1892
1478.000 3110
1479.000 2043
1480.000 2570
1481.000 2322
1482.000 2730
1483.000 2332
1484.000 2228
1485.000 1490
1486.000 1304
1487.000 904
1488.000 940
1489.000 1016
1490.000 977
1491.000 985
1492.000 1990
1493.000 2630
1494.000 2570
1495.000 2380
1496.000 1512
1497.000 940
1498.000 902
1499.000 977
1500.000 902
1501.000 902
1502.000 1594
1503.000 2548
1504.000 1792
1505.000 1840
1506.000 1040
1507.000 1258
1508.000 2084
1509.000 940
1510.000 940
1511.000 948
1512.000 966
1513.000 880
1514.000 940
1515.000 826
1516.000 1096
1517.000 902
1518.000 944
1519.000 1092
1520.000 2258
1521.000 1226
1522.000 1298
1523.000 1130
1524.000 940
1525.000 1054
1526.000 940
1527.000 948
1528.000 864
1529.000 940
1530.000 1062
1531.000 1016
1532.000 977
1533.000 902
1534.000 964
1535.000 1108
1536.000 908
1537.000 872
1538.000 1132
1539.000 1040
1540.000 910
1541.000 940
1542.000 902
1543.000 940
1544.000 1412
1545.000 1054
1546.000 2294
1547.000 1974
1548.000 2546
1549.000 2118
1550.000 2728
1551.000 2880
1552.000 2516
1553.000 1092
1554.000 1778
1555.000 1496
1556.000 1930
1557.000 1366
1558.000 1382
1559.000 796
1560.000 1182
1561.000 864
1562.000 1024
1563.000 946
1564.000 1070
1565.000 2060
1566.000 1436
1567.000 1346
1568.000 2228
1569.000 2036
1570.000 2128
1571.000 2190
1572.000 2408
1573.000 2394
1574.000 2614
1575.000 2942
1576.000 2538
1577.000 2222
1578.000 2604
1579.000 2532
1580.000 2768
1581.000 2820
1582.000 2508
1583.000 1360
1584.000 2037
1585.000 1252
1586.000 1634
1587.000 2578
1588.000 1860
1589.000 2672
1590.000 2696
1591.000 2316
1592.000 2242
1593.000 2646
1594.000 2712
1595.000 2426
1596.000 2372
1597.000 2538
1598.000 2242
1599.000 2782
1600.000 2460
1601.000 2434
1602.000 3150
1603.000 2312
1604.000 2532
1605.000 2754
1606.000 1290
1607.000 1484
1608.000 1138
1609.000 1954
1610.000 2362
1611.000 3048
1612.000 2920
1613.000 1658
1614.000 4084
1615.000 2340
1616.000 2012
1617.000 2528
1618.000 2318
1619.000 1776
1620.000 2462
1621.000 2304
1622.000 2328
1623.000 1998
1624.000 2043
1625.000 2482
1626.000 2928
1627.000 1610
1628.000 1786
1629.000 2386
1630.000 2556
1631.000 2288
1632.000 2426
1633.000 2758
1634.000 2716
1635.000 2774
1636.000 2858
1637.000 2860
1638.000 2192
1639.000 2172
1640.000 1132
1641.000 1358
1642.000 2120
1643.000 2240
1644.000 2074
1645.000 2692
1646.000 2058
1647.000 2320
1648.000 2556
1649.000 3310
1650.000 2698
1651.000 2646
1652.000 2128
1653.000 2872
1654.000 2668
1655.000 2942
1656.000 2920
1657.000 2464
1658.000 2638
1659.000 2694
1660.000 2206
1661.000 2272
1662.000 2912
1663.000 2818
1664.000 2040
1665.000 2790
1666.000 2690
1667.000 1894
1668.000 1994
1669.000 2378
1670.000 2508
1671.000 1991
1672.000 1978
1673.000 2468
1674.000 2690
1675.000 2212
1676.000 2386
1677.000 2814
1678.000 2372
1679.000 2576
1680.000 1854
1681.000 2258
1682.000 2926
1683.000 2632
1684.000 2726
1685.000 2114
1686.000 2574
1687.000 2516
1688.000 2802
1689.000 2070
1690.000 2998
1691.000 2364
1692.000 2718
1693.000 1762
1694.000 2180
1695.000 3102
1696.000 2446
1697.000 2698
1698.000 2434
1699.000 2446
1700.000 2776
1701.000 2788
1702.000 2410
1703.000 2514
1704.000 2980
1705.000 2642
1706.000 1708
1707.000 2060
1708.000 3350
1709.000 2734
1710.000 1222
1711.000 2668
1712.000 1634
1713.000 1418
1714.000 1792
1715.000 2532
1716.000 2926
1717.000 2052
1718.000 2124
1719.000 2386
1720.000 2358
1721.000 3282
1722.000 3012
1723.000 2776
1724.000 2576
1725.000 2966
1726.000 2120
1727.000 2282
1728.000 2808
1729.000 1900
1730.000 4130
1731.000 2518
1732.000 2046
1733.000 1102
1734.000 2214
1735.000 2066
1736.000 2212
1737.000 1422
1738.000 1968
1739.000 2442
1740.000 2526
1741.000 2662
1742.000 2648
1743.000 2664
1744.000 3116
1745.000 2200
1746.000 2784
1747.000 2768
1748.000 2566
1749.000 2174
1750.000 2007
1751.000 3064
1752.000 2456
1753.000 2478
1754.000 2264
1755.000 1130
1756.000 1330
1757.000 2090
1758.000 1572
1759.000 2592
1760.000 948
1761.000 864
1762.000 1436
1763.000 3040
1764.000 1784
1765.000 1930
1766.000 1472
1767.000 2020
1768.000 1762
1769.000 2660
1770.000 2660
1771.000 2486
1772.000 1965
1773.000 1358
1774.000 2340
1775.000 2668
1776.000 2030
1777.000 2328
1778.000 2426
1779.000 1792
1780.000 1382
1781.000 2464
1782.000 2462
1783.000 2304
1784.000 2434
1785.000 2830
1786.000 2418
1787.000 2486
1788.000 1816
1789.000 1298
1790.000 1298
1791.000 2442
1792.000 2290
1793.000 2790
1794.000 2934
1795.000 1886
1796.000 1534
1797.000 1894
1798.000 1986
1799.000 1490
1800.000 2810
1801.000 2348
1802.000 1382
1803.000 1306
1804.000 2074
1805.000 3024
1806.000 1946
1807.000 977
1808.000 1764
1809.000 2478
1810.000 2556
1811.000 1702
1812.000 1632
1813.000 1634
1814.000 2104
1815.000 2508
1816.000 2744
1817.000 2956
1818.000 1878
1819.000 2250
1820.000 2390
1821.000 2844
1822.000 2872
1823.000 2442
1824.000 2542
1825.000 2462
1826.000 2882
1827.000 1944
1828.000 2652
1829.000 2434
1830.000 2636
1831.000 1756
1832.000 1008
1833.000 1618
1834.000 1710
1835.000 2400
1836.000 2676
1837.000 2280
1838.000 2644
1839.000 2372
1840.000 2690
1841.000 1588
1842.000 2142
1843.000 2630
1844.000 2956
1845.000 1960
1846.000 2326
1847.000 2082
1848.000 2120
1849.000 2828
1850.000 2326
1851.000 2534
1852.000 2500
1853.000 2434
1854.000 2608
1855.000 2084
1856.000 1414
1857.000 1678
1858.000 2014
1859.000 938
1860.000 1568
1861.000 1054
1862.000 1550
1863.000 985
1864.000 1742
1865.000 1720
1866.000 956
1867.000 902
1868.000 904
1869.000 1016
1870.000 918
1871.000 985
1872.000 1138
1873.000 2598
1874.000 2540
1875.000 1262
1876.000 1024
1877.000 1084
1878.000 1046
1879.000 1062
1880.000 2730
1881.000 2130
1882.000 902
1883.000 1458
1884.000 1756
1885.000 1776
1886.000 2724
1887.000 2560
1888.000 2128
1889.000 2462
1890.000 2016
1891.000 2596
1892.000 2464
1893.000 2684
1894.000 2626
1895.000 2910
1896.000 2130
1897.000 2602
1898.000 2770
1899.000 2062
1900.000 2480
1901.000 2594
1902.000 2260
1903.000 2688
1904.000 1614
1905.000 2952
1906.000 2740
1907.000 2554
1908.000 2532
1909.000 2850
1910.000 2482
1911.000 2214
1912.000 1612
1913.000 1938
1914.000 2816
1915.000 2198
1916.000 2178
1917.000 2798
1918.000 2144
1919.000 2446
1920.000 2006
1921.000 2017
1922.000 1664
1923.000 2976
1924.000 2588
1925.000 2594
1926.000 2224
1927.000 2356
1928.000 2294
1929.000 2580
1930.000 2378
1931.000 2330
1932.000 1932
1933.000 2298
1934.000 2594
1935.000 1954
1936.000 1984
1937.000 2228
1938.000 3906
1939.000 2788
1940.000 2966
1941.000 2762
1942.000 2618
1943.000 3094
1944.000 2390
1945.000 2958
1946.000 2408
1947.000 2196
1948.000 1572
1949.000 1184
1950.000 2250
1951.000 2754
1952.000 2184
1953.000 2742
1954.000 3274
1955.000 2866
1956.000 2632
1957.000 1962
1958.000 2350
1959.000 2746
1960.000 2852
1961.000 2548
1962.000 2114
1963.000 2266
1964.000 2604
1965.000 1792
1966.000 1398
1967.000 1320
1968.000 2132
1969.000 2420
1970.000 2242
1971.000 2202
1972.000 2726
1973.000 2037
1974.000 2944
1975.000 2564
1976.000 2686
1977.000 2526
1978.000 2624
1979.000 2206
1980.000 2686
1981.000 2612
1982.000 2732
1983.000 2778
1984.000 2374
1985.000 2664
1986.000 2518
1987.000 2798
1988.000 2830
1989.000 2090
1990.000 2634
1991.000 2644
1992.000 2896
1993.000 2278
1994.000 1690
1995.000 2014
1996.000 1802
1997.000 1306
1998.000 1742
1999.000 1518
2000.000 1648
2001.000 2236
2002.000 1930
2003.000 1732
2004.000 2572
2005.000 2050
2006.000 2554
2007.000 2356
2008.000 2770
2009.000 2586
2010.000 2642
2011.000 2152
2012.000 2596
2013.000 1984
2014.000 2344
2015.000 2520
2016.000 2033
2017.000 2604
2018.000 1200
2019.000 3258
2020.000 1308
2021.000 1424
2022.000 1276
2023.000 1328
2024.000 1536
2025.000 1384
2026.000 1420
2027.000 1582
2028.000 1850
2029.000 2930
2030.000 2528
2031.000 1926
2032.000 1444
2033.000 1965
2034.000 2514
2035.000 1518
2036.000 1350
2037.000 1078
2038.000 1794
2039.000 1490
2040.000 1208
2041.000 2060
2042.000 1224
2043.000 1144
2044.000 948
2045.000 2130
2046.000 2518
2047.000 2402
2048.000 2326
2049.000 1512
2050.000 2198
2051.000 1544
2052.000 1222
2053.000 2646
2054.000 2328
2055.000 2512
2056.000 2448
2057.000 2670
2058.000 1984
2059.000 2500
2060.000 2944
2061.000 2630
2062.000 2626
2063.000 2832
2064.000 2252
2065.000 2450
2066.000 2166
2067.000 1572
2068.000 1938
2069.000 1040
2070.000 902
2071.000 1548
2072.000 1954
2073.000 2408
2074.000 2824
2075.000 2832
2076.000 2574
2077.000 2716
2078.000 2698
2079.000 2166
2080.000 2270
2081.000 2480
2082.000 2492
2083.000 2592
2084.000 1892
2085.000 1991
2086.000 1876
2087.000 1420
2088.000 1492
2089.000 1428
2090.000 2114
2091.000 1670
2092.000 2037
2093.000 2686
2094.000 2328
2095.000 2158
2096.000 2066
2097.000 2334
2098.000 2654
2099.000 2670
2100.000 2114
2101.000 2572
2102.000 1630
2103.000 1366
2104.000 1170
2105.000 2412
2106.000 1512
2107.000 1808
2108.000 3392
2109.000 2178
2110.000 2566
2111.000 2518
2112.000 2220
2113.000 1984
2114.000 1888
2115.000 2236
2116.000 2396
2117.000 2007
2118.000 2036
2119.000 2366
2120.000 2166
2121.000 1388
2122.000 1758
2123.000 2262
2124.000 2564
2125.000 2504
2126.000 2288
2127.000 2562
2128.000 1810
2129.000 2388
2130.000 2458
2131.000 2806
2132.000 1858
2133.000 940
2134.000 1048
2135.000 1870
2136.000 2198
2137.000 2618
2138.000 2502
2139.000 2656
2140.000 2260
2141.000 2130
2142.000 2037
2143.000 2268
2144.000 2700
2145.000 2976
2146.000 2320
2147.000 1991
2148.000 1798
2149.000 1906
2150.000 1406
2151.000 1512
2152.000 1054
2153.000 1390
2154.000 1510
2155.000 2868
2156.000 2326
2157.000 2946
2158.000 2332
2159.000 2602
2160.000 2032
2161.000 2188
2162.000 1024
2163.000 902
2164.000 1352
2165.000 1442
2166.000 1428
2167.000 1898
2168.000 1664
2169.000 1458
2170.000 1260
2171.000 902
2172.000 1032
2173.000 1588
2174.000 2116
2175.000 2014
2176.000 1868
2177.000 3048
2178.000 1962
2179.000 2200
2180.000 2588
2181.000 2284
2182.000 2410
2183.000 2254
2184.000 2274
2185.000 2394
2186.000 2960
2187.000 2292
2188.000 2606
2189.000 2416
2190.000 2218
2191.000 2334
2192.000 2346
2193.000 1984
2194.000 1108
2195.000 1846
2196.000 2532
2197.000 2070
2198.000 2556
2199.000 2046
2200.000 2906
2201.000 1482
2202.000 1720
2203.000 2850
2204.000 1904
2205.000 2434
2206.000 2590
2207.000 1812
2208.000 2722
2209.000 2122
2210.000 2986
2211.000 2500
2212.000 2396
2213.000 2884
2214.000 2032
2215.000 1260
2216.000 1186
2217.000 1402
2218.000 1254
2219.000 1192
2220.000 1398
2221.000 1868
2222.000 2594
2223.000 2320
2224.000 2222
2225.000 2752
2226.000 2630
2227.000 1906
2228.000 1800
2229.000 2678
2230.000 2070
2231.000 2114
2232.000 1074
2233.000 234
2234.000 2626
2235.000 7476
2236.000 12034
2237.000 2306
2238.000 1366
2239.000 1170
2240.000 1284
2241.000 2130
2242.000 2566
2243.000 1968
2244.000 2574
2245.000 2350
2246.000 2312
2247.000 2242
2248.000 2342
2249.000 2326
2250.000 1908
2251.000 1016
2252.000 1306
2253.000 2282
2254.000 2646
2255.000 1742
2256.000 2244
2257.000 1184
2258.000 1092
2259.000 1550
2260.000 2418
2261.000 2792
2262.000 1514
2263.000 1955
2264.000 1836
2265.000 2074
2266.000 2412
2267.000 2298
2268.000 1616
2269.000 1604
2270.000 1740
2271.000 1762
2272.000 1412
2273.000 1048
2274.000 902
2275.000 940
2276.000 1024
2277.000 940
2278.000 1062
2279.000 1826
2280.000 1984
2281.000 2304
2282.000 1998
2283.000 2398
2284.000 1162
2285.000 2007
2286.000 1672
2287.000 2646
2288.000 2496
2289.000 2528
2290.000 2936
2291.000 2594
2292.000 2376
2293.000 2754
2294.000 2152
2295.000 2772
2296.000 2186
2297.000 2362
2298.000 2814
2299.000 2448
2300.000 1610
2301.000 2220
2302.000 2354
2303.000 1808
2304.000 1306
2305.000 1748
2306.000 2242
2307.000 2054
2308.000 1648
2309.000 1298
2310.000 2844
2311.000 2488
2312.000 2412
2313.000 2636
2314.000 2752
2315.000 2448
2316.000 2388
2317.000 2344
2318.000 2528
2319.000 2466
2320.000 1624
2321.000 1184
2322.000 1398
2323.000 2312
2324.000 2262
2325.000 2694
2326.000 977
2327.000 940
2328.000 902
2329.000 2610
2330.000 1496
2331.000 2250
2332.000 2430
2333.000 2296
2334.000 1532
2335.000 1738
2336.000 2210
2337.000 1176
2338.000 940
2339.000 1162
2340.000 970
2341.000 1574
2342.000 1428
2343.000 1702
2344.000 2466
2345.000 2460
2346.000 2268
2347.000 2298
2348.000 2898
2349.000 2238
2350.000 1618
2351.000 1736
2352.000 2792
2353.000 2132
2354.000 2464
2355.000 2276
2356.000 2720
2357.000 2326
2358.000 2426
2359.000 1750
2360.000 2814
2361.000 2296
2362.000 2162
2363.000 2762
2364.000 1954
2365.000 2648
2366.000 2888
2367.000 2456
2368.000 3406
2369.000 2912
2370.000 2682
2371.000 2928
2372.000 1786
2373.000 1650
2374.000 1722
2375.000 1550
2376.000 1824
2377.000 1852
2378.000 2130
2379.000 2818
2380.000 2664
2381.000 2646
2382.000 2306
2383.000 2726
2384.000 1962
2385.000 2570
2386.000 2094
2387.000 1962
2388.000 2320
2389.000 2184
2390.000 2058
2391.000 1632
2392.000 1624
2393.000 1954
2394.000 2764
2395.000 1666
2396.000 2712
2397.000 2072
2398.000 2540
2399.000 2728
2400.000 2478
2401.000 1810
2402.000 2584
2403.000 2268
2404.000 1520
2405.000 1802
2406.000 1268
2407.000 1542
2408.000 2448
2409.000 1552
2410.000 2342
2411.000 1792
2412.000 902
2413.000 1046
2414.000 1990
2415.000 1786
2416.000 1458
2417.000 2840
2418.000 1498
2419.000 2019
2420.000 1116
2421.000 1116
2422.000 948
2423.000 940
2424.000 2820
2425.000 2142
2426.000 2142
2427.000 1976
2428.000 2280
2429.000 1976
2430.000 2334
2431.000 1794
2432.000 2804
2433.000 2692
2434.000 1542
2435.000 1308
2436.000 2206
2437.000 2402
2438.000 1108
2439.000 1960
2440.000 1336
2441.000 2286
2442.000 2928
2443.000 1436
2444.000 2258
2445.000 2768
2446.000 1922
2447.000 1944
2448.000 2258
2449.000 1260
2450.000 2060
2451.000 1596
2452.000 1702
2453.000 1952
2454.000 2340
2455.000 1240
2456.000 928
2457.000 916
2458.000 940
2459.000 956
2460.000 864
2461.000 902
2462.000 1108
2463.000 902
2464.000 940
2465.000 977
2466.000 902
2467.000 948
2468.000 910
2469.000 948
2470.000 864
2471.000 940
2472.000 888
2473.000 902
2474.000 1024
2475.000 902
2476.000 910
2477.000 1016
2478.000 872
2479.000 902
2480.000 902
2481.000 1008
2482.000 940
2483.000 1016
2484.000 985
2485.000 864
2486.000 910
2487.000 1084
2488.000 902
2489.000 940
2490.000 940
2491.000 940
2492.000 940
2493.000 984
2494.000 940
2495.000 940
2496.000 902
2497.000 902
2498.000 1013
2499.000 938
2500.000 902
2501.000 940
2502.000 902
2503.000 1664
2504.000 2692
2505.000 2562
2506.000 1702
2507.000 1078
2508.000 918
2509.000 1132
2510.000 1352
2511.000 1298
2512.000 902
2513.000 940
2514.000 1412
2515.000 2218
2516.000 2652
2517.000 2986
2518.000 2842
2519.000 2474
2520.000 2910
2521.000 2326
2522.000 2532
2523.000 1948
2524.000 2678
2525.000 2082
2526.000 1974
2527.000 1732
2528.000 985
2529.000 2060
2530.000 1984
2531.000 1116
2532.000 1458
2533.000 2488
2534.000 2250
2535.000 2142
2536.000 1880
2537.000 3080
2538.000 2043
2539.000 2356
2540.000 1860
2541.000 1306
2542.000 2226
2543.000 1352
2544.000 3064
2545.000 1550
2546.000 2120
2547.000 2098
2548.000 1206
2549.000 1496
2550.000 1708
2551.000 1936
2552.000 1648
2553.000 1642
2554.000 1306
2555.000 2294
2556.000 2408
2557.000 3146
2558.000 2486
2559.000 2318
2560.000 1822
2561.000 2500
2562.000 1184
2563.000 1200
2564.000 2168
2565.000 2340
2566.000 940
2567.000 940
2568.000 910
2569.000 864
2570.000 940
2571.000 940
2572.000 940
2573.000 902
2574.000 910
2575.000 948
2576.000 902
2577.000 977
2578.000 864
2579.000 910
2580.000 977
2581.000 902
2582.000 902
2583.000 910
2584.000 902
2585.000 864
2586.000 940
2587.000 1008
2588.000 902
2589.000 940
2590.000 902
2591.000 910
2592.000 902
2593.000 902
2594.000 864
2595.000 948
2596.000 940
2597.000 1008
2598.000 940
2599.000 884
2600.000 880
2601.000 940
2602.000 902
2603.000 946
2604.000 985
2605.000 902
2606.000 940
2607.000 994
2608.000 940
2609.000 902
2610.000 902
2611.000 985
2612.000 902
2613.000 940
2614.000 880
2615.000 1070
2616.000 1088
2617.000 864
2618.000 940
2619.000 977
2620.000 864
2621.000 940
2622.000 977
2623.000 940
2624.000 902
2625.000 977
2626.000 902
2627.000 2234
2628.000 2762
2629.000 2410
2630.000 2488
2631.000 2694
2632.000 2508
2633.000 1376
2634.000 1444
2635.000 2030
2636.000 2698
2637.000 2518
2638.000 2296
2639.000 1724
2640.000 2400
2641.000 2258
2642.000 2128
2643.000 1542
2644.000 1488
2645.000 2102
2646.000 1206
2647.000 1778
2648.000 2592
2649.000 2372
2650.000 864
2651.000 2272
2652.000 2616
2653.000 1512
2654.000 1981
2655.000 2052
2656.000 1254
2657.000 1668
2658.000 2844
2659.000 2050
2660.000 1314
2661.000 976
2662.000 2266
2663.000 2592
2664.000 2694
2665.000 2464
2666.000 1178
2667.000 1064
2668.000 1154
2669.000 1100
2670.000 1194
2671.000 1078
2672.000 2196
2673.000 1686
2674.000 2674
2675.000 2220
2676.000 1918
2677.000 2136
2678.000 1792
2679.000 1542
2680.000 2030
2681.000 2054
2682.000 2060
2683.000 1444
2684.000 1962
2685.000 2630
2686.000 1884
2687.000 1298
2688.000 1530
2689.000 2998
2690.000 1442
2691.000 1984
2692.000 940
2693.000 940
2694.000 2766
2695.000 2108
2696.000 1192
2697.000 2858
2698.000 2236
2699.000 2522
2700.000 2036
2701.000 2390
2702.000 1504
2703.000 1252
2704.000 1250
2705.000 864
2706.000 1130
2707.000 1146
2708.000 1476
2709.000 2158
2710.000 2196
2711.000 1480
2712.000 1428
2713.000 2724
2714.000 2668
2715.000 2228
2716.000 1078
2717.000 1048
2718.000 1344
2719.000 1272
2720.000 1352
2721.000 1542
2722.000 1066
2723.000 1188
2724.000 1372
2725.000 1308
2726.000 1430
2727.000 1148
2728.000 2022
2729.000 1398
2730.000 1108
2731.000 1116
2732.000 2370
2733.000 1838
2734.000 2788
2735.000 1504
2736.000 2130
2737.000 1054
2738.000 948
2739.000 2652
2740.000 2538
2741.000 2270
2742.000 2646
2743.000 2036
2744.000 2106
2745.000 2476
2746.000 2128
2747.000 2508
2748.000 940
2749.000 1604
2750.000 2310
2751.000 1618
2752.000 1290
2753.000 1312
2754.000 902
2755.000 1550
2756.000 1716
2757.000 1258
2758.000 902
2759.000 1526
2760.000 1922
2761.000 940
2762.000 1336
2763.000 1748
2764.000 1822
2765.000 2334
2766.000 1916
2767.000 2714
2768.000 2478
2769.000 1744
2770.000 1376
2771.000 1328
2772.000 1496
2773.000 2027
2774.000 1512
2775.000 1040
2776.000 1938
2777.000 1252
2778.000 1056
2779.000 956
2780.000 2692
2781.000 1474
2782.000 977
2783.000 902
2784.000 910
2785.000 910
2786.000 902
2787.000 940
2788.000 910
2789.000 902
2790.000 977
2791.000 977
2792.000 902
2793.000 970
2794.000 977
2795.000 902
2796.000 2546
2797.000 2756
2798.000 2130
2799.000 1520
2800.000 1906
2801.000 1762
2802.000 1518
2803.000 1206
2804.000 1610
2805.000 2288
2806.000 2958
2807.000 1908
2808.000 3146
2809.000 2500
2810.000 2496
2811.000 2674
2812.000 1792
2813.000 1830
2814.000 2548
2815.000 1222
2816.000 1146
2817.000 1656
2818.000 864
2819.000 948
2820.000 902
2821.000 940
2822.000 948
2823.000 902
2824.000 1138
2825.000 2212
2826.000 2540
2827.000 2444
2828.000 1930
2829.000 1998
2830.000 1588
2831.000 1472
2832.000 2006
2833.000 2074
2834.000 1252
2835.000 1702
2836.000 1960
2837.000 2892
2838.000 1932
2839.000 1162
2840.000 2342
2841.000 1670
2842.000 2174
2843.000 2576
2844.000 2348
2845.000 1778
2846.000 2226
2847.000 3030
2848.000 2396
2849.000 2758
2850.000 1748
2851.000 985
2852.000 1840
2853.000 864
2854.000 1306
2855.000 2158
2856.000 1694
2857.000 2076
2858.000 2584
2859.000 1232
2860.000 902
2861.000 1054
2862.000 940
2863.000 902
2864.000 872
2865.000 902
2866.000 902
2867.000 940
2868.000 974
2869.000 977
2870.000 940
2871.000 948
2872.000 902
2873.000 985
2874.000 902
2875.000 864
2876.000 940
2877.000 940
2878.000 864
2879.000 977
2880.000 1678
2881.000 2068
2882.000 1032
2883.000 2512
2884.000 3002
2885.000 1780
2886.000 3700
2887.000 2492
2888.000 1550
2889.000 1732
2890.000 1816
2891.000 1306
2892.000 1732
2893.000 1488
2894.000 2508
2895.000 2260
2896.000 1634
2897.000 1024
2898.000 902
2899.000 872
2900.000 940
2901.000 1046
2902.000 940
2903.000 977
2904.000 1678
2905.000 2022
2906.000 1138
2907.000 1552
2908.000 902
2909.000 1540
2910.000 1024
2911.000 1032
2912.000 1176
2913.000 1342
2914.000 2046
2915.000 1354
2916.000 1878
2917.000 902
2918.000 902
2919.000 976
2920.000 977
2921.000 902
2922.000 940
2923.000 1282
2924.000 2130
2925.000 1208
2926.000 2124
2927.000 2520
2928.000 1450
2929.000 2942
2930.000 2172
2931.000 1734
2932.000 1414
2933.000 1194
2934.000 2404
2935.000 2982
2936.000 1404
2937.000 1314
2938.000 1758
2939.000 1168
2940.000 1862
2941.000 1474
2942.000 1382
2943.000 1892
2944.000 1870
2945.000 1260
2946.000 902
2947.000 940
2948.000 902
2949.000 834
2950.000 970
2951.000 948
2952.000 940
2953.000 940
2954.000 902
2955.000 940
2956.000 940
2957.000 902
2958.000 910
2959.000 940
2960.000 902
2961.000 977
2962.000 940
2963.000 977
2964.000 918
2965.000 1046
2966.000 864
2967.000 940
2968.000 902
2969.000 902
2970.000 902
2971.000 977
2972.000 940
2973.000 977
2974.000 864
2975.000 938
2976.000 910
2977.000 902
2978.000 902
2979.000 1084
2980.000 902
2981.000 902
2982.000 902
2983.000 977
2984.000 902
2985.000 940
2986.000 864
2987.000 902
2988.000 977
2989.000 864
2990.000 985
2991.000 948
2992.000 864
2993.000 940
2994.000 948
2995.000 940
2996.000 864
2997.000 977
2998.000 902
2999.000 940
3000.000 940
3001.000 902
3002.000 940
3003.000 977
3004.000 940
3005.000 902
3006.000 977
3007.000 938
3008.000 864
3009.000 977
3010.000 966
3011.000 824
3012.000 1048
3013.000 902
3014.000 910
3015.000 940
3016.000 902
3017.000 902
3018.000 940
3019.000 902
3020.000 902
3021.000 940
3022.000 940
3023.000 902
3024.000 948
3025.000 940
3026.000 902
3027.000 902
3028.000 910
3029.000 902
3030.000 977
3031.000 902
3032.000 902
3033.000 977
3034.000 972
3035.000 902
3036.000 977
3037.000 902
3038.000 902
3039.000 948
3040.000 940
3041.000 864
3042.000 977
3043.000 936
3044.000 882
3045.000 940
3046.000 902
3047.000 944
3048.000 977
3049.000 898
3050.000 1122
3051.000 977
3052.000 880
3053.000 888
3054.000 1138
3055.000 902
3056.000 926
3057.000 1024
3058.000 902
3059.000 977
3060.000 956
3061.000 880
3062.000 720
3063.000 1058
3064.000 902
3065.000 864
3066.000 985
3067.000 902
3068.000 948
3069.000 910
3070.000 940
3071.000 902
3072.000 940
3073.000 940
3074.000 940
3075.000 902
3076.000 940
3077.000 902
3078.000 940
3079.000 864
3080.000 902
3081.000 977
3082.000 940
3083.000 864
3084.000 985
3085.000 940
3086.000 938
3087.000 940
3088.000 940
3089.000 902
3090.000 902
3091.000 902
3092.000 902
3093.000 1016
3094.000 864
3095.000 902
3096.000 940
3097.000 940
3098.000 902
3099.000 948
3100.000 902
3101.000 940
3102.000 902
3103.000 940
3104.000 902
3105.000 1016
3106.000 864
3107.000 902
3108.000 910
3109.000 902
3110.000 1128
3111.000 940
3112.000 977
3113.000 864
3114.000 977
3115.000 940
3116.000 864
3117.000 940
3118.000 902
3119.000 864
3120.000 940
3121.000 1084
3122.000 940
3123.000 902
3124.000 910
3125.000 902
3126.000 940
3127.000 918
3128.000 864
3129.000 910
3130.000 872
3131.000 1072
3132.000 950
3133.000 910
3134.000 918
3135.000 868
3136.000 902
3137.000 990
3138.000 902
3139.000 864
3140.000 994
3141.000 918
3142.000 872
3143.000 910
3144.000 985
3145.000 1046
3146.000 902
3147.000 750
3148.000 1474
3149.000 872
3150.000 902
3151.000 1024
3152.000 1021
3153.000 902
3154.000 2976
3155.000 2556
3156.000 2300
3157.000 2220
3158.000 1306
3159.000 1482
3160.000 5860
3161.000 2092
3162.000 2350
3163.000 2061
3164.000 2000
3165.000 1962
3166.000 2844
3167.000 1518
3168.000 1138
3169.000 1024
3170.000 1078
3171.000 1718
3172.000 2062
3173.000 2126
3174.000 4682
3175.000 1960
3176.000 2418
3177.000 1120
3178.000 3153
3179.000 2524
3180.000 2366
3181.000 2970
3182.000 2438
3183.000 2786
3184.000 2222
3185.000 2794
3186.000 1976
3187.000 2544
3188.000 2343
3189.000 3926
3190.000 3561
3191.000 2850
3192.000 1802
3193.000 2204
3194.000 2260
3195.000 2584
3196.000 1390
3197.000 1366
3198.000 5543
3199.000 3526
3200.000 2258
3201.000 2516
3202.000 2606
3203.000 2546
3204.000 1670
3205.000 910
3206.000 872
3207.000 2236
3208.000 1336
3209.000 1016
3210.000 1856
3211.000 1116
3212.000 940
3213.000 1114
3214.000 977
3215.000 948
3216.000 1076
3217.000 2388
3218.000 2006
3219.000 1268
3220.000 1816
3221.000 1214
3222.000 1092
3223.000 1968
3224.000 2030
3225.000 2520
3226.000 1894
3227.000 1140
3228.000 2494
3229.000 2058
3230.000 977
3231.000 1938
3232.000 2448
3233.000 1620
3234.000 3184
3235.000 1740
3236.000 2486
3237.000 2670
3238.000 1596
3239.000 1702
3240.000 902
3241.000 1032
3242.000 2554
3243.000 1756
3244.000 972
3245.000 977
3246.000 902
3247.000 940
3248.000 910
3249.000 940
3250.000 902
3251.000 1142
3252.000 1430
3253.000 1574
3254.000 1776
3255.000 1488
3256.000 1420
3257.000 1084
3258.000 940
3259.000 940
3260.000 1024
3261.000 940
3262.000 902
3263.000 1006
3264.000 1298
3265.000 1252
3266.000 1884
3267.000 1092
3268.000 788
3269.000 1260
3270.000 948
3271.000 977
3272.000 940
3273.000 1086
3274.000 2388
3275.000 1558
3276.000 2072
3277.000 1392
3278.000 2442
3279.000 1330
3280.000 940
3281.000 940
3282.000 940
3283.000 1084
3284.000 948
3285.000 940
3286.000 932
3287.000 956
3288.000 948
3289.000 956
3290.000 918
3291.000 1016
3292.000 940
3293.000 902
3294.000 910
3295.000 985
3296.000 902
3297.000 948
3298.000 940
3299.000 864
3300.000 1024
3301.000 872
3302.000 940
3303.000 1084
3304.000 902
3305.000 1064
3306.000 977
3307.000 977
3308.000 834
3309.000 1062
3310.000 940
3311.000 902
3312.000 940
3313.000 940
3314.000 910
3315.000 956
3316.000 948
3317.000 902
3318.000 1016
3319.000 946
3320.000 940
3321.000 985
3322.000 864
3323.000 940
3324.000 940
3325.000 977
3326.000 902
3327.000 1084
3328.000 940
3329.000 902
3330.000 940
3331.000 977
3332.000 1046
3333.000 864
3334.000 1016
3335.000 940
3336.000 864
3337.000 948
3338.000 902
3339.000 1056
3340.000 1134
3341.000 864
3342.000 910
3343.000 977
3344.000 1054
3345.000 910
3346.000 1276
3347.000 910
3348.000 902
3349.000 985
3350.000 940
3351.000 910
3352.000 977
3353.000 902
3354.000 977
3355.000 1398
3356.000 864
3357.000 880
3358.000 1016
3359.000 948
3360.000 902
3361.000 910
3362.000 938
3363.000 902
3364.000 902
3365.000 940
3366.000 910
3367.000 1054
3368.000 972
3369.000 902
3370.000 880
3371.000 1016
3372.000 948
3373.000 1046
3374.000 940
3375.000 976
3376.000 862
3377.000 1506
3378.000 902
3379.000 940
3380.000 940
3381.000 910
3382.000 948
3383.000 1013
3384.000 985
3385.000 940
3386.000 1008
3387.000 940
3388.000 940
3389.000 940
3390.000 902
3391.000 828
3392.000 1013
3393.000 940
3394.000 902
3395.000 1013
3396.000 940
3397.000 902
3398.000 977
3399.000 902
3400.000 902
3401.000 1032
3402.000 1013
3403.000 902
3404.000 910
3405.000 902
3406.000 1016
3407.000 904
3408.000 1084
3409.000 454
3410.000 2076
3411.000 3154
3412.000 864
3413.000 976
3414.000 977
3415.000 864
3416.000 985
3417.000 910
3418.000 902
3419.000 940
3420.000 902
3421.000 902
3422.000 742
3423.000 1564
3424.000 902
3425.000 940
3426.000 940
3427.000 902
3428.000 864
3429.000 977
3430.000 902
3431.000 902
3432.000 1016
3433.000 902
3434.000 902
3435.000 910
3436.000 910
3437.000 940
3438.000 977
3439.000 902
3440.000 902
3441.000 977
3442.000 864
3443.000 956
3444.000 940
3445.000 902
3446.000 902
3447.000 940
3448.000 910
3449.000 902
3450.000 902
3451.000 2174
3452.000 2432
3453.000 1496
3454.000 1496
3455.000 2226
3456.000 2684
3457.000 2372
3458.000 2328
3459.000 1981
3460.000 2386
3461.000 1366
3462.000 2334
3463.000 2030
3464.000 2754
3465.000 3596
3466.000 2724
3467.000 1854
3468.000 1108
3469.000 1054
3470.000 902
3471.000 910
3472.000 940
3473.000 940
3474.000 977
3475.000 940
3476.000 910
3477.000 940
3478.000 976
3479.000 940
3480.000 902
3481.000 948
3482.000 940
3483.000 902
3484.000 940
3485.000 940
3486.000 864
3487.000 977
3488.000 940
3489.000 940
3490.000 977
3491.000 864
3492.000 902
3493.000 1013
3494.000 940
3495.000 864
3496.000 940
3497.000 977
3498.000 900
3499.000 977
3500.000 910
3501.000 902
3502.000 904
3503.000 902
3504.000 864
3505.000 942
3506.000 1084
3507.000 864
3508.000 1462
3509.000 864
3510.000 902
3511.000 940
3512.000 864
3513.000 1146
3514.000 64
