# Slice: URLLC | 10.215.173.1:49006 -> 112.217.128.201:15208 (UDP)
# offset_sec  packet_size_bytes
0.000 2126
1.000 14339
2.000 17678
3.000 19486
4.000 19734
5.000 18344
6.000 17962
7.000 14560
8.000 17060
9.000 19446
10.000 19252
11.000 15268
12.000 16313
13.000 17916
14.000 15558
15.000 15772
16.000 15868
17.000 18002
18.000 18740
19.000 18050
20.000 15907
21.000 14214
22.000 14038
23.000 14100
24.000 14570
25.000 14820
26.000 13380
27.000 14598
28.000 16864
29.000 13168
30.000 14836
31.000 13912
32.000 14124
33.000 16260
34.000 18470
35.000 19714
36.000 19704
37.000 17974
38.000 17102
39.000 19660
40.000 14492
41.000 15320
42.000 19040
43.000 15284
44.000 14300
45.000 16096
46.000 12968
47.000 14888
48.000 13702
49.000 14062
50.000 14010
51.000 15746
52.000 15242
53.000 15204
54.000 13268
55.000 14556
56.000 14582
57.000 14364
58.000 14786
59.000 13892
60.000 13992
61.000 14928
62.000 14464
63.000 13994
64.000 14462
65.000 14834
66.000 13756
67.000 14804
68.000 13994
69.000 14494
70.000 14690
71.000 17492
72.000 20406
73.000 13810
74.000 14772
75.000 14212
76.000 13810
77.000 13404
78.000 14228
79.000 14198
80.000 25906
81.000 13408
82.000 13876
83.000 13826
84.000 16074
85.000 14010
86.000 14212
87.000 27660
88.000 14124
89.000 13676
90.000 14732
91.000 14502
92.000 13944
93.000 14144
94.000 14464
95.000 14534
96.000 13876
97.000 14754
98.000 13810
99.000 15324
100.000 16672
101.000 16378
102.000 14694
103.000 14464
104.000 15596
105.000 13286
106.000 13740
107.000 15661
108.000 15052
109.000 13190
110.000 14048
111.000 13896
112.000 13874
113.000 14182
114.000 13222
115.000 14598
116.000 14600
117.000 14532
118.000 14466
119.000 13874
120.000 14804
121.000 14974
122.000 13876
123.000 13258
124.000 14056
125.000 14464
126.000 14080
127.000 13112
128.000 14464
129.000 18390
130.000 21060
131.000 20400
132.000 18858
133.000 18406
134.000 20218
135.000 19656
136.000 18964
137.000 16814
138.000 15772
139.000 16764
140.000 20544
141.000 19608
142.000 17420
143.000 19760
144.000 15642
145.000 17416
146.000 15060
147.000 19376
148.000 18250
149.000 18158
150.000 20564
151.000 21536
152.000 20808
153.000 20542
154.000 20504
155.000 16702
156.000 19588
157.000 19188
158.000 17986
159.000 16956
160.000 17042
161.000 18766
162.000 17332
163.000 19836
164.000 19568
165.000 22484
166.000 19382
167.000 15684
168.000 17212
169.000 19052
170.000 15600
171.000 19124
172.000 17580
173.000 15542
174.000 14182
175.000 13874
176.000 16014
177.000 13834
178.000 16744
179.000 14966
180.000 19120
181.000 17086
182.000 17208
183.000 19838
184.000 18982
185.000 17252
186.000 14300
187.000 16408
188.000 19140
189.000 20074
190.000 16081
191.000 19942
192.000 17264
193.000 15284
194.000 18510
195.000 17372
196.000 19958
197.000 19700
198.000 17978
199.000 19582
200.000 18698
201.000 20558
202.000 17636
203.000 17732
204.000 20670
205.000 17058
206.000 21306
207.000 18886
208.000 16208
209.000 13980
210.000 13740
211.000 14166
212.000 15052
213.000 14010
214.000 13690
215.000 18964
216.000 13794
217.000 15276
218.000 15316
219.000 14010
220.000 13944
221.000 13962
222.000 13992
223.000 13826
224.000 13874
225.000 14464
226.000 14016
227.000 13756
228.000 15422
229.000 14670
230.000 13874
231.000 14820
232.000 13712
233.000 13972
234.000 15052
235.000 14938
236.000 15168
237.000 13286
238.000 13928
239.000 13892
240.000 14446
241.000 13480
242.000 13740
243.000 14010
244.000 13872
245.000 14852
246.000 13032
247.000 14620
248.000 14716
249.000 13914
250.000 13944
251.000 14080
252.000 13756
253.000 14080
254.000 13836
255.000 14086
256.000 14042
257.000 19242
258.000 13740
259.000 13874
260.000 14824
261.000 14820
262.000 14010
263.000 14400
264.000 14600
265.000 13890
266.000 13810
267.000 13286
268.000 14718
269.000 14162
270.000 14970
271.000 14550
272.000 23312
273.000 14030
274.000 14010
275.000 14114
276.000 15324
277.000 13440
278.000 14670
279.000 13740
280.000 16642
281.000 15562
282.000 19968
283.000 33274
284.000 20220
285.000 18228
286.000 19640
287.000 16052
288.000 16602
289.000 19326
290.000 20324
291.000 16664
292.000 17548
293.000 16746
294.000 18086
295.000 18786
296.000 17922
297.000 16670
298.000 14448
299.000 16780
300.000 15978
301.000 17644
302.000 16610
303.000 20528
304.000 18946
305.000 15680
306.000 14404
307.000 13964
308.000 19328
309.000 15784
310.000 17976
311.000 20222
312.000 17280
313.000 19934
314.000 18196
315.000 14904
316.000 15694
317.000 20806
318.000 17930
319.000 14492
320.000 14834
321.000 18492
322.000 19464
323.000 19434
324.000 16014
325.000 19538
326.000 29726
327.000 22094
328.000 16636
329.000 17134
330.000 17054
331.000 17246
332.000 15464
333.000 15670
334.000 17370
335.000 20290
336.000 21156
337.000 15122
338.000 17402
339.000 18192
340.000 15264
341.000 18170
342.000 17020
343.000 18622
344.000 16247
345.000 15352
346.000 16148
347.000 16032
348.000 14780
349.000 18448
350.000 16588
351.000 15650
352.000 14340
353.000 18412
354.000 17922
355.000 19314
356.000 20064
357.000 17260
358.000 19304
359.000 18052
360.000 18218
361.000 19144
362.000 15600
363.000 17506
364.000 18962
365.000 18958
366.000 20800
367.000 19662
368.000 20838
369.000 16970
370.000 21310
371.000 19268
372.000 18926
373.000 19150
374.000 19198
375.000 15860
376.000 17034
377.000 18716
378.000 16532
379.000 18342
380.000 18996
381.000 15932
382.000 17590
383.000 15304
384.000 13328
385.000 16506
386.000 18232
387.000 14652
388.000 16190
389.000 17812
390.000 19544
391.000 21716
392.000 19364
393.000 15750
394.000 16100
395.000 16762
396.000 16634
397.000 15938
398.000 19070
399.000 19624
400.000 19804
401.000 18000
402.000 17564
403.000 17496
404.000 19014
405.000 19118
406.000 16888
407.000 14270
408.000 15256
409.000 16004
410.000 18434
411.000 19964
412.000 19664
413.000 16228
414.000 14804
415.000 15616
416.000 18818
417.000 19564
418.000 18804
419.000 15418
420.000 15793
421.000 15388
422.000 17892
423.000 18304
424.000 19220
425.000 14366
426.000 15392
427.000 14482
428.000 13188
429.000 13962
430.000 13858
431.000 14058
432.000 13152
433.000 13944
434.000 14630
435.000 14566
436.000 13286
437.000 14078
438.000 13876
439.000 13874
440.000 14398
441.000 14080
442.000 14716
443.000 13946
444.000 13756
445.000 13992
446.000 14534
447.000 13858
448.000 14480
449.000 14686
450.000 17850
451.000 17782
452.000 17076
453.000 16664
454.000 20254
455.000 17766
456.000 15116
457.000 19466
458.000 20952
459.000 18512
460.000 20912
461.000 19572
462.000 19452
463.000 20148
464.000 22404
465.000 17928
466.000 18028
467.000 21552
468.000 19934
469.000 18924
470.000 21404
471.000 20460
472.000 21394
473.000 20860
474.000 17536
475.000 15737
476.000 19610
477.000 18818
478.000 19488
479.000 20296
480.000 19440
481.000 20608
482.000 21270
483.000 17594
484.000 17992
485.000 32090
486.000 17108
487.000 18808
488.000 16180
489.000 15636
490.000 20170
491.000 21522
492.000 20818
493.000 19560
494.000 18146
495.000 17746
496.000 18980
497.000 18362
498.000 18168
499.000 17456
500.000 16306
501.000 20682
502.000 17154
503.000 17312
504.000 18680
505.000 19630
506.000 20504
507.000 18912
508.000 16818
509.000 21210
510.000 17690
511.000 17496
512.000 15426
513.000 15586
514.000 19426
515.000 18826
516.000 20110
517.000 19734
518.000 20330
519.000 19416
520.000 19628
521.000 18278
522.000 17246
523.000 18212
524.000 19772
525.000 19852
526.000 22722
527.000 20648
528.000 19570
529.000 19490
530.000 17404
531.000 15800
532.000 19888
533.000 19034
534.000 19304
535.000 18746
536.000 21196
537.000 18106
538.000 18524
539.000 17012
540.000 18160
541.000 18310
542.000 17782
543.000 19742
544.000 20666
545.000 19062
546.000 17640
547.000 16650
548.000 20172
549.000 20060
550.000 19414
551.000 19320
552.000 17686
553.000 21388
554.000 18128
555.000 21164
556.000 20008
557.000 19860
558.000 19606
559.000 20204
560.000 22802
561.000 22112
562.000 19166
563.000 19332
564.000 21574
565.000 20820
566.000 19618
567.000 31635
568.000 23018
569.000 20470
570.000 20344
571.000 21028
572.000 30554
573.000 20670
574.000 21194
575.000 20494
576.000 22052
577.000 22284
578.000 17358
579.000 20062
580.000 18344
581.000 17248
582.000 25614
583.000 16195
584.000 20396
585.000 20174
586.000 20364
587.000 20934
588.000 18486
589.000 18350
590.000 20846
591.000 19752
592.000 22620
593.000 20524
594.000 20068
595.000 21026
596.000 17472
597.000 19502
598.000 20478
599.000 19926
600.000 20008
601.000 18350
602.000 22128
603.000 22548
604.000 17094
605.000 16868
606.000 16378
607.000 18792
608.000 17000
609.000 18304
610.000 19486
611.000 19318
612.000 20734
613.000 20410
614.000 19130
615.000 19514
616.000 21200
617.000 19588
618.000 18256
619.000 19022
620.000 17662
621.000 20098
622.000 33892
623.000 18578
624.000 15808
625.000 19634
626.000 14772
627.000 19054
628.000 15958
629.000 14702
630.000 14800
631.000 14994
632.000 14214
633.000 16836
634.000 14066
635.000 17180
636.000 21494
637.000 16992
638.000 22660
639.000 18970
640.000 20110
641.000 20338
642.000 19292
643.000 22372
644.000 21172
645.000 19784
646.000 21548
647.000 22216
648.000 20670
649.000 18526
650.000 20840
651.000 18592
652.000 19060
653.000 20342
654.000 21344
655.000 18904
656.000 19668
657.000 20300
658.000 20096
659.000 17808
660.000 20106
661.000 21166
662.000 16930
663.000 27102
664.000 20374
665.000 18576
666.000 18542
667.000 29894
668.000 24184
669.000 19648
670.000 18238
671.000 19282
672.000 20692
673.000 21098
674.000 21146
675.000 20248
676.000 18014
677.000 19500
678.000 21636
679.000 20786
680.000 19194
681.000 14210
682.000 15008
683.000 21748
684.000 27638
685.000 19978
686.000 17808
687.000 19492
688.000 17912
689.000 19272
690.000 18860
691.000 19392
692.000 18448
693.000 14344
694.000 17484
695.000 16848
696.000 19242
697.000 19150
698.000 19506
699.000 20486
700.000 19730
701.000 19754
702.000 18312
703.000 19932
704.000 22552
705.000 16944
706.000 14118
707.000 17148
708.000 18624
709.000 33612
710.000 16157
711.000 18096
712.000 18324
713.000 17176
714.000 23642
715.000 30280
716.000 19394
717.000 20746
718.000 19344
719.000 18054
720.000 18366
721.000 20178
722.000 20108
723.000 20262
724.000 20894
725.000 20748
726.000 21994
727.000 18628
728.000 23050
729.000 35504
730.000 18778
731.000 18806
732.000 19410
733.000 20316
734.000 18200
735.000 19762
736.000 18546
737.000 18280
738.000 17530
739.000 18676
740.000 16820
741.000 18188
742.000 16884
743.000 14716
744.000 17710
745.000 17192
746.000 17730
747.000 17172
748.000 18396
749.000 18798
750.000 19224
751.000 18894
752.000 19662
753.000 15982
754.000 13338
755.000 18618
756.000 18394
757.000 21404
758.000 19976
759.000 15242
760.000 20872
761.000 18892
762.000 18002
763.000 18466
764.000 20102
765.000 17754
766.000 19502
767.000 18900
768.000 19522
769.000 19570
770.000 19382
771.000 16848
772.000 25452
773.000 15522
774.000 18012
775.000 18900
776.000 17686
777.000 16670
778.000 15890
779.000 16070
780.000 19912
781.000 19204
782.000 16858
783.000 19032
784.000 15384
785.000 17914
786.000 21324
787.000 35926
788.000 19300
789.000 18746
790.000 19152
791.000 19366
792.000 19120
793.000 16792
794.000 17954
795.000 15192
796.000 16776
797.000 15540
798.000 14514
799.000 16464
800.000 15226
801.000 18102
802.000 18068
803.000 15866
804.000 17752
805.000 20464
806.000 20702
807.000 17584
808.000 15142
809.000 20396
810.000 19428
811.000 17846
812.000 15590
813.000 17494
814.000 19158
815.000 18108
816.000 18194
817.000 18530
818.000 17932
819.000 18124
820.000 19504
821.000 18106
822.000 18480
823.000 17514
824.000 17074
825.000 17524
826.000 19272
827.000 18564
828.000 19700
829.000 18520
830.000 18172
831.000 17628
832.000 19654
833.000 21570
834.000 16814
835.000 16602
836.000 14710
837.000 19090
838.000 15088
839.000 17524
840.000 19298
841.000 19990
842.000 17044
843.000 17082
844.000 16470
845.000 16522
846.000 16208
847.000 14918
848.000 13150
849.000 14786
850.000 15330
851.000 20058
852.000 17774
853.000 17636
854.000 17328
855.000 18698
856.000 14172
857.000 13994
858.000 14080
859.000 13874
860.000 20182
861.000 19142
862.000 15775
863.000 14598
864.000 17988
865.000 16129
866.000 14732
867.000 14356
868.000 13874
869.000 14238
870.000 13848
871.000 14804
872.000 18084
873.000 20394
874.000 20128
875.000 17476
876.000 17002
877.000 16136
878.000 19180
879.000 17560
880.000 18132
881.000 14510
882.000 19654
883.000 13550
884.000 19298
885.000 20074
886.000 19902
887.000 35392
888.000 16566
889.000 17726
890.000 18292
891.000 18364
892.000 16800
893.000 20618
894.000 18040
895.000 19252
896.000 17624
897.000 16378
898.000 17496
899.000 17804
900.000 17802
901.000 15855
902.000 15935
903.000 20040
904.000 15474
905.000 19492
906.000 20288
907.000 18442
908.000 19936
909.000 19338
910.000 14386
911.000 13268
912.000 13876
913.000 14754
914.000 17122
915.000 17844
916.000 16336
917.000 19518
918.000 14858
919.000 14356
920.000 14356
921.000 14276
922.000 15432
923.000 14066
924.000 17428
925.000 18274
926.000 18886
927.000 19280
928.000 17652
929.000 19236
930.000 20538
931.000 36612
932.000 20820
933.000 20012
934.000 14522
935.000 14446
936.000 16600
937.000 17866
938.000 17654
939.000 17452
940.000 14308
941.000 14082
942.000 15817
943.000 14956
944.000 14664
945.000 14314
946.000 15696
947.000 16080
948.000 17416
949.000 18228
950.000 19940
951.000 19218
952.000 18480
953.000 17500
954.000 21372
955.000 15888
956.000 19470
957.000 16998
958.000 23430
959.000 13916
960.000 14964
961.000 15162
962.000 21664
963.000 20604
964.000 18242
965.000 13798
966.000 17236
967.000 19864
968.000 15830
969.000 14480
970.000 14010
971.000 13848
972.000 14102
973.000 18224
974.000 18624
975.000 16430
976.000 15921
977.000 16950
978.000 18242
979.000 17474
980.000 16430
981.000 18130
982.000 19226
983.000 19052
984.000 22214
985.000 22358
986.000 20186
987.000 22410
988.000 21866
989.000 20516
990.000 19524
991.000 20038
992.000 16966
993.000 21956
994.000 19276
995.000 21514
996.000 18106
997.000 16816
998.000 19532
999.000 23460
1000.000 31822
1001.000 20050
1002.000 18136
1003.000 21374
1004.000 19516
1005.000 20666
1006.000 23138
1007.000 18748
1008.000 22898
1009.000 19364
1010.000 19846
1011.000 17398
1012.000 19634
1013.000 18512
1014.000 17924
1015.000 20520
1016.000 18312
1017.000 18846
1018.000 17170
1019.000 20182
1020.000 21324
1021.000 20740
1022.000 20468
1023.000 16028
1024.000 18250
1025.000 17062
1026.000 18018
1027.000 17914
1028.000 18664
1029.000 19910
1030.000 20182
1031.000 17806
1032.000 17632
1033.000 16986
1034.000 19772
1035.000 19788
1036.000 18942
1037.000 19308
1038.000 16890
1039.000 20070
1040.000 19308
1041.000 20476
1042.000 17738
1043.000 20258
1044.000 27830
1045.000 21586
1046.000 17350
1047.000 19364
1048.000 19466
1049.000 17478
1050.000 18614
1051.000 19406
1052.000 22490
1053.000 29884
1054.000 16878
1055.000 14196
1056.000 17104
1057.000 20926
1058.000 18008
1059.000 17666
1060.000 21052
1061.000 18490
1062.000 29770
1063.000 28234
1064.000 18688
1065.000 20184
1066.000 17038
1067.000 17322
1068.000 17762
1069.000 17562
1070.000 17812
1071.000 17062
1072.000 19298
1073.000 21856
1074.000 20922
1075.000 20764
1076.000 18020
1077.000 20270
1078.000 22554
1079.000 21146
1080.000 19504
1081.000 19148
1082.000 19712
1083.000 18738
1084.000 16330
1085.000 18236
1086.000 20214
1087.000 19876
1088.000 18806
1089.000 20058
1090.000 17532
1091.000 20260
1092.000 17680
1093.000 16327
1094.000 17574
1095.000 20354
1096.000 17912
1097.000 19034
1098.000 18062
1099.000 17532
1100.000 20586
1101.000 20078
1102.000 24488
1103.000 23560
1104.000 18110
1105.000 18092
1106.000 23946
1107.000 14400
1108.000 19772
1109.000 17682
1110.000 18940
1111.000 19058
1112.000 17710
1113.000 19764
1114.000 16528
1115.000 16303
1116.000 16478
1117.000 17760
1118.000 17684
1119.000 17582
1120.000 15994
1121.000 17518
1122.000 18772
1123.000 19758
1124.000 18434
1125.000 21038
1126.000 19346
1127.000 19784
1128.000 18856
1129.000 18676
1130.000 20700
1131.000 19316
1132.000 21852
1133.000 19602
1134.000 21510
1135.000 19170
1136.000 17646
1137.000 16056
1138.000 19872
1139.000 33502
1140.000 20036
1141.000 21246
1142.000 19878
1143.000 19778
1144.000 19850
1145.000 18858
1146.000 22156
1147.000 19214
1148.000 15200
1149.000 16914
1150.000 19978
1151.000 17724
1152.000 19000
1153.000 20062
1154.000 20836
1155.000 19398
1156.000 19484
1157.000 20082
1158.000 18168
1159.000 20234
1160.000 19608
1161.000 21998
1162.000 19626
1163.000 19842
1164.000 23346
1165.000 16930
1166.000 17500
1167.000 17960
1168.000 17050
1169.000 14856
1170.000 19606
1171.000 17624
1172.000 17682
1173.000 15972
1174.000 17894
1175.000 17290
1176.000 14726
1177.000 16320
1178.000 17116
1179.000 19874
1180.000 21434
1181.000 20300
1182.000 19680
1183.000 20082
1184.000 21332
1185.000 20990
1186.000 17124
1187.000 15902
1188.000 31795
1189.000 17566
1190.000 18452
1191.000 16302
1192.000 18316
1193.000 20398
1194.000 21390
1195.000 32160
1196.000 20796
1197.000 18614
1198.000 21796
1199.000 19512
1200.000 20566
1201.000 19678
1202.000 20560
1203.000 19762
1204.000 19062
1205.000 16091
1206.000 19720
1207.000 20444
1208.000 24310
1209.000 35696
1210.000 17902
1211.000 17544
1212.000 17720
1213.000 15252
1214.000 18410
1215.000 20648
1216.000 16886
1217.000 19854
1218.000 16700
1219.000 15878
1220.000 15296
1221.000 17272
1222.000 19916
1223.000 21276
1224.000 19886
1225.000 18140
1226.000 17548
1227.000 19692
1228.000 20854
1229.000 20304
1230.000 17210
1231.000 20502
1232.000 18968
1233.000 21764
1234.000 19992
1235.000 17046
1236.000 41108
1237.000 17920
1238.000 19436
1239.000 20248
1240.000 16828
1241.000 17674
1242.000 21694
1243.000 18754
1244.000 17836
1245.000 19554
1246.000 16190
1247.000 37434
1248.000 18364
1249.000 17488
1250.000 19838
1251.000 16526
1252.000 20556
1253.000 19382
1254.000 19698
1255.000 19270
1256.000 22732
1257.000 21010
1258.000 20044
1259.000 21496
1260.000 19748
1261.000 19362
1262.000 19396
1263.000 22366
1264.000 20148
1265.000 21010
1266.000 21768
1267.000 21866
1268.000 18802
1269.000 19392
1270.000 23600
1271.000 31290
1272.000 21680
1273.000 22242
1274.000 21426
1275.000 19860
1276.000 18026
1277.000 19418
1278.000 21784
1279.000 22112
1280.000 18556
1281.000 15980
1282.000 19558
1283.000 21484
1284.000 20260
1285.000 18738
1286.000 23112
1287.000 18794
1288.000 27416
1289.000 13846
1290.000 14928
1291.000 15068
1292.000 16292
1293.000 18840
1294.000 18476
1295.000 16994
1296.000 20016
1297.000 16402
1298.000 18996
1299.000 15112
1300.000 16524
1301.000 18660
1302.000 18598
1303.000 20156
1304.000 17888
1305.000 21880
1306.000 29824
1307.000 16129
1308.000 19230
1309.000 19398
1310.000 17208
1311.000 20258
1312.000 17384
1313.000 17452
1314.000 14172
1315.000 17474
1316.000 15918
1317.000 19448
1318.000 18082
1319.000 16490
1320.000 15438
1321.000 14858
1322.000 15352
1323.000 14002
1324.000 14038
1325.000 13758
1326.000 15374
1327.000 13816
1328.000 14598
1329.000 14652
1330.000 13756
1331.000 19912
1332.000 16504
1333.000 17776
1334.000 18230
1335.000 16914
1336.000 19044
1337.000 17316
1338.000 20000
1339.000 19006
1340.000 22586
1341.000 20504
1342.000 19658
1343.000 19020
1344.000 20384
1345.000 25252
1346.000 36772
1347.000 27786
1348.000 18740
1349.000 20442
1350.000 16786
1351.000 18634
1352.000 18266
1353.000 19218
1354.000 18626
1355.000 19996
1356.000 18342
1357.000 21050
1358.000 20322
1359.000 18012
1360.000 20824
1361.000 19186
1362.000 20854
1363.000 18048
1364.000 19908
1365.000 20012
1366.000 18048
1367.000 19546
1368.000 19268
1369.000 16223
1370.000 25190
1371.000 20648
1372.000 18384
1373.000 18446
1374.000 20262
1375.000 18338
1376.000 38222
1377.000 19394
1378.000 20008
1379.000 16876
1380.000 19002
1381.000 18654
1382.000 17712
1383.000 17098
1384.000 21102
1385.000 31746
1386.000 19802
1387.000 17702
1388.000 18886
1389.000 38586
1390.000 18522
1391.000 18376
1392.000 19654
1393.000 15770
1394.000 19872
1395.000 28722
1396.000 16260
1397.000 15997
1398.000 18884
1399.000 17806
1400.000 22526
1401.000 38688
1402.000 18188
1403.000 20508
1404.000 20306
1405.000 18020
1406.000 19788
1407.000 19530
1408.000 37400
1409.000 20108
1410.000 20162
1411.000 21690
1412.000 23072
1413.000 20990
1414.000 20100
1415.000 20336
1416.000 19200
1417.000 19080
1418.000 19090
1419.000 19260
1420.000 18740
1421.000 20464
1422.000 18124
1423.000 18248
1424.000 20268
1425.000 19252
1426.000 16310
1427.000 17588
1428.000 21602
1429.000 19776
1430.000 20058
1431.000 21056
1432.000 20700
1433.000 18970
1434.000 20412
1435.000 17876
1436.000 19194
1437.000 17060
1438.000 18904
1439.000 17352
1440.000 15242
1441.000 19446
1442.000 17996
1443.000 21688
1444.000 18038
1445.000 22224
1446.000 29878
1447.000 16800
1448.000 19316
1449.000 18810
1450.000 18560
1451.000 18110
1452.000 31274
1453.000 20236
1454.000 20464
1455.000 19098
1456.000 19582
1457.000 18040
1458.000 20194
1459.000 16760
1460.000 17884
1461.000 22390
1462.000 22618
1463.000 20010
1464.000 18590
1465.000 20992
1466.000 18486
1467.000 18492
1468.000 22094
1469.000 17308
1470.000 15248
1471.000 16888
1472.000 17558
1473.000 21184
1474.000 15674
1475.000 14790
1476.000 20332
1477.000 17706
1478.000 20270
1479.000 16414
1480.000 20594
1481.000 16548
1482.000 15779
1483.000 18332
1484.000 19726
1485.000 19628
1486.000 16150
1487.000 17898
1488.000 20690
1489.000 20990
1490.000 23048
1491.000 23296
1492.000 22266
1493.000 18036
1494.000 18894
1495.000 20608
1496.000 18398
1497.000 22252
1498.000 19712
1499.000 21556
1500.000 20770
1501.000 38494
1502.000 19894
1503.000 20232
1504.000 21146
1505.000 17542
1506.000 17190
1507.000 17152
1508.000 17344
1509.000 17514
1510.000 17332
1511.000 15762
1512.000 19672
1513.000 21214
1514.000 20372
1515.000 21694
1516.000 20712
1517.000 19404
1518.000 19292
1519.000 15318
1520.000 17480
1521.000 14944
1522.000 19410
1523.000 18340
1524.000 18124
1525.000 20344
1526.000 18270
1527.000 14824
1528.000 18242
1529.000 18648
1530.000 20652
1531.000 20160
1532.000 16414
1533.000 18912
1534.000 18542
1535.000 15262
1536.000 16764
1537.000 17906
1538.000 17772
1539.000 19432
1540.000 18054
1541.000 19720
1542.000 19220
1543.000 17132
1544.000 21660
1545.000 18092
1546.000 19456
1547.000 17972
1548.000 18018
1549.000 20422
1550.000 20360
1551.000 21110
1552.000 20360
1553.000 17828
1554.000 18924
1555.000 14552
1556.000 21252
1557.000 20344
1558.000 18396
1559.000 18252
1560.000 17952
1561.000 21870
1562.000 17098
1563.000 19126
1564.000 19966
1565.000 19236
1566.000 17748
1567.000 17946
1568.000 20964
1569.000 17412
1570.000 19114
1571.000 16174
1572.000 17828
1573.000 16800
1574.000 19920
1575.000 18878
1576.000 18654
1577.000 17114
1578.000 16916
1579.000 17994
1580.000 15118
1581.000 16408
1582.000 19362
1583.000 17932
1584.000 19340
1585.000 18776
1586.000 20588
1587.000 21826
1588.000 40322
1589.000 21432
1590.000 22052
1591.000 20822
1592.000 21624
1593.000 21138
1594.000 19802
1595.000 19478
1596.000 20816
1597.000 21344
1598.000 23916
1599.000 21748
1600.000 21194
1601.000 19284
1602.000 21508
1603.000 21110
1604.000 21256
1605.000 20438
1606.000 21072
1607.000 19570
1608.000 18808
1609.000 16128
1610.000 16406
1611.000 16862
1612.000 21220
1613.000 20218
1614.000 31544
1615.000 18358
1616.000 18926
1617.000 17872
1618.000 19852
1619.000 17964
1620.000 18108
1621.000 20462
1622.000 17644
1623.000 18018
1624.000 15346
1625.000 17838
1626.000 19560
1627.000 19704
1628.000 16930
1629.000 20136
1630.000 21536
1631.000 29466
1632.000 17440
1633.000 17064
1634.000 18506
1635.000 16034
1636.000 17876
1637.000 34406
1638.000 24462
1639.000 21144
1640.000 20642
1641.000 17140
1642.000 18386
1643.000 16882
1644.000 15418
1645.000 15402
1646.000 15671
1647.000 14616
1648.000 14462
1649.000 14400
1650.000 15775
1651.000 13270
1652.000 14006
1653.000 18898
1654.000 16916
1655.000 16000
1656.000 20242
1657.000 17432
1658.000 14100
1659.000 13152
1660.000 13874
1661.000 15122
1662.000 15558
1663.000 13034
1664.000 15394
1665.000 17872
1666.000 21008
1667.000 17260
1668.000 20250
1669.000 19066
1670.000 20334
1671.000 21276
1672.000 17160
1673.000 17560
1674.000 20246
1675.000 20350
1676.000 18658
1677.000 17946
1678.000 17268
1679.000 19180
1680.000 20954
1681.000 19834
1682.000 14718
1683.000 14480
1684.000 15388
1685.000 17692
1686.000 19850
1687.000 19702
1688.000 15684
1689.000 15186
1690.000 16358
1691.000 19202
1692.000 16896
1693.000 16934
1694.000 17848
1695.000 18090
1696.000 19534
1697.000 23688
1698.000 28562
1699.000 15594
1700.000 21016
1701.000 18650
1702.000 19478
1703.000 16768
1704.000 17454
1705.000 16355
1706.000 13830
1707.000 14774
1708.000 13830
1709.000 13908
1710.000 15356
1711.000 14194
1712.000 15046
1713.000 15848
1714.000 19008
1715.000 17440
1716.000 16534
1717.000 18170
1718.000 18778
1719.000 19602
1720.000 19156
1721.000 21332
1722.000 19656
1723.000 16978
1724.000 18404
1725.000 19708
1726.000 17990
1727.000 19022
1728.000 18980
1729.000 21432
1730.000 20288
1731.000 19938
1732.000 21624
1733.000 18992
1734.000 21482
1735.000 18730
1736.000 21532
1737.000 33690
1738.000 24590
1739.000 18446
1740.000 19908
1741.000 22570
1742.000 16500
1743.000 15958
1744.000 17808
1745.000 18278
1746.000 16365
1747.000 15526
1748.000 16428
1749.000 19564
1750.000 18518
1751.000 15926
1752.000 17660
1753.000 19372
1754.000 17748
1755.000 19858
1756.000 17950
1757.000 20186
1758.000 25484
1759.000 14462
1760.000 29430
1761.000 40130
1762.000 22056
1763.000 20940
1764.000 20062
1765.000 38928
1766.000 19326
1767.000 20756
1768.000 18450
1769.000 20842
1770.000 19544
1771.000 21062
1772.000 17602
1773.000 19590
1774.000 16444
1775.000 14250
1776.000 16732
1777.000 18598
1778.000 20152
1779.000 18816
1780.000 21280
1781.000 18492
1782.000 18978
1783.000 20494
1784.000 19140
1785.000 19668
1786.000 17150
1787.000 20810
1788.000 18618
1789.000 20936
1790.000 21146
1791.000 19016
1792.000 18664
1793.000 18966
1794.000 22194
1795.000 19016
1796.000 20870
1797.000 18976
1798.000 17902
1799.000 20124
1800.000 19420
1801.000 21672
1802.000 16204
1803.000 16790
1804.000 17798
1805.000 19540
1806.000 17370
1807.000 18998
1808.000 19606
1809.000 19982
1810.000 21070
1811.000 20378
1812.000 19722
1813.000 19830
1814.000 21650
1815.000 21552
1816.000 21336
1817.000 20536
1818.000 18550
1819.000 16171
1820.000 16574
1821.000 20008
1822.000 18330
1823.000 19558
1824.000 16247
1825.000 16580
1826.000 19928
1827.000 17898
1828.000 16327
1829.000 16251
1830.000 19054
1831.000 31274
1832.000 19670
1833.000 18976
1834.000 18672
1835.000 20442
1836.000 18784
1837.000 18232
1838.000 17738
1839.000 20618
1840.000 15416
1841.000 17428
1842.000 21870
1843.000 16508
1844.000 17268
1845.000 18414
1846.000 21114
1847.000 20332
1848.000 28048
1849.000 22416
1850.000 39278
1851.000 19652
1852.000 19754
1853.000 20058
1854.000 21982
1855.000 19618
1856.000 22594
1857.000 19832
1858.000 19038
1859.000 18022
1860.000 19630
1861.000 20412
1862.000 21378
1863.000 19462
1864.000 21124
1865.000 18080
1866.000 19944
1867.000 21526
1868.000 18708
1869.000 17876
1870.000 18838
1871.000 29450
1872.000 20388
1873.000 20246
1874.000 19818
1875.000 16544
1876.000 18280
1877.000 18550
1878.000 19608
1879.000 19670
1880.000 22022
1881.000 17554
1882.000 19068
1883.000 18582
1884.000 17376
1885.000 17264
1886.000 21566
1887.000 22614
1888.000 18018
1889.000 18654
1890.000 18788
1891.000 18036
1892.000 14978
1893.000 19004
1894.000 17600
1895.000 18402
1896.000 19064
1897.000 16508
1898.000 19480
1899.000 16676
1900.000 18936
1901.000 25352
1902.000 17962
1903.000 36464
1904.000 19334
1905.000 15976
1906.000 17600
1907.000 17612
1908.000 18630
1909.000 19144
1910.000 16736
1911.000 13850
1912.000 14748
1913.000 17204
1914.000 20064
1915.000 20976
1916.000 15704
1917.000 18250
1918.000 22420
1919.000 18650
1920.000 20288
1921.000 20746
1922.000 19914
1923.000 21746
1924.000 16362
1925.000 15709
1926.000 15146
1927.000 13286
1928.000 13944
1929.000 13994
1930.000 16268
1931.000 21092
1932.000 16490
1933.000 17316
1934.000 20592
1935.000 18768
1936.000 17166
1937.000 17826
1938.000 15664
1939.000 15630
1940.000 14616
1941.000 14840
1942.000 17068
1943.000 19400
1944.000 21450
1945.000 14138
1946.000 13874
1947.000 28042
1948.000 14128
1949.000 14598
1950.000 15910
1951.000 16786
1952.000 17970
1953.000 16566
1954.000 19286
1955.000 19906
1956.000 19350
1957.000 20782
1958.000 18540
1959.000 14780
1960.000 18280
1961.000 18614
1962.000 19512
1963.000 14934
1964.000 14928
1965.000 19024
1966.000 20378
1967.000 16198
1968.000 29898
1969.000 33036
1970.000 18536
1971.000 18298
1972.000 19380
1973.000 16188
1974.000 19356
1975.000 18450
1976.000 14010
1977.000 14694
1978.000 13844
1979.000 13994
1980.000 14582
1981.000 14668
1982.000 14272
1983.000 17326
1984.000 16398
1985.000 18502
1986.000 19884
1987.000 14914
1988.000 14144
1989.000 13660
1990.000 14188
1991.000 15306
1992.000 15328
1993.000 13238
1994.000 14030
1995.000 21926
1996.000 19572
1997.000 17660
1998.000 18858
1999.000 18796
2000.000 17092
2001.000 15944
2002.000 15528
2003.000 17272
2004.000 20450
2005.000 20984
2006.000 15114
2007.000 18218
2008.000 14934
2009.000 17768
2010.000 14464
2011.000 14206
2012.000 17642
2013.000 20430
2014.000 16424
2015.000 18504
2016.000 16390
2017.000 18760
2018.000 16188
2019.000 17564
2020.000 19538
2021.000 20100
2022.000 17132
2023.000 20112
2024.000 16488
2025.000 14684
2026.000 19534
2027.000 15987
2028.000 17038
2029.000 18790
2030.000 19560
2031.000 17726
2032.000 17238
2033.000 15564
2034.000 14676
2035.000 17844
2036.000 16299
2037.000 17176
2038.000 18876
2039.000 17300
2040.000 17152
2041.000 14954
2042.000 15508
2043.000 20258
2044.000 18764
2045.000 21048
2046.000 15590
2047.000 14962
2048.000 17242
2049.000 15202
2050.000 15750
2051.000 19194
2052.000 16128
2053.000 17170
2054.000 15416
2055.000 15392
2056.000 17842
2057.000 18410
2058.000 19976
2059.000 15817
2060.000 19966
2061.000 16598
2062.000 15174
2063.000 16788
2064.000 15150
2065.000 18240
2066.000 20740
2067.000 20824
2068.000 15364
2069.000 18576
2070.000 20370
2071.000 20378
2072.000 18978
2073.000 19414
2074.000 18008
2075.000 20584
2076.000 13152
2077.000 15534
2078.000 13966
2079.000 14598
2080.000 15751
2081.000 14096
2082.000 15308
2083.000 14480
2084.000 14906
2085.000 13842
2086.000 13286
2087.000 14668
2088.000 14598
2089.000 13778
2090.000 14802
2091.000 13152
2092.000 25866
2093.000 14196
2094.000 14734
2095.000 13102
2096.000 15074
2097.000 14026
2098.000 13724
2099.000 15156
2100.000 13380
2101.000 17496
2102.000 18434
2103.000 20526
2104.000 14828
2105.000 18106
2106.000 16440
2107.000 15390
2108.000 14938
2109.000 13892
2110.000 13740
2111.000 15122
2112.000 14010
2113.000 13874
2114.000 15204
2115.000 13946
2116.000 13690
2117.000 14026
2118.000 14188
2119.000 13740
2120.000 13992
2121.000 13238
2122.000 13740
2123.000 14852
2124.000 13810
2125.000 14010
2126.000 14244
2127.000 13810
2128.000 13890
2129.000 14464
2130.000 14316
2131.000 14834
2132.000 14010
2133.000 13826
2134.000 13756
2135.000 13388
2136.000 15360
2137.000 14422
2138.000 16530
2139.000 17406
2140.000 15118
2141.000 20098
2142.000 18466
2143.000 18734
2144.000 15256
2145.000 18320
2146.000 19274
2147.000 20678
2148.000 20506
2149.000 17972
2150.000 18866
2151.000 20406
2152.000 20714
2153.000 20420
2154.000 19072
2155.000 18018
2156.000 19776
2157.000 15948
2158.000 14010
2159.000 13890
2160.000 13946
2161.000 14700
2162.000 14102
2163.000 14770
2164.000 13892
2165.000 13756
2166.000 14300
2167.000 15306
2168.000 14734
2169.000 13684
2170.000 15308
2171.000 13856
2172.000 14684
2173.000 13756
2174.000 14600
2175.000 13474
2176.000 13960
2177.000 13756
2178.000 14652
2179.000 13504
2180.000 14852
2181.000 14096
2182.000 15172
2183.000 9338
